=~=~=~=~=~=~=~=~=~=~=~= PuTTY log 2021.09.22 10:22:47 =~=~=~=~=~=~=~=~=~=~=~=
 0 0 0 0 0 0 0  0 0 0 0 0 0
-0.13 -0.02 1.23  -0.01 0.11 0.15 -1.02 0 0 0  0 0 0 0 0 0 0  0 0 0 0 0 0 0  0 0 0 0 0 0
-0.13 -0.02 1.22  0.18 -0.25 0.06 -1.10 0 0 0  0 0 0 0 0 0 0  0 0 0 0 0 0 0  0 0 0 0 0 0
-0.13 -0.02 1.23  0.34 -0.47 0.02 -1.11 0 0 0  0 0 0 0 0 0 0  0 0 0 0 0 0 0  0 0 0 0 0 0
-0.13 -0.02 1.23  0.48 -0.50 0.00 -1.09 0 0 0  0 0 0 0 0 0 0  0 0 0 0 0 0 0  0 0 0 0 0 0
-0.13 -0.02 1.23  0.57 -0.89 -0.01 -1.05 0 0 0  0 0 0 0 0 0 0  0 0 0 0 0 0 0  0 0 0 0 0 0
-0.12 -0.02 1.23  0.50 -0.72 0.02 -1.02 0 0 0  0 0 0 0 0 0 0  0 0 0 0 0 0 0  0 0 0 0 0 0
-0.12 -0.02 1.23  0.34 -0.46 0.14 -0.97 0 0 0  0 0 0 0 0 0 0  0 0 0 0 0 0 0  0 0 0 0 0 0
-0.12 -0.02 1.23  0.12 -0.13 0.31 -0.95 0 0 0  0 0 0 0 0 0 0  0 0 0 0 0 0 0  0 0 0 0 0 0
-0.12 -0.02 1.23  0.05 0.15 0.44 -0.95 0 0 0  0 0 0 0 0 0 0  0 0 0 0 0 0 0  0 0 0 0 0 0
-0.13 -0.02 1.22  0.18 0.19 0.48 -1.05 0 0 0  0 0 0 0 0 0 0  0 0 0 0 0 0 0  0 0 0 0 0 0
-0.13 -0.02 1.22  0.54 -0.14 0.44 -1.14 0 0 0  0 0 0 0 0 0 0  0 0 0 0 0 0 0  0 0 0 0 0 0
-0.13 -0.02 1.22  0.95 -0.32 0.51 -1.13 0 0 0  0 0 0 0 0 0 0  0 0 0 0 0 0 0  0 0 0 0 0 0
-0.13 -0.02 1.22  1.23 -0.20 0.57 -1.10 0 0 0  0 0 0 0 0 0 0  0 0 0 0 0 0 0  0 0 0 0 0 0
-0.13 -0.02 1.23  1.34 -0.51 0.57 -1.05 0 0 0  0 0 0 0 0 0 0  0 0 0 0 0 0 0  0 0 0 0 0 0
-0.13 -0.02 1.23  1.25 -0.76 0.59 -0.97 0 0 0  0 0 0 0 0 0 0  0 0 0 0 0 0 0  0 0 0 0 0 0
-0.13 -0.02 1.23  1.08 -0.76 0.56 -0.95 0 0 0  0 0 0 0 0 0 0  0 0 0 0 0 0 0  0 0 0 0 0 0
-0.13 -0.02 1.23  0.92 -0.88 0.60 -0.91 0 0 0  0 0 0 0 0 0 0  0 0 0 0 0 0 0  0 0 0 0 0 0
-0.13 -0.02 1.23  0.79 -1.21 0.59 -0.91 0 0 0  0 0 0 0 0 0 0  0 0 0 0 0 0 0  0 0 0 0 0 0
-0.12 -0.02 1.23  0.63 -0.85 0.64 -0.90 0 0 0  0 0 0 0 0 0 0  0 0 0 0 0 0 0  0 0 0 0 0 0
-0.13 -0.02 1.23  0.56 -0.69 0.67 -0.96 0 0 0  0 0 0 0 0 0 0  0 0 0 0 0 0 0  0 0 0 0 0 0
-0.13 -0.02 1.23  0.63 -0.81 0.65 -1.00 0 0 0  0 0 0 0 0 0 0  0 0 0 0 0 0 0  0 0 0 0 0 0
-0.13 -0.02 1.23  0.69 -0.38 0.65 -0.98 0 0 0  0 0 0 0 0 0 0  0 0 0 0 0 0 0  0 0 0 0 0 0
-0.13 -0.02 1.23  0.77 -0.06 0.65 -1.00 0 0 0  0 0 0 0 0 0 0  0 0 0 0 0 0 0  0 0 0 0 0 0
-0.13 -0.02 1.23  0.88 -0.57 0.54 -1.00 0 0 0  0 0 0 0 0 0 0  0 0 0 0 0 0 0  0 0 0 0 0 0
-0.13 -0.02 1.23  0.88 -0.94 0.46 -0.94 0 0 0  0 0 0 0 0 0 0  0 0 0 0 0 0 0  0 0 0 0 0 0
-0.13 -0.02 1.24  0.72 -0.77 0.43 -0.90 0 0 0  0 0 0 0 0 0 0  0 0 0 0 0 0 0  0 0 0 0 0 0
-0.13 -0.02 1.24  0.50 -0.57 0.37 -0.93 0 0 0  0 0 0 0 0 0 0  0 0 0 0 0 0 0  0 0 0 0 0 0
-0.13 -0.02 1.23  0.43 -0.76 0.27 -0.99 0 0 0  0 0 0 0 0 0 0  0 0 0 0 0 0 0  0 0 0 0 0 0
-0.13 -0.02 1.23  0.43 -0.86 0.22 -1.02 0 0 0  0 0 0 0 0 0 0  0 0 0 0 0 0 0  0 0 0 0 0 0
-0.13 -0.02 1.23  0.44 -0.60 0.22 -1.02 0 0 0  0 0 0 0 0 0 0  0 0 0 0 0 0 0  0 0 0 0 0 0
-0.13 -0.02 1.23  0.43 -0.31 0.26 -1.03 0 0 0  0 0 0 0 0 0 0  0 0 0 0 0 0 0  0 0 0 0 0 0
-0.13 -0.02 1.23  0.41 -0.15 0.25 -1.00 0 0 0  0 0 0 0 0 0 0  0 0 0 0 0 0 0  0 0 0 0 0 0
-0.13 -0.02 1.23  0.42 -0.41 0.19 -0.99 0 0 0  0 0 0 0 0 0 0  0 0 0 0 0 0 0  0 0 0 0 0 0
-0.13 -0.02 1.23  0.45 -0.27 0.15 -0.97 0 0 0  0 0 0 0 0 0 0  0 0 0 0 0 0 0  0 0 0 0 0 0
-0.13 -0.02 1.23  0.44 -0.03 0.10 -1.00 0 0 0  0 0 0 0 0 0 0  0 0 0 0 0 0 0  0 0 0 0 0 0
-0.13 -0.02 1.23  0.50 -0.18 0.02 -0.99 0 0 0  0 0 0 0 0 0 0  0 0 0 0 0 0 0  0 0 0 0 0 0
-0.13 -0.02 1.23  0.50 -0.31 -0.03 -0.96 0 0 0  0 0 0 0 0 0 0  0 0 0 0 0 0 0  0 0 0 0 0 0
-0.13 -0.01 1.23  0.43 -0.35 -0.04 -0.89 0 0 0  0 0 0 0 0 0 0  0 0 0 0 0 0 0  0 0 0 0 0 0
-0.13 -0.01 1.24  0.28 -0.16 0.01 -0.87 0 0 0  0 0 0 0 0 0 0  0 0 0 0 0 0 0  0 0 0 0 0 0
-0.13 -0.02 1.24  0.08 0.01 0.06 -0.87 0 0 0  0 0 0 0 0 0 0  0 0 0 0 0 0 0  0 0 0 0 0 0
-0.13 -0.02 1.23  -0.02 0.36 0.07 -0.88 0 0 0  0 0 0 0 0 0 0  0 0 0 0 0 0 0  0 0 0 0 0 0
-0.13 -0.02 1.23  -0.03 0.14 0.01 -0.89 0 0 0  0 0 0 0 0 0 0  0 0 0 0 0 0 0  0 0 0 0 0 0
-0.13 -0.02 1.23  0.01 -0.08 -0.07 -0.91 0 0 0  0 0 0 0 0 0 0  0 0 0 0 0 0 0  0 0 0 0 0 0
-0.13 -0.02 1.23  0.08 -0.22 -0.10 -0.94 0 0 0  0 0 0 0 0 0 0  0 0 0 0 0 0 0  0 0 0 0 0 0
-0.13 -0.02 1.23  0.10 -0.20 -0.09 -0.89 0 0 0  0 0 0 0 0 0 0  0 0 0 0 0 0 0  0 0 0 0 0 0
-0.12 -0.01 1.23  -0.02 0.27 0.02 -0.85 0 0 0  0 0 0 0 0 0 0  0 0 0 0 0 0 0  0 0 0 0 0 0
-0.12 -0.02 1.23  -0.13 0.61 0.14 -0.93 0 0 0  0 0 0 0 0 0 0  0 0 0 0 0 0 0  0 0 0 0 0 0
-0.13 -0.02 1.23  -0.08 0.22 0.19 -0.98 0 0 0  0 0 0 0 0 0 0  0 0 0 0 0 0 0  0 0 0 0 0 0
-0.13 -0.02 1.23  0.07 -0.67 0.12 -1.02 0 0 0  0 0 0 0 0 0 0  0 0 0 0 0 0 0  0 0 0 0 0 0
-0.13 -0.02 1.23  0.24 -1.08 0.12 -1.01 0 0 0  0 0 0 0 0 0 0  0 0 0 0 0 0 0  0 0 0 0 0 0
-0.12 -0.02 1.23  0.29 -0.49 0.25 -0.98 0 0 0  0 0 0 0 0 0 0  0 0 0 0 0 0 0  0 0 0 0 0 0
-0.13 -0.02 1.23  0.34 -0.24 0.33 -0.99 0 0 0  0 0 0 0 0 0 0  0 0 0 0 0 0 0  0 0 0 0 0 0
-0.13 -0.02 1.23  0.37 -0.54 0.31 -0.95 0 0 0  0 0 0 0 0 0 0  0 0 0 0 0 0 0  0 0 0 0 0 0
-0.13 -0.02 1.23  0.31 -0.73 0.32 -0.95 0 0 0  0 0 0 0 0 0 0  0 0 0 0 0 0 0  0 0 0 0 0 0
-0.12 -0.02 1.23  0.17 -0.65 0.35 -0.94 0 0 0  0 0 0 0 0 0 0  0 0 0 0 0 0 0  0 0 0 0 0 0
-0.13 -0.02 1.23  0.10 -0.59 0.35 -0.92 0 0 0  0 0 0 0 0 0 0  0 0 0 0 0 0 0  0 0 0 0 0 0
-0.13 -0.02 1.23  0.05 -0.44 0.35 -0.96 0 0 0  0 0 0 0 0 0 0  0 0 0 0 0 0 0  0 0 0 0 0 0
-0.13 -0.02 1.23  0.08 -0.28 0.41 -0.99 0 0 0  0 0 0 0 0 0 0  0 0 0 0 0 0 0  0 0 0 0 0 0
-0.12 -0.02 1.23  0.17 0.16 0.51 -1.04 0 0 0  0 0 0 0 0 0 0  0 0 0 0 0 0 0  0 0 0 0 0 0
-0.13 -0.02 1.23  0.15 0.61 0.59 -0.99 0 0 0  0 0 0 0 0 0 0  0 0 0 0 0 0 0  0 0 0 0 0 0
-0.12 -0.02 1.23  0.09 0.49 0.61 -1.00 0 0 0  0 0 0 0 0 0 0  0 0 0 0 0 0 0  0 0 0 0 0 0
-0.12 -0.02 1.24  -0.04 0.75 0.64 -0.95 0 0 0  0 0 0 0 0 0 0  0 0 0 0 0 0 0  0 0 0 0 0 0
-0.13 -0.02 1.23  -0.12 0.87 0.69 -0.94 0 0 0  0 0 0 0 0 0 0  0 0 0 0 0 0 0  0 0 0 0 0 0
-0.13 -0.02 1.23  -0.05 0.15 0.65 -1.02 0 0 0  0 0 0 0 0 0 0  0 0 0 0 0 0 0  0 0 0 0 0 0
-0.13 -0.02 1.23  0.09 -0.50 0.60 -1.07 0 0 0  0 0 0 0 0 0 0  0 0 0 0 0 0 0  0 0 0 0 0 0
-0.13 -0.02 1.23  0.24 -0.38 0.63 -1.04 0 0 0  0 0 0 0 0 0 0  0 0 0 0 0 0 0  0 0 0 0 0 0
-0.13 -0.02 1.23  0.39 -0.18 0.61 -1.03 0 0 0  0 0 0 0 0 0 0  0 0 0 0 0 0 0  0 0 0 0 0 0
-0.13 -0.02 1.23  0.56 -0.09 0.55 -1.01 0 0 0  0 0 0 0 0 0 0  0 0 0 0 0 0 0  0 0 0 0 0 0
-0.13 -0.02 1.23  0.61 -0.02 0.54 -0.94 0 0 0  0 0 0 0 0 0 0  0 0 0 0 0 0 0  0 0 0 0 0 0
-0.13 -0.02 1.23  0.55 -0.04 0.51 -0.94 0 0 0  0 0 0 0 0 0 0  0 0 0 0 0 0 0  0 0 0 0 0 0
-0.13 -0.02 1.24  0.41 -0.30 0.56 -0.89 0 0 0  0 0 0 0 0 0 0  0 0 0 0 0 0 0  0 0 0 0 0 0
-0.13 -0.02 1.24  0.23 -0.11 0.55 -0.88 0 0 0  0 0 0 0 0 0 0  0 0 0 0 0 0 0  0 0 0 0 0 0
-0.13 -0.02 1.23  0.11 -0.02 0.55 -0.90 0 0 0  0 0 0 0 0 0 0  0 0 0 0 0 0 0  0 0 0 0 0 0
-0.13 -0.02 1.23  0.08 -0.09 0.51 -0.99 0 0 0  0 0 0 0 0 0 0  0 0 0 0 0 0 0  0 0 0 0 0 0
-0.13 -0.02 1.23  0.16 -0.00 0.51 -1.02 0 0 0  0 0 0 0 0 0 0  0 0 0 0 0 0 0  0 0 0 0 0 0
-0.13 -0.02 1.23  0.26 0.25 0.52 -0.99 0 0 0  0 0 0 0 0 0 0  0 0 0 0 0 0 0  0 0 0 0 0 0
-0.13 -0.02 1.23  0.36 0.36 0.52 -0.97 0 0 0  0 0 0 0 0 0 0  0 0 0 0 0 0 0  0 0 0 0 0 0
-0.13 -0.02 1.23  0.40 0.62 0.55 -0.95 0 0 0  0 0 0 0 0 0 0  0 0 0 0 0 0 0  0 0 0 0 0 0
-0.13 -0.02 1.23  0.47 0.39 0.44 -1.02 0 0 0  0 0 0 0 0 0 0  0 0 0 0 0 0 0  0 0 0 0 0 0
-0.13 -0.02 1.23  0.52 -0.01 0.37 -1.05 0 0 0  0 0 0 0 0 0 0  0 0 0 0 0 0 0  0 0 0 0 0 0
-0.13 -0.02 1.23  0.56 -0.02 0.30 -1.01 0 0 0  0 0 0 0 0 0 0  0 0 0 0 0 0 0  0 0 0 0 0 0
-0.13 -0.02 1.23  0.59 0.02 0.25 -0.98 0 0 0  0 0 0 0 0 0 0  0 0 0 0 0 0 0  0 0 0 0 0 0
-0.13 -0.02 1.23  0.63 -0.22 0.19 -0.98 0 0 0  0 0 0 0 0 0 0  0 0 0 0 0 0 0  0 0 0 0 0 0
-0.13 -0.02 1.23  0.56 -0.31 0.15 -0.94 0 0 0  0 0 0 0 0 0 0  0 0 0 0 0 0 0  0 0 0 0 0 0
-0.13 -0.02 1.23  0.39 -0.01 0.18 -0.92 0 0 0  0 0 0 0 0 0 0  0 0 0 0 0 0 0  0 0 0 0 0 0
-0.13 -0.02 1.23  0.27 0.14 0.15 -0.93 0 0 0  0 0 0 0 0 0 0  0 0 0 0 0 0 0  0 0 0 0 0 0
-0.13 -0.02 1.23  0.18 -0.00 0.09 -0.91 0 0 0  0 0 0 0 0 0 0  0 0 0 0 0 0 0  0 0 0 0 0 0
-0.13 -0.02 1.23  0.20 -0.05 0.05 -0.94 0 0 0  0 0 0 0 0 0 0  0 0 0 0 0 0 0  0 0 0 0 0 0
-0.13 -0.02 1.23  0.29 -0.03 0.03 -0.95 0 0 0  0 0 0 0 0 0 0  0 0 0 0 0 0 0  0 0 0 0 0 0
-0.13 -0.02 1.23  0.41 0.04 0.02 -1.04 0 0 0  0 0 0 0 0 0 0  0 0 0 0 0 0 0  0 0 0 0 0 0
-0.13 -0.02 1.23  0.56 0.01 0.02 -1.00 0 0 0  0 0 0 0 0 0 0  0 0 0 0 0 0 0  0 0 0 0 0 0
-0.13 -0.02 1.23  0.68 -0.17 -0.01 -1.04 0 0 0  0 0 0 0 0 0 0  0 0 0 0 0 0 0  0 0 0 0 0 0
-0.13 -0.02 1.23  0.80 -0.51 -0.02 -0.97 0 0 0  0 0 0 0 0 0 0  0 0 0 0 0 0 0  0 0 0 0 0 0
-0.13 -0.02 1.23  0.76 -0.38 0.02 -0.95 0 0 0  0 0 0 0 0 0 0  0 0 0 0 0 0 0  0 0 0 0 0 0
-0.13 -0.02 1.23  0.62 -0.16 0.07 -0.90 0 0 0  0 0 0 0 0 0 0  0 0 0 0 0 0 0  0 0 0 0 0 0
-0.13 -0.02 1.23  0.53 0.26 0.15 -0.90 0 0 0  0 0 0 0 0 0 0  0 0 0 0 0 0 0  0 0 0 0 0 0
-0.13 -0.02 1.23  0.55 0.24 0.18 -0.95 0 0 0  0 0 0 0 0 0 0  0 0 0 0 0 0 0  0 0 0 0 0 0
-0.13 -0.02 1.23  0.56 -0.31 0.15 -0.96 0 0 0  0 0 0 0 0 0 0  0 0 0 0 0 0 0  0 0 0 0 0 0
-0.13 -0.02 1.23  0.48 -0.26 0.12 -0.93 0 0 0  0 0 0 0 0 0 0  0 0 0 0 0 0 0  0 0 0 0 0 0
-0.13 -0.02 1.23  0.43 -0.16 0.13 -0.91 0 0 0  0 0 0 0 0 0 0  0 0 0 0 0 0 0  0 0 0 0 0 0
-0.13 -0.02 1.23  0.48 -0.22 0.16 -0.96 0 0 0  0 0 0 0 0 0 0  0 0 0 0 0 0 0  0 0 0 0 0 0
-0.13 -0.02 1.23  0.56 -0.52 0.11 -0.98 0 0 0  0 0 0 0 0 0 0  0 0 0 0 0 0 0  0 0 0 0 0 0
-0.13 -0.02 1.23  0.56 -0.15 0.17 -0.97 0 0 0  0 0 0 0 0 0 0  0 0 0 0 0 0 0  0 0 0 0 0 0
-0.13 -0.02 1.24  0.55 0.67 0.24 -0.97 0 0 0  0 0 0 0 0 0 0  0 0 0 0 0 0 0  0 0 0 0 0 0
-0.13 -0.02 1.24  0.48 1.35 0.32 -0.92 0 0 0  0 0 0 0 0 0 0  0 0 0 0 0 0 0  0 0 0 0 0 0
-0.13 -0.02 1.24  0.43 1.19 0.34 -0.93 0 0 0  0 0 0 0 0 0 0  0 0 0 0 0 0 0  0 0 0 0 0 0
-0.13 -0.02 1.24  0.34 0.82 0.36 -0.95 0 0 0  0 0 0 0 0 0 0  0 0 0 0 0 0 0  0 0 0 0 0 0
-0.13 -0.02 1.23  0.30 0.59 0.37 -0.95 0 0 0  0 0 0 0 0 0 0  0 0 0 0 0 0 0  0 0 0 0 0 0
-0.13 -0.02 1.23  0.27 0.80 0.40 -0.95 0 0 0  0 0 0 0 0 0 0  0 0 0 0 0 0 0  0 0 0 0 0 0
-0.13 -0.02 1.23  0.39 0.57 0.31 -1.06 0 0 0  0 0 0 0 0 0 0  0 0 0 0 0 0 0  0 0 0 0 0 0
-0.13 -0.02 1.23  0.53 0.01 0.25 -1.07 0 0 0  0 0 0 0 0 0 0  0 0 0 0 0 0 0  0 0 0 0 0 0
-0.13 -0.02 1.23  0.61 -0.12 0.25 -0.97 0 0 0  0 0 0 0 0 0 0  0 0 0 0 0 0 0  0 0 0 0 0 0
-0.13 -0.02 1.23  0.56 0.31 0.35 -0.92 0 0 0  0 0 0 0 0 0 0  0 0 0 0 0 0 0  0 0 0 0 0 0
-0.13 -0.02 1.24  0.46 0.43 0.37 -0.90 0 0 0  0 0 0 0 0 0 0  0 0 0 0 0 0 0  0 0 0 0 0 0
-0.13 -0.01 1.24  0.30 0.16 0.34 -0.85 0 0 0  0 0 0 0 0 0 0  0 0 0 0 0 0 0  0 0 0 0 0 0
-0.13 -0.02 1.23  0.18 0.07 0.31 -0.90 0 0 0  0 0 0 0 0 0 0  0 0 0 0 0 0 0  0 0 0 0 0 0
-0.13 -0.02 1.23  0.20 -0.27 0.27 -0.93 0 0 0  0 0 0 0 0 0 0  0 0 0 0 0 0 0  0 0 0 0 0 0
-0.13 -0.02 1.23  0.24 -0.63 0.23 -0.93 0 0 0  0 0 0 0 0 0 0  0 0 0 0 0 0 0  0 0 0 0 0 0
-0.13 -0.02 1.23  0.23 -0.36 0.28 -0.92 0 0 0  0 0 0 0 0 0 0  0 0 0 0 0 0 0  0 0 0 0 0 0
-0.13 -0.02 1.23  0.18 -0.20 0.31 -0.95 0 0 0  0 0 0 0 0 0 0  0 0 0 0 0 0 0  0 0 0 0 0 0
-0.13 -0.02 1.23  0.14 -0.45 0.28 -0.93 0 0 0  0 0 0 0 0 0 0  0 0 0 0 0 0 0  0 0 0 0 0 0
-0.13 -0.02 1.23  0.08 -0.58 0.28 -0.92 0 0 0  0 0 0 0 0 0 0  0 0 0 0 0 0 0  0 0 0 0 0 0
-0.13 -0.02 1.23  0.04 -0.29 0.30 -0.90 0 0 0  0 0 0 0 0 0 0  0 0 0 0 0 0 0  0 0 0 0 0 0
-0.13 -0.02 1.23  0.03 0.09 0.31 -0.92 0 0 0  0 0 0 0 0 0 0  0 0 0 0 0 0 0  0 0 0 0 0 0
-0.13 -0.02 1.23  0.11 0.03 0.27 -0.94 0 0 0  0 0 0 0 0 0 0  0 0 0 0 0 0 0  0 0 0 0 0 0
-0.13 -0.02 1.23  0.18 0.22 0.29 -0.94 0 0 0  0 0 0 0 0 0 0  0 0 0 0 0 0 0  0 0 0 0 0 0
-0.13 -0.02 1.23  0.22 0.35 0.29 -0.93 0 0 0  0 0 0 0 0 0 0  0 0 0 0 0 0 0  0 0 0 0 0 0
-0.13 -0.02 1.23  0.29 0.05 0.25 -0.95 0 0 0  0 0 0 0 0 0 0  0 0 0 0 0 0 0  0 0 0 0 0 0
-0.13 -0.02 1.23  0.28 -0.03 0.21 -0.93 0 0 0  0 0 0 0 0 0 0  0 0 0 0 0 0 0  0 0 0 0 0 0
-0.13 -0.02 1.23  0.30 -0.23 0.21 -0.92 0 0 0  0 0 0 0 0 0 0  0 0 0 0 0 0 0  0 0 0 0 0 0
-0.13 -0.02 1.23  0.27 -0.22 0.22 -0.89 0 0 0  0 0 0 0 0 0 0  0 0 0 0 0 0 0  0 0 0 0 0 0
-0.13 -0.02 1.23  0.20 0.15 0.22 -0.90 0 0 0  0 0 0 0 0 0 0  0 0 0 0 0 0 0  0 0 0 0 0 0
-0.13 -0.02 1.23  0.25 -0.02 0.19 -0.97 0 0 0  0 0 0 0 0 0 0  0 0 0 0 0 0 0  0 0 0 0 0 0
-0.13 -0.02 1.23  0.38 -0.15 0.17 -0.94 0 0 0  0 0 0 0 0 0 0  0 0 0 0 0 0 0  0 0 0 0 0 0
-0.13 -0.02 1.23  0.35 0.15 0.25 -0.92 0 0 0  0 0 0 0 0 0 0  0 0 0 0 0 0 0  0 0 0 0 0 0
-0.13 -0.02 1.23  0.30 0.37 0.32 -0.93 0 0 0  0 0 0 0 0 0 0  0 0 0 0 0 0 0  0 0 0 0 0 0
-0.13 -0.02 1.23  0.27 0.11 0.35 -0.95 0 0 0  0 0 0 0 0 0 0  0 0 0 0 0 0 0  0 0 0 0 0 0
-0.13 -0.02 1.23  0.26 -0.28 0.31 -0.96 0 0 0  0 0 0 0 0 0 0  0 0 0 0 0 0 0  0 0 0 0 0 0
-0.13 -0.02 1.24  0.16 -0.31 0.30 -0.90 0 0 0  0 0 0 0 0 0 0  0 0 0 0 0 0 0  0 0 0 0 0 0
-0.13 -0.02 1.24  0.01 -0.08 0.33 -0.93 0 0 0  0 0 0 0 0 0 0  0 0 0 0 0 0 0  0 0 0 0 0 0
-0.13 -0.02 1.23  -0.02 -0.34 0.35 -0.95 0 0 0  0 0 0 0 0 0 0  0 0 0 0 0 0 0  0 0 0 0 0 0
-0.13 -0.02 1.23  0.01 -0.60 0.36 -0.98 0 0 0  0 0 0 0 0 0 0  0 0 0 0 0 0 0  0 0 0 0 0 0
-0.13 -0.02 1.23  0.05 -0.26 0.44 -1.01 0 0 0  0 0 0 0 0 0 0  0 0 0 0 0 0 0  0 0 0 0 0 0
-0.13 -0.02 1.23  0.18 -0.06 0.44 -1.03 0 0 0  0 0 0 0 0 0 0  0 0 0 0 0 0 0  0 0 0 0 0 0
-0.13 -0.02 1.23  0.37 -0.57 0.37 -1.01 0 0 0  0 0 0 0 0 0 0  0 0 0 0 0 0 0  0 0 0 0 0 0
-0.13 -0.02 1.23  0.53 -0.72 0.32 -1.02 0 0 0  0 0 0 0 0 0 0  0 0 0 0 0 0 0  0 0 0 0 0 0
-0.13 -0.02 1.24  0.53 -0.58 0.32 -0.92 0 0 0  0 0 0 0 0 0 0  0 0 0 0 0 0 0  0 0 0 0 0 0
-0.13 -0.01 1.24  0.33 -0.15 0.35 -0.86 0 0 0  0 0 0 0 0 0 0  0 0 0 0 0 0 0  0 0 0 0 0 0
-0.13 -0.02 1.24  0.09 -0.25 0.31 -0.89 0 0 0  0 0 0 0 0 0 0  0 0 0 0 0 0 0  0 0 0 0 0 0
-0.13 -0.02 1.24  -0.04 -0.54 0.25 -0.89 0 0 0  0 0 0 0 0 0 0  0 0 0 0 0 0 0  0 0 0 0 0 0
-0.13 -0.02 1.23  -0.10 -0.44 0.21 -0.91 0 0 0  0 0 0 0 0 0 0  0 0 0 0 0 0 0  0 0 0 0 0 0
-0.13 -0.02 1.23  -0.12 -0.31 0.22 -0.92 0 0 0  0 0 0 0 0 0 0  0 0 0 0 0 0 0  0 0 0 0 0 0
-0.13 -0.02 1.23  -0.15 -0.01 0.25 -0.90 0 0 0  0 0 0 0 0 0 0  0 0 0 0 0 0 0  0 0 0 0 0 0
-0.13 -0.02 1.23  -0.20 0.33 0.25 -0.91 0 0 0  0 0 0 0 0 0 0  0 0 0 0 0 0 0  0 0 0 0 0 0
-0.13 -0.02 1.23  -0.23 0.32 0.22 -0.96 0 0 0  0 0 0 0 0 0 0  0 0 0 0 0 0 0  0 0 0 0 0 0
-0.14 -0.02 1.23  -0.24 -0.11 0.06 -1.03 0 0 0  0 0 0 0 0 0 0  0 0 0 0 0 0 0  0 0 0 0 0 0
-0.14 -0.02 1.23  -0.23 -0.38 -0.05 -1.00 0 0 0  0 0 0 0 0 0 0  0 0 0 0 0 0 0  0 0 0 0 0 0
-0.13 -0.02 1.23  -0.22 -0.17 -0.13 -1.00 0 0 0  0 0 0 0 0 0 0  0 0 0 0 0 0 0  0 0 0 0 0 0
-0.13 -0.02 1.23  -0.12 -0.30 -0.21 -1.03 0 0 0  0 0 0 0 0 0 0  0 0 0 0 0 0 0  0 0 0 0 0 0
-0.13 -0.02 1.23  -0.05 -0.67 -0.17 -1.01 0 0 0  0 0 0 0 0 0 0  0 0 0 0 0 0 0  0 0 0 0 0 0
-0.13 -0.02 1.23  -0.16 -0.43 -0.13 -0.92 0 0 0  0 0 0 0 0 0 0  0 0 0 0 0 0 0  0 0 0 0 0 0
-0.13 -0.01 1.23  -0.34 -0.21 -0.07 -0.87 0 0 0  0 0 0 0 0 0 0  0 0 0 0 0 0 0  0 0 0 0 0 0
-0.13 -0.02 1.23  -0.46 -0.29 -0.06 -0.91 0 0 0  0 0 0 0 0 0 0  0 0 0 0 0 0 0  0 0 0 0 0 0
-0.13 -0.02 1.23  -0.56 -0.25 -0.06 -0.91 0 0 0  0 0 0 0 0 0 0  0 0 0 0 0 0 0  0 0 0 0 0 0
-0.13 -0.02 1.23  -0.65 0.04 -0.02 -0.98 0 0 0  0 0 0 0 0 0 0  0 0 0 0 0 0 0  0 0 0 0 0 0
-0.13 -0.02 1.23  -0.65 0.18 0.06 -0.95 0 0 0  0 0 0 0 0 0 0  0 0 0 0 0 0 0  0 0 0 0 0 0 0  0 0 0 0 0 0 0  0 0 0 0 0 0
-0.09 -0.01 1.25  -13.18 -4.28 -9.76 -0.34 0 0 0  0 0 0 0 0 0 0  0 0 0 0 0 0 0  0 0 0 0 0 0
-0.09 -0.00 1.24  -15.02 -4.93 -10.20 -0.30 0 0 0  0 0 0 0 0 0 0  0 0 0 0 0 0 0  0 0 0 0 0 0
-0.09 -0.01 1.23  -16.79 -4.48 -10.56 -0.45 0 0 0  0 0 0 0 0 0 0  0 0 0 0 0 0 0  0 0 0 0 0 0
-0.09 -0.01 1.20  -18.17 -4.76 -11.07 -0.76 0 0 0  0 0 0 0 0 0 0  0 0 0 0 0 0 0  0 0 0 0 0 0
-0.07 -0.01 1.19  -19.21 -4.90 -11.33 -0.79 0 0 0  0 0 0 0 0 0 0  0 0 0 0 0 0 0  0 0 0 0 0 0
-0.07 -0.01 1.19  -19.76 -4.36 -11.24 -0.84 0 0 0  0 0 0 0 0 0 0  0 0 0 0 0 0 0  0 0 0 0 0 0
-0.06 -0.01 1.19  -19.86 -4.96 -10.98 -0.76 0 0 0  0 0 0 0 0 0 0  0 0 0 0 0 0 0  0 0 0 0 0 0
-0.05 -0.00 1.18  -20.31 -3.96 -10.84 -0.34 0 0 0  0 0 0 0 0 0 0  0 0 0 0 0 0 0  0 0 0 0 0 0
-0.06 -0.01 1.17  -21.21 -0.11 -10.81 -0.46 0 0 0  0 0 0 0 0 0 0  0 0 0 0 0 0 0  0 0 0 0 0 0
-0.09 -0.02 1.15  -21.29 -2.00 -11.62 -1.11 0 0 0  0 0 0 0 0 0 0  0 0 0 0 0 0 0  0 0 0 0 0 0
-0.08 -0.02 1.13  -20.66 -8.12 -12.55 -1.19 0 0 0  0 0 0 0 0 0 0  0 0 0 0 0 0 0  0 0 0 0 0 0
-0.05 -0.02 1.13  -21.05 -9.46 -13.24 -1.02 0 0 0  0 0 0 0 0 0 0  0 0 0 0 0 0 0  0 0 0 0 0 0
-0.04 -0.02 1.13  -22.10 -8.06 -13.58 -1.01 0 0 0  0 0 0 0 0 0 0  0 0 0 0 0 0 0  0 0 0 0 0 0
-0.04 -0.01 1.12  -23.03 -7.34 -13.65 -0.82 0 0 0  0 0 0 0 0 0 0  0 0 0 0 0 0 0  0 0 0 0 0 0
-0.04 -0.01 1.11  -23.12 -9.09 -13.76 -0.78 0 0 0  0 0 0 0 0 0 0  0 0 0 0 0 0 0  0 0 0 0 0 0
-0.02 -0.02 1.08  -22.25 -11.15 -13.65 -1.09 0 0 0  0 0 0 0 0 0 0  0 0 0 0 0 0 0  0 0 0 0 0 0
-0.00 -0.02 1.05  -20.96 -10.79 -13.11 -1.26 0 0 0  0 0 0 0 0 0 0  0 0 0 0 0 0 0  0 0 0 0 0 0
-0.00 -0.02 1.04  -19.63 -9.32 -12.24 -1.43 0 0 0  0 0 0 0 0 0 0  0 0 0 0 0 0 0  0 0 0 0 0 0
0.01 -0.01 1.04  -18.28 -7.99 -11.30 -1.09 0 0 0  0 0 0 0 0 0 0  0 0 0 0 0 0 0  0 0 0 0 0 0
0.03 -0.01 1.04  -17.61 -4.56 -10.40 -0.79 0 0 0  0 0 0 0 0 0 0  0 0 0 0 0 0 0  0 0 0 0 0 0
0.01 -0.01 1.05  -16.98 -2.12 -9.91 -0.58 0 0 0  0 0 0 0 0 0 0  0 0 0 0 0 0 0  0 0 0 0 0 0
0.01 -0.01 1.05  -16.53 -1.82 -9.38 -0.48 0 0 0  0 0 0 0 0 0 0  0 0 0 0 0 0 0  0 0 0 0 0 0
0.02 -0.01 1.05  -16.44 -0.30 -8.52 -0.39 0 0 0  0 0 0 0 0 0 0  0 0 0 0 0 0 0  0 0 0 0 0 0
0.02 -0.00 1.04  -16.30 1.79 -7.76 -0.36 0 0 0  0 0 0 0 0 0 0  0 0 0 0 0 0 0  0 0 0 0 0 0
0.02 -0.01 1.02  -15.66 2.94 -7.22 -0.49 0 0 0  0 0 0 0 0 0 0  0 0 0 0 0 0 0  0 0 0 0 0 0
0.02 -0.01 1.00  -14.54 3.79 -6.81 -0.83 0 0 0  0 0 0 0 0 0 0  0 0 0 0 0 0 0  0 0 0 0 0 0
0.03 -0.01 0.98  -12.97 6.53 -6.52 -0.59 0 0 0  0 0 0 0 0 0 0  0 0 0 0 0 0 0  0 0 0 0 0 0
0.04 -0.01 0.97  -11.60 11.30 -5.98 -0.87 0 0 0  0 0 0 0 0 0 0  0 0 0 0 0 0 0  0 0 0 0 0 0
0.01 -0.02 0.97  -10.06 14.27 -5.54 -1.49 0 0 0  0 0 0 0 0 0 0  0 0 0 0 0 0 0  0 0 0 0 0 0
0.01 -0.03 0.97  -8.08 13.43 -5.70 -1.81 0 0 0  0 0 0 0 0 0 0  0 0 0 0 0 0 0  0 0 0 0 0 0
0.02 -0.02 0.97  -6.31 14.44 -6.20 -1.76 0 0 0  0 0 0 0 0 0 0  0 0 0 0 0 0 0  0 0 0 0 0 0
0.03 -0.02 0.97  -5.16 17.20 -6.46 -1.57 0 0 0  0 0 0 0 0 0 0  0 0 0 0 0 0 0  0 0 0 0 0 0
0.04 -0.02 0.97  -4.23 20.07 -6.43 -1.35 0 0 0  0 0 0 0 0 0 0  0 0 0 0 0 0 0  0 0 0 0 0 0
0.04 -0.01 0.98  -3.35 18.39 -6.24 -0.99 0 0 0  0 0 0 0 0 0 0  0 0 0 0 0 0 0  0 0 0 0 0 0
0.06 -0.01 1.00  -2.73 16.53 -5.88 -0.74 0 0 0  0 0 0 0 0 0 0  0 0 0 0 0 0 0  0 0 0 0 0 0
0.07 0.00 1.02  -3.01 14.82 -5.25 -0.09 0 0 0  0 0 0 0 0 0 0  0 0 0 0 0 0 0  0 0 0 0 0 0
0.07 0.00 1.04  -4.24 14.63 -4.42 0.24 0 0 0  0 0 0 0 0 0 0  0 0 0 0 0 0 0  0 0 0 0 0 0
0.08 0.01 1.06  -6.05 14.46 -3.69 0.81 0 0 0  0 0 0 0 0 0 0  0 0 0 0 0 0 0  0 0 0 0 0 0
0.08 0.02 1.05  -7.99 15.09 -3.14 1.05 0 0 0  0 0 0 0 0 0 0  0 0 0 0 0 0 0  0 0 0 0 0 0
0.08 0.01 1.04  -9.48 14.17 -2.36 0.84 0 0 0  0 0 0 0 0 0 0  0 0 0 0 0 0 0  0 0 0 0 0 0
0.08 0.01 1.02  -10.24 12.85 -1.55 0.61 0 0 0  0 0 0 0 0 0 0  0 0 0 0 0 0 0  0 0 0 0 0 0
0.07 0.00 1.00  -10.21 11.46 -0.84 0.34 0 0 0  0 0 0 0 0 0 0  0 0 0 0 0 0 0  0 0 0 0 0 0
0.06 -0.00 0.98  -9.47 7.85 -0.17 0.05 0 0 0  0 0 0 0 0 0 0  0 0 0 0 0 0 0  0 0 0 0 0 0
0.07 -0.00 0.97  -8.41 7.21 0.31 -0.16 0 0 0  0 0 0 0 0 0 0  0 0 0 0 0 0 0  0 0 0 0 0 0
0.07 -0.00 0.96  -7.15 7.73 0.87 -0.26 0 0 0  0 0 0 0 0 0 0  0 0 0 0 0 0 0  0 0 0 0 0 0
0.07 -0.01 0.95  -5.97 9.58 1.38 -0.40 0 0 0  0 0 0 0 0 0 0  0 0 0 0 0 0 0  0 0 0 0 0 0
0.06 -0.01 0.96  -4.79 11.05 1.96 -0.44 0 0 0  0 0 0 0 0 0 0  0 0 0 0 0 0 0  0 0 0 0 0 0
0.07 -0.00 0.96  -3.69 11.12 2.50 -0.30 0 0 0  0 0 0 0 0 0 0  0 0 0 0 0 0 0  0 0 0 0 0 0
0.07 -0.00 0.97  -2.86 11.41 3.21 -0.11 0 0 0  0 0 0 0 0 0 0  0 0 0 0 0 0 0  0 0 0 0 0 0
0.07 -0.00 0.98  -2.45 11.94 4.12 -0.03 0 0 0  0 0 0 0 0 0 0  0 0 0 0 0 0 0  0 0 0 0 0 0
0.05 -0.00 0.99  -2.24 11.24 4.85 -0.06 0 0 0  0 0 0 0 0 0 0  0 0 0 0 0 0 0  0 0 0 0 0 0
0.05 -0.00 0.99  -2.37 9.93 5.55 -0.07 0 0 0  0 0 0 0 0 0 0  0 0 0 0 0 0 0  0 0 0 0 0 0
0.06 0.00 0.99  -2.54 8.76 6.33 0.05 0 0 0  0 0 0 0 0 0 0  0 0 0 0 0 0 0  0 0 0 0 0 0
0.07 0.00 0.99  -2.81 8.14 7.18 0.18 0 0 0  0 0 0 0 0 0 0  0 0 0 0 0 0 0  0 0 0 0 0 0
0.06 0.00 0.99  -3.01 7.46 8.10 0.17 0 0 0  0 0 0 0 0 0 0  0 0 0 0 0 0 0  0 0 0 0 0 0
0.05 -0.00 0.98  -2.95 6.46 8.98 -0.01 0 0 0  0 0 0 0 0 0 0  0 0 0 0 0 0 0  0 0 0 0 0 0
0.03 -0.00 0.98  -3.02 5.96 9.62 -0.04 0 0 0  0 0 0 0 0 0 0  0 0 0 0 0 0 0  0 0 0 0 0 0
0.02 -0.00 0.99  -3.11 3.04 10.09 -0.16 0 0 0  0 0 0 0 0 0 0  0 0 0 0 0 0 0  0 0 0 0 0 0
0.04 -0.00 0.99  -3.33 1.45 10.62 -0.09 0 0 0  0 0 0 0 0 0 0  0 0 0 0 0 0 0  0 0 0 0 0 0
0.04 0.00 0.99  -3.85 0.75 11.28 0.16 0 0 0  0 0 0 0 0 0 0  0 0 0 0 0 0 0  0 0 0 0 0 0
0.03 0.00 1.00  -4.28 -0.96 12.09 0.20 0 0 0  0 0 0 0 0 0 0  0 0 0 0 0 0 0  0 0 0 0 0 0
0.01 0.00 1.00  -4.80 -4.00 12.86 0.06 0 0 0  0 0 0 0 0 0 0  0 0 0 0 0 0 0  0 0 0 0 0 0
0.01 -0.00 1.00  -5.38 -8.38 13.69 -0.18 0 0 0  0 0 0 0 0 0 0  0 0 0 0 0 0 0  0 0 0 0 0 0
0.02 -0.00 0.99  -5.96 -10.45 14.71 -0.26 0 0 0  0 0 0 0 0 0 0  0 0 0 0 0 0 0  0 0 0 0 0 0
0.01 -0.00 0.98  -6.61 -10.80 16.32 -0.20 0 0 0  0 0 0 0 0 0 0  0 0 0 0 0 0 0  0 0 0 0 0 0
-0.00 -0.00 0.99  -7.08 -14.42 17.83 -0.28 0 0 0  0 0 0 0 0 0 0  0 0 0 0 0 0 0  0 0 0 0 0 0
-0.02 -0.00 0.99  -7.98 -19.54 19.07 -0.26 0 0 0  0 0 0 0 0 0 0  0 0 0 0 0 0 0  0 0 0 0 0 0
-0.03 -0.00 1.01  -9.36 -24.86 20.99 -0.28 0 0 0  0 0 0 0 0 0 0  0 0 0 0 0 0 0  0 0 0 0 0 0
0.00 0.00 1.02  -11.65 -26.86 23.80 0.11 0 0 0  0 0 0 0 0 0 0  0 0 0 0 0 0 0  0 0 0 0 0 0
0.00 0.01 1.03  -14.43 -26.75 27.18 0.62 0 0 0  0 0 0 0 0 0 0  0 0 0 0 0 0 0  0 0 0 0 0 0
-0.01 0.01 1.01  -17.16 -28.19 30.69 0.52 0 0 0  0 0 0 0 0 0 0  0 0 0 0 0 0 0  0 0 0 0 0 0
-0.04 -0.02 0.98  -18.73 -31.99 33.92 -0.87 0 0 0  0 0 0 0 0 0 0  0 0 0 0 0 0 0  0 0 0 0 0 0
-0.03 -0.02 0.99  -20.11 -35.66 36.68 -1.34 0 0 0  0 0 0 0 0 0 0  0 0 0 0 0 0 0  0 0 0 0 0 0
-0.00 -0.01 1.02  -24.22 -29.53 40.11 -0.68 0 0 0  0 0 0 0 0 0 0  0 0 0 0 0 0 0  0 0 0 0 0 0
-0.00 -0.02 1.04  -30.89 -20.94 43.90 -1.15 0 0 0  0 0 0 0 0 0 0  0 0 0 0 0 0 0  0 0 0 0 0 0
-0.04 -0.04 1.03  -37.99 -17.26 47.44 -2.34 0 0 0  0 0 0 0 0 0 0  0 0 0 0 0 0 0  0 0 0 0 0 0
-0.09 -0.08 1.00  -44.80 -14.99 50.58 -5.12 0 0 0  0 0 0 0 0 0 0  0 0 0 0 0 0 0  0 0 0 0 0 0
-0.24 -0.16 0.98  -52.97 -17.75 57.70 -10.07 0 0 0  0 0 0 0 0 0 0  0 0 0 0 0 0 0  0 0 0 0 0 0
-0.14 -0.21 0.96  -59.23 1.52 61.77 -14.60 0 0 0  0 0 0 0 0 0 0  0 0 0 0 0 0 0  0 0 0 0 0 0
-0.17 -0.20 0.97  -65.89 9.78 63.88 -14.61 0 0 0  0 0 0 0 0 0 0  0 0 0 0 0 0 0  0 0 0 0 0 0
-0.12 -0.19 0.98  -70.55 9.80 65.25 -14.06 0 0 0  0 0 0 0 0 0 0  0 0 0 0 0 0 0  0 0 0 0 0 0
-0.02 -0.16 0.97  -75.02 16.27 65.09 -12.52 0 0 0  0 0 0 0 0 0 0  0 0 0 0 0 0 0  0 0 0 0 0 0
0.06 -0.16 0.91  -78.06 32.76 65.35 -12.76 0 0 0  0 0 0 0 0 0 0  0 0 0 0 0 0 0  0 0 0 0 0 0
0.13 -0.14 0.87  -77.06 53.56 66.20 -11.85 0 0 0  0 0 0 0 0 0 0  0 0 0 0 0 0 0  0 0 0 0 0 0
0.24 -0.02 0.75  -76.68 72.24 69.31 -3.75 0 0 0  0 0 0 0 0 0 0  0 0 0 0 0 0 0  0 0 0 0 0 0
0.21 0.13 0.53  -88.63 95.56 72.46 12.68 0 0 0  0 0 0 0 0 0 0  0 0 0 0 0 0 0  0 0 0 0 0 0
0.13 0.12 0.39  -103.92 99.30 76.87 19.59 0 0 0  0 0 0 0 0 0 0  0 0 0 0 0 0 0  0 0 0 0 0 0
0.15 0.16 0.31  -118.36 106.96 80.51 30.34 0 0 0  0 0 0 0 0 0 0  0 0 0 0 0 0 0  0 0 0 0 0 0
0.08 0.15 0.30  -129.36 124.36 76.70 32.28 0 0 0  0 0 0 0 0 0 0  0 0 0 0 0 0 0  0 0 0 0 0 0
-0.05 0.14 0.30  -133.72 129.77 66.83 31.48 0 0 0  0 0 0 0 0 0 0  0 0 0 0 0 0 0  0 0 0 0 0 0
-0.19 0.14 0.32  -130.06 112.76 54.30 30.42 0 0 0  0 0 0 0 0 0 0  0 0 0 0 0 0 0  0 0 0 0 0 0
-0.23 0.19 0.35  -120.53 82.04 41.67 34.31 0 0 0  0 0 0 0 0 0 0  0 0 0 0 0 0 0  0 0 0 0 0 0
-0.18 0.22 0.37  -106.41 56.27 31.15 37.85 0 0 0  0 0 0 0 0 0 0  0 0 0 0 0 0 0  0 0 0 0 0 0
-0.09 0.25 0.37  -91.19 50.64 23.88 41.15 0 0 0  0 0 0 0 0 0 0  0 0 0 0 0 0 0  0 0 0 0 0 0
-0.03 0.27 0.38  -76.05 64.25 18.55 43.43 0 0 0  0 0 0 0 0 0 0  0 0 0 0 0 0 0  0 0 0 0 0 0
-0.01 0.29 0.38  -60.18 88.80 14.41 46.19 0 0 0  0 0 0 0 0 0 0  0 0 0 0 0 0 0  0 0 0 0 0 0
-0.05 0.32 0.38  -44.08 117.27 11.74 49.69 0 0 0  0 0 0 0 0 0 0  0 0 0 0 0 0 0  0 0 0 0 0 0
-0.14 0.34 0.39  -24.52 139.18 9.49 51.31 0 0 0  0 0 0 0 0 0 0  0 0 0 0 0 0 0  0 0 0 0 0 0
-0.23 0.36 0.40  -3.93 142.69 7.68 52.63 0 0 0  0 0 0 0 0 0 0  0 0 0 0 0 0 0  0 0 0 0 0 0
-0.28 0.38 0.41  18.76 133.36 7.32 53.55 0 0 0  0 0 0 0 0 0 0  0 0 0 0 0 0 0  0 0 0 0 0 0
-0.24 0.39 0.43  41.59 119.17 8.09 52.82 0 0 0  0 0 0 0 0 0 0  0 0 0 0 0 0 0  0 0 0 0 0 0
-0.16 0.38 0.43  63.40 113.07 7.54 51.87 0 0 0  0 0 0 0 0 0 0  0 0 0 0 0 0 0  0 0 0 0 0 0
-0.10 0.37 0.43  84.09 116.79 5.01 50.82 0 0 0  0 0 0 0 0 0 0  0 0 0 0 0 0 0  0 0 0 0 0 0
-0.10 0.35 0.44  102.66 116.78 3.13 48.73 0 0 0  0 0 0 0 0 0 0  0 0 0 0 0 0 0  0 0 0 0 0 0
-0.12 0.34 0.45  120.59 108.12 2.10 46.47 0 0 0  0 0 0 0 0 0 0  0 0 0 0 0 0 0  0 0 0 0 0 0
-0.15 0.33 0.47  137.91 92.91 -0.46 44.48 0 0 0  0 0 0 0 0 0 0  0 0 0 0 0 0 0  0 0 0 0 0 0
-0.19 0.32 0.49  155.33 70.30 -5.99 42.42 0 0 0  0 0 0 0 0 0 0  0 0 0 0 0 0 0  0 0 0 0 0 0
-0.22 0.31 0.50  173.72 37.31 -13.99 40.31 0 0 0  0 0 0 0 0 0 0  0 0 0 0 0 0 0  0 0 0 0 0 0
-0.23 0.28 0.49  190.82 2.99 -21.14 38.15 0 0 0  0 0 0 0 0 0 0  0 0 0 0 0 0 0  0 0 0 0 0 0
-0.21 0.26 0.48  204.18 -22.41 -25.64 36.03 0 0 0  0 0 0 0 0 0 0  0 0 0 0 0 0 0  0 0 0 0 0 0
-0.19 0.24 0.48  214.63 -38.80 -28.98 33.93 0 0 0  0 0 0 0 0 0 0  0 0 0 0 0 0 0  0 0 0 0 0 0
-0.16 0.20 0.52  219.54 -48.15 -31.01 28.04 0 0 0  0 0 0 0 0 0 0  0 0 0 0 0 0 0  0 0 0 0 0 0
-0.10 0.11 0.54  221.10 -49.37 -28.01 17.21 0 0 0  0 0 0 0 0 0 0  0 0 0 0 0 0 0  0 0 0 0 0 0
-0.05 0.03 0.55  220.50 -49.53 -18.07 6.40 0 0 0  0 0 0 0 0 0 0  0 0 0 0 0 0 0  0 0 0 0 0 0
-0.03 -0.05 0.60  217.06 -53.09 -3.29 -3.25 0 0 0  0 0 0 0 0 0 0  0 0 0 0 0 0 0  0 0 0 0 0 0
-0.05 -0.12 0.63  212.90 -53.62 10.25 -11.00 0 0 0  0 0 0 0 0 0 0  0 0 0 0 0 0 0  0 0 0 0 0 0
-0.09 -0.14 0.66  208.23 -60.37 18.31 -13.68 0 0 0  0 0 0 0 0 0 0  0 0 0 0 0 0 0  0 0 0 0 0 0
-0.10 -0.12 0.78  198.39 -77.83 19.56 -11.45 0 0 0  0 0 0 0 0 0 0  0 0 0 0 0 0 0  0 0 0 0 0 0
-0.05 -0.05 0.86  176.54 -92.70 16.06 -5.24 0 0 0  0 0 0 0 0 0 0  0 0 0 0 0 0 0  0 0 0 0 0 0
0.05 0.10 0.95  139.47 -100.22 12.17 4.88 0 0 0  0 0 0 0 0 0 0  0 0 0 0 0 0 0  0 0 0 0 0 0
0.12 0.22 1.02  93.42 -88.74 12.46 13.44 0 0 0  0 0 0 0 0 0 0  0 0 0 0 0 0 0  0 0 0 0 0 0
0.08 0.36 1.05  36.33 -75.24 13.80 21.71 0 0 0  0 0 0 0 0 0 0  0 0 0 0 0 0 0  0 0 0 0 0 0
0.19 0.31 1.21  -13.14 -68.38 13.43 18.63 0 0 0  0 0 0 0 0 0 0  0 0 0 0 0 0 0  0 0 0 0 0 0
0.54 -0.26 1.59  -23.75 -44.46 8.72 -5.74 0 0 0  0 0 0 0 0 0 0  0 0 0 0 0 0 0  0 0 0 0 0 0
0.46 -0.30 1.61  -31.07 22.94 -1.30 -11.80 0 0 0  0 0 0 0 0 0 0  0 0 0 0 0 0 0  0 0 0 0 0 0
0.37 0.06 1.44  -55.16 17.13 -9.27 -0.18 0 0 0  0 0 0 0 0 0 0  0 0 0 0 0 0 0  0 0 0 0 0 0
0.42 0.05 1.26  -77.19 30.14 -4.26 2.05 0 0 0  0 0 0 0 0 0 0  0 0 0 0 0 0 0  0 0 0 0 0 0
0.12 0.04 1.05  -85.61 42.15 1.52 2.64 0 0 0  0 0 0 0 0 0 0  0 0 0 0 0 0 0  0 0 0 0 0 0
-0.11 -0.07 0.96  -82.46 13.13 1.06 -3.85 0 0 0  0 0 0 0 0 0 0  0 0 0 0 0 0 0  0 0 0 0 0 0
-0.08 -0.09 0.91  -69.66 -30.09 -3.18 -6.35 0 0 0  0 0 0 0 0 0 0  0 0 0 0 0 0 0  0 0 0 0 0 0
0.01 -0.01 0.86  -59.80 -53.09 -3.65 -2.00 0 0 0  0 0 0 0 0 0 0  0 0 0 0 0 0 0  0 0 0 0 0 0
0.14 -0.03 0.87  -51.93 -53.17 -2.87 -2.19 0 0 0  0 0 0 0 0 0 0  0 0 0 0 0 0 0  0 0 0 0 0 0
0.24 -0.00 0.88  -46.15 -28.75 -2.14 -0.61 0 0 0  0 0 0 0 0 0 0  0 0 0 0 0 0 0  0 0 0 0 0 0
0.24 0.01 0.88  -42.92 -3.46 -1.11 0.24 0 0 0  0 0 0 0 0 0 0  0 0 0 0 0 0 0  0 0 0 0 0 0
0.14 -0.02 0.90  -38.03 4.56 -0.64 -1.23 0 0 0  0 0 0 0 0 0 0  0 0 0 0 0 0 0  0 0 0 0 0 0
0.08 -0.03 0.92  -30.78 -9.46 -0.81 -1.95 0 0 0  0 0 0 0 0 0 0  0 0 0 0 0 0 0  0 0 0 0 0 0
0.14 -0.01 0.92  -24.99 -21.47 -1.00 -0.88 0 0 0  0 0 0 0 0 0 0  0 0 0 0 0 0 0  0 0 0 0 0 0
0.20 -0.01 0.93  -22.22 -16.76 0.38 -0.81 0 0 0  0 0 0 0 0 0 0  0 0 0 0 0 0 0  0 0 0 0 0 0
0.15 -0.01 0.95  -20.62 -6.83 2.04 -1.00 0 0 0  0 0 0 0 0 0 0  0 0 0 0 0 0 0  0 0 0 0 0 0
0.09 -0.01 0.98  -18.52 -9.49 2.54 -0.52 0 0 0  0 0 0 0 0 0 0  0 0 0 0 0 0 0  0 0 0 0 0 0
0.07 0.01 1.01  -16.42 -23.87 2.31 0.20 0 0 0  0 0 0 0 0 0 0  0 0 0 0 0 0 0  0 0 0 0 0 0
0.11 0.02 1.03  -15.49 -36.65 2.03 1.08 0 0 0  0 0 0 0 0 0 0  0 0 0 0 0 0 0  0 0 0 0 0 0
0.15 0.04 1.04  -15.86 -41.78 2.07 2.34 0 0 0  0 0 0 0 0 0 0  0 0 0 0 0 0 0  0 0 0 0 0 0
0.18 0.05 1.02  -17.50 -38.17 2.45 3.50 0 0 0  0 0 0 0 0 0 0  0 0 0 0 0 0 0  0 0 0 0 0 0
0.20 0.05 1.00  -19.83 -29.24 3.62 3.70 0 0 0  0 0 0 0 0 0 0  0 0 0 0 0 0 0  0 0 0 0 0 0
0.17 0.04 0.99  -21.66 -21.96 4.70 3.21 0 0 0  0 0 0 0 0 0 0  0 0 0 0 0 0 0  0 0 0 0 0 0
0.13 0.04 0.99  -22.65 -24.12 5.14 3.09 0 0 0  0 0 0 0 0 0 0  0 0 0 0 0 0 0  0 0 0 0 0 0
0.14 0.04 0.98  -23.96 -25.14 5.57 2.90 0 0 0  0 0 0 0 0 0 0  0 0 0 0 0 0 0  0 0 0 0 0 0
0.13 0.03 0.97  -25.73 -22.86 6.37 2.55 0 0 0  0 0 0 0 0 0 0  0 0 0 0 0 0 0  0 0 0 0 0 0
0.10 0.02 0.96  -27.40 -22.57 7.09 1.92 0 0 0  0 0 0 0 0 0 0  0 0 0 0 0 0 0  0 0 0 0 0 0
0.08 0.03 0.97  -29.27 -27.42 7.28 1.95 0 0 0  0 0 0 0 0 0 0  0 0 0 0 0 0 0  0 0 0 0 0 0
0.10 0.04 0.97  -31.50 -34.21 7.35 2.57 0 0 0  0 0 0 0 0 0 0  0 0 0 0 0 0 0  0 0 0 0 0 0
0.10 0.05 0.96  -34.31 -37.96 7.59 3.22 0 0 0  0 0 0 0 0 0 0  0 0 0 0 0 0 0  0 0 0 0 0 0
0.10 0.05 0.93  -37.05 -40.91 7.97 3.51 0 0 0  0 0 0 0 0 0 0  0 0 0 0 0 0 0  0 0 0 0 0 0
0.10 0.04 0.90  -39.69 -41.71 8.48 2.97 0 0 0  0 0 0 0 0 0 0  0 0 0 0 0 0 0  0 0 0 0 0 0
0.09 0.03 0.87  -42.24 -38.89 9.39 2.38 0 0 0  0 0 0 0 0 0 0  0 0 0 0 0 0 0  0 0 0 0 0 0
0.11 0.02 0.83  -44.43 -33.96 10.35 1.61 0 0 0  0 0 0 0 0 0 0  0 0 0 0 0 0 0  0 0 0 0 0 0
0.10 0.01 0.82  -46.47 -28.95 11.14 0.95 0 0 0  0 0 0 0 0 0 0  0 0 0 0 0 0 0  0 0 0 0 0 0
0.10 0.01 0.82  -48.83 -28.14 13.99 0.92 0 0 0  0 0 0 0 0 0 0  0 0 0 0 0 0 0  0 0 0 0 0 0
0.10 0.00 0.82  -52.18 -25.87 16.31 0.20 0 0 0  0 0 0 0 0 0 0  0 0 0 0 0 0 0  0 0 0 0 0 0
0.08 -0.01 0.84  -56.56 -26.21 18.34 -0.38 0 0 0  0 0 0 0 0 0 0  0 0 0 0 0 0 0  0 0 0 0 0 0
0.07 -0.02 0.84  -61.86 -31.34 20.67 -1.38 0 0 0  0 0 0 0 0 0 0  0 0 0 0 0 0 0  0 0 0 0 0 0
0.09 -0.07 0.84  -69.39 -30.18 24.44 -5.05 0 0 0  0 0 0 0 0 0 0  0 0 0 0 0 0 0  0 0 0 0 0 0
0.02 -0.11 0.86  -78.12 -26.15 26.16 -8.52 0 0 0  0 0 0 0 0 0 0  0 0 0 0 0 0 0  0 0 0 0 0 0
-0.04 -0.13 0.89  -88.20 -25.89 26.86 -9.80 0 0 0  0 0 0 0 0 0 0  0 0 0 0 0 0 0  0 0 0 0 0 0
-0.09 -0.15 0.91  -99.09 -23.31 26.32 -11.34 0 0 0  0 0 0 0 0 0 0  0 0 0 0 0 0 0  0 0 0 0 0 0
-0.14 -0.19 0.92  -110.60 -22.00 22.89 -13.74 0 0 0  0 0 0 0 0 0 0  0 0 0 0 0 0 0  0 0 0 0 0 0
-0.21 -0.25 0.94  -120.59 -25.84 14.44 -17.68 0 0 0  0 0 0 0 0 0 0  0 0 0 0 0 0 0  0 0 0 0 0 0
-0.30 -0.34 0.93  -125.28 -40.07 -0.85 -23.67 0 0 0  0 0 0 0 0 0 0  0 0 0 0 0 0 0  0 0 0 0 0 0
-0.31 -0.43 1.01  -122.40 -82.99 -19.47 -27.65 0 0 0  0 0 0 0 0 0 0  0 0 0 0 0 0 0  0 0 0 0 0 0
-0.06 -0.36 0.90  -113.18 -114.80 -32.97 -27.52 0 0 0  0 0 0 0 0 0 0  0 0 0 0 0 0 0  0 0 0 0 0 0
0.23 -0.09 0.47  -90.95 -144.86 -39.17 -16.41 0 0 0  0 0 0 0 0 0 0  0 0 0 0 0 0 0  0 0 0 0 0 0
0.40 0.27 0.21  -82.34 -125.74 -35.10 48.87 0 0 0  0 0 0 0 0 0 0  0 0 0 0 0 0 0  0 0 0 0 0 0
0.38 0.16 0.35  -75.44 -73.93 -32.95 34.45 0 0 0  0 0 0 0 0 0 0  0 0 0 0 0 0 0  0 0 0 0 0 0
0.35 0.12 0.44  -44.87 -16.92 -33.84 22.54 0 0 0  0 0 0 0 0 0 0  0 0 0 0 0 0 0  0 0 0 0 0 0
0.14 0.25 0.46  -16.80 25.65 -36.31 33.26 0 0 0  0 0 0 0 0 0 0  0 0 0 0 0 0 0  0 0 0 0 0 0
-0.08 0.31 0.52  16.00 28.49 -37.38 37.06 0 0 0  0 0 0 0 0 0 0  0 0 0 0 0 0 0  0 0 0 0 0 0
-0.17 0.34 0.54  53.36 5.89 -37.91 39.72 0 0 0  0 0 0 0 0 0 0  0 0 0 0 0 0 0  0 0 0 0 0 0
-0.10 0.41 0.50  86.33 -14.40 -38.14 47.47 0 0 0  0 0 0 0 0 0 0  0 0 0 0 0 0 0  0 0 0 0 0 0
0.05 0.45 0.46  113.81 -6.18 -38.58 54.25 0 0 0  0 0 0 0 0 0 0  0 0 0 0 0 0 0  0 0 0 0 0 0
0.11 0.45 0.46  134.79 24.61 -40.08 55.39 0 0 0  0 0 0 0 0 0 0  0 0 0 0 0 0 0  0 0 0 0 0 0
0.07 0.42 0.46  155.60 58.24 -41.31 53.46 0 0 0  0 0 0 0 0 0 0  0 0 0 0 0 0 0  0 0 0 0 0 0
-0.03 0.36 0.47  176.88 74.44 -38.91 48.74 0 0 0  0 0 0 0 0 0 0  0 0 0 0 0 0 0  0 0 0 0 0 0
-0.13 0.28 0.47  201.19 69.51 -32.42 40.88 0 0 0  0 0 0 0 0 0 0  0 0 0 0 0 0 0  0 0 0 0 0 0
-0.17 0.19 0.45  222.95 52.36 -27.17 31.60 0 0 0  0 0 0 0 0 0 0  0 0 0 0 0 0 0  0 0 0 0 0 0
-0.15 0.11 0.44  239.62 32.15 -23.69 20.15 0 0 0  0 0 0 0 0 0 0  0 0 0 0 0 0 0  0 0 0 0 0 0
-0.07 0.01 0.44  249.66 15.14 -18.92 5.07 0 0 0  0 0 0 0 0 0 0  0 0 0 0 0 0 0  0 0 0 0 0 0
0.01 -0.10 0.47  250.31 7.98 -11.80 -11.37 0 0 0  0 0 0 0 0 0 0  0 0 0 0 0 0 0  0 0 0 0 0 0
0.07 -0.21 0.52  249.45 14.42 -3.38 -23.72 0 0 0  0 0 0 0 0 0 0  0 0 0 0 0 0 0  0 0 0 0 0 0
0.09 -0.21 0.59  237.64 32.45 2.53 -24.58 0 0 0  0 0 0 0 0 0 0  0 0 0 0 0 0 0  0 0 0 0 0 0
0.05 -0.10 0.66  215.61 54.07 2.73 -13.36 0 0 0  0 0 0 0 0 0 0  0 0 0 0 0 0 0  0 0 0 0 0 0
-0.03 0.05 0.73  182.79 76.14 -2.95 1.00 0 0 0  0 0 0 0 0 0 0  0 0 0 0 0 0 0  0 0 0 0 0 0
-0.12 0.18 0.83  141.96 79.68 -11.49 12.73 0 0 0  0 0 0 0 0 0 0  0 0 0 0 0 0 0  0 0 0 0 0 0
-0.18 0.32 0.95  86.66 64.37 -16.07 20.94 0 0 0  0 0 0 0 0 0 0  0 0 0 0 0 0 0  0 0 0 0 0 0
-0.20 0.41 0.99  31.18 37.34 -16.97 26.77 0 0 0  0 0 0 0 0 0 0  0 0 0 0 0 0 0  0 0 0 0 0 0
-0.10 0.42 0.96  -22.71 12.44 -17.32 28.84 0 0 0  0 0 0 0 0 0 0  0 0 0 0 0 0 0  0 0 0 0 0 0
0.03 0.33 1.04  -68.99 6.82 -15.78 23.05 0 0 0  0 0 0 0 0 0 0  0 0 0 0 0 0 0  0 0 0 0 0 0
0.14 -0.23 1.49  -73.90 32.10 0.76 -4.24 0 0 0  0 0 0 0 0 0 0  0 0 0 0 0 0 0  0 0 0 0 0 0
0.13 -0.40 1.43  -61.26 135.45 12.44 -16.53 0 0 0  0 0 0 0 0 0 0  0 0 0 0 0 0 0  0 0 0 0 0 0
-0.30 0.00 1.21  -78.16 153.53 -1.72 -3.14 0 0 0  0 0 0 0 0 0 0  0 0 0 0 0 0 0  0 0 0 0 0 0
-0.34 -0.10 1.11  -92.79 77.87 -11.35 -5.61 0 0 0  0 0 0 0 0 0 0  0 0 0 0 0 0 0  0 0 0 0 0 0
-0.12 -0.18 0.88  -91.86 49.42 -11.67 -12.65 0 0 0  0 0 0 0 0 0 0  0 0 0 0 0 0 0  0 0 0 0 0 0
-0.15 -0.13 0.74  -83.73 30.11 -9.84 -12.19 0 0 0  0 0 0 0 0 0 0  0 0 0 0 0 0 0  0 0 0 0 0 0
-0.22 -0.16 0.77  -66.52 -7.89 -13.34 -14.27 0 0 0  0 0 0 0 0 0 0  0 0 0 0 0 0 0  0 0 0 0 0 0
-0.18 -0.11 0.86  -48.47 -49.03 -16.18 -10.34 0 0 0  0 0 0 0 0 0 0  0 0 0 0 0 0 0  0 0 0 0 0 0
0.00 -0.05 0.87  -37.34 -67.68 -15.87 -5.65 0 0 0  0 0 0 0 0 0 0  0 0 0 0 0 0 0  0 0 0 0 0 0
0.24 -0.02 0.88  -34.12 -30.22 -15.49 -2.12 0 0 0  0 0 0 0 0 0 0  0 0 0 0 0 0 0  0 0 0 0 0 0
0.21 0.01 0.94  -33.92 26.82 -12.61 0.11 0 0 0  0 0 0 0 0 0 0  0 0 0 0 0 0 0  0 0 0 0 0 0
0.05 -0.02 1.01  -32.32 44.65 -10.31 -1.04 0 0 0  0 0 0 0 0 0 0  0 0 0 0 0 0 0  0 0 0 0 0 0
-0.02 -0.03 1.07  -27.66 19.13 -10.66 -1.95 0 0 0  0 0 0 0 0 0 0  0 0 0 0 0 0 0  0 0 0 0 0 0
0.06 -0.00 1.07  -22.57 -14.61 -10.36 -0.59 0 0 0  0 0 0 0 0 0 0  0 0 0 0 0 0 0  0 0 0 0 0 0
0.20 0.03 1.04  -20.80 -22.18 -7.01 1.68 0 0 0  0 0 0 0 0 0 0  0 0 0 0 0 0 0  0 0 0 0 0 0
0.23 0.02 1.02  -22.68 -4.96 -2.09 1.62 0 0 0  0 0 0 0 0 0 0  0 0 0 0 0 0 0  0 0 0 0 0 0
0.15 0.00 1.01  -24.00 10.03 1.52 0.36 0 0 0  0 0 0 0 0 0 0  0 0 0 0 0 0 0  0 0 0 0 0 0
0.03 -0.02 1.00  -23.15 5.98 2.57 -1.01 0 0 0  0 0 0 0 0 0 0  0 0 0 0 0 0 0  0 0 0 0 0 0
0.00 -0.02 0.98  -20.10 -12.14 2.00 -1.62 0 0 0  0 0 0 0 0 0 0  0 0 0 0 0 0 0  0 0 0 0 0 0
0.05 -0.02 0.94  -16.04 -23.82 1.59 -1.28 0 0 0  0 0 0 0 0 0 0  0 0 0 0 0 0 0  0 0 0 0 0 0
0.10 -0.01 0.90  -12.23 -21.94 1.66 -0.65 0 0 0  0 0 0 0 0 0 0  0 0 0 0 0 0 0  0 0 0 0 0 0
0.11 -0.00 0.88  -8.73 -11.63 1.83 -0.38 0 0 0  0 0 0 0 0 0 0  0 0 0 0 0 0 0  0 0 0 0 0 0
0.09 -0.00 0.89  -5.02 -4.43 1.78 -0.09 0 0 0  0 0 0 0 0 0 0  0 0 0 0 0 0 0  0 0 0 0 0 0
0.09 -0.00 0.93  -1.87 -1.71 1.86 -0.03 0 0 0  0 0 0 0 0 0 0  0 0 0 0 0 0 0  0 0 0 0 0 0
0.08 0.01 0.98  -0.18 -2.96 1.86 0.65 0 0 0  0 0 0 0 0 0 0  0 0 0 0 0 0 0  0 0 0 0 0 0
0.06 0.01 1.04  0.35 -10.71 1.88 0.77 0 0 0  0 0 0 0 0 0 0  0 0 0 0 0 0 0  0 0 0 0 0 0
0.06 0.02 1.10  -2.52 -15.65 2.36 1.07 0 0 0  0 0 0 0 0 0 0  0 0 0 0 0 0 0  0 0 0 0 0 0
0.05 0.03 1.14  -7.69 -21.18 3.07 1.63 0 0 0  0 0 0 0 0 0 0  0 0 0 0 0 0 0  0 0 0 0 0 0
0.06 0.05 1.18  -14.33 -28.18 3.38 2.64 0 0 0  0 0 0 0 0 0 0  0 0 0 0 0 0 0  0 0 0 0 0 0
0.10 0.07 1.20  -22.88 -34.69 3.71 3.67 0 0 0  0 0 0 0 0 0 0  0 0 0 0 0 0 0  0 0 0 0 0 0
0.14 0.08 1.18  -31.28 -37.93 5.76 4.81 0 0 0  0 0 0 0 0 0 0  0 0 0 0 0 0 0  0 0 0 0 0 0
0.12 0.08 1.17  -40.41 -40.11 9.45 4.96 0 0 0  0 0 0 0 0 0 0  0 0 0 0 0 0 0  0 0 0 0 0 0
0.09 0.06 1.17  -49.66 -46.41 14.16 4.12 0 0 0  0 0 0 0 0 0 0  0 0 0 0 0 0 0  0 0 0 0 0 0
0.09 0.05 1.16  -59.15 -52.10 18.44 3.31 0 0 0  0 0 0 0 0 0 0  0 0 0 0 0 0 0  0 0 0 0 0 0
0.06 0.04 1.12  -69.61 -51.21 20.78 2.84 0 0 0  0 0 0 0 0 0 0  0 0 0 0 0 0 0  0 0 0 0 0 0
-0.01 0.01 1.05  -78.51 -48.31 19.77 1.35 0 0 0  0 0 0 0 0 0 0  0 0 0 0 0 0 0  0 0 0 0 0 0
-0.06 -0.02 0.94  -85.50 -47.18 15.83 -1.22 0 0 0  0 0 0 0 0 0 0  0 0 0 0 0 0 0  0 0 0 0 0 0
-0.13 -0.08 0.85  -90.68 -46.85 9.08 -5.48 0 0 0  0 0 0 0 0 0 0  0 0 0 0 0 0 0  0 0 0 0 0 0
-0.19 -0.18 0.83  -93.80 -50.52 -4.51 -13.57 0 0 0  0 0 0 0 0 0 0  0 0 0 0 0 0 0  0 0 0 0 0 0
-0.33 -0.26 0.80  -95.12 -72.93 -18.46 -20.49 0 0 0  0 0 0 0 0 0 0  0 0 0 0 0 0 0  0 0 0 0 0 0
-0.36 -0.28 0.73  -95.73 -90.97 -30.88 -24.94 0 0 0  0 0 0 0 0 0 0  0 0 0 0 0 0 0  0 0 0 0 0 0
-0.34 -0.26 0.63  -94.87 -97.96 -40.56 -27.58 0 0 0  0 0 0 0 0 0 0  0 0 0 0 0 0 0  0 0 0 0 0 0
-0.29 -0.24 0.58  -92.91 -101.51 -49.65 -28.43 0 0 0  0 0 0 0 0 0 0  0 0 0 0 0 0 0  0 0 0 0 0 0
-0.18 -0.20 0.54  -88.50 -98.01 -62.28 -26.21 0 0 0  0 0 0 0 0 0 0  0 0 0 0 0 0 0  0 0 0 0 0 0
-0.10 -0.06 0.50  -72.11 -100.67 -79.75 -12.05 0 0 0  0 0 0 0 0 0 0  0 0 0 0 0 0 0  0 0 0 0 0 0
-0.03 0.11 0.46  -46.50 -113.45 -97.72 11.31 0 0 0  0 0 0 0 0 0 0  0 0 0 0 0 0 0  0 0 0 0 0 0
-0.07 0.24 0.47  -18.02 -136.25 -114.81 29.69 0 0 0  0 0 0 0 0 0 0  0 0 0 0 0 0 0  0 0 0 0 0 0
-0.22 0.23 0.55  10.79 -166.93 -126.77 28.65 0 0 0  0 0 0 0 0 0 0  0 0 0 0 0 0 0  0 0 0 0 0 0
-0.27 0.23 0.54  39.01 -204.15 -131.60 28.30 0 0 0  0 0 0 0 0 0 0  0 0 0 0 0 0 0  0 0 0 0 0 0
-0.16 0.29 0.54  58.17 -225.12 -132.58 33.95 0 0 0  0 0 0 0 0 0 0  0 0 0 0 0 0 0  0 0 0 0 0 0
-0.01 0.31 0.57  69.27 -210.75 -132.53 35.13 0 0 0  0 0 0 0 0 0 0  0 0 0 0 0 0 0  0 0 0 0 0 0
0.08 0.26 0.62  75.73 -164.64 -131.97 29.79 0 0 0  0 0 0 0 0 0 0  0 0 0 0 0 0 0  0 0 0 0 0 0
0.04 0.20 0.67  83.64 -109.83 -129.02 22.39 0 0 0  0 0 0 0 0 0 0  0 0 0 0 0 0 0  0 0 0 0 0 0
-0.09 0.16 0.72  97.00 -69.38 -120.97 17.12 0 0 0  0 0 0 0 0 0 0  0 0 0 0 0 0 0  0 0 0 0 0 0
-0.24 0.13 0.77  114.05 -57.27 -107.65 12.94 0 0 0  0 0 0 0 0 0 0  0 0 0 0 0 0 0  0 0 0 0 0 0
-0.32 0.09 0.78  133.14 -67.73 -91.82 9.43 0 0 0  0 0 0 0 0 0 0  0 0 0 0 0 0 0  0 0 0 0 0 0
-0.29 0.07 0.76  151.34 -84.32 -78.11 7.08 0 0 0  0 0 0 0 0 0 0  0 0 0 0 0 0 0  0 0 0 0 0 0
-0.20 0.05 0.74  168.12 -92.33 -68.46 5.44 0 0 0  0 0 0 0 0 0 0  0 0 0 0 0 0 0  0 0 0 0 0 0
-0.11 0.03 0.73  183.91 -90.82 -60.99 3.37 0 0 0  0 0 0 0 0 0 0  0 0 0 0 0 0 0  0 0 0 0 0 0
-0.05 -0.02 0.74  196.22 -81.12 -53.06 -0.64 0 0 0  0 0 0 0 0 0 0  0 0 0 0 0 0 0  0 0 0 0 0 0
-0.03 -0.08 0.76  205.75 -70.94 -42.26 -6.09 0 0 0  0 0 0 0 0 0 0  0 0 0 0 0 0 0  0 0 0 0 0 0
-0.05 -0.11 0.79  210.30 -72.54 -29.74 -9.19 0 0 0  0 0 0 0 0 0 0  0 0 0 0 0 0 0  0 0 0 0 0 0
-0.05 -0.13 0.83  207.43 -81.18 -17.20 -10.54 0 0 0  0 0 0 0 0 0 0  0 0 0 0 0 0 0  0 0 0 0 0 0
-0.02 -0.11 0.88  196.90 -88.25 -7.96 -8.86 0 0 0  0 0 0 0 0 0 0  0 0 0 0 0 0 0  0 0 0 0 0 0
0.09 -0.01 0.93  177.46 -83.58 -1.03 -2.56 0 0 0  0 0 0 0 0 0 0  0 0 0 0 0 0 0  0 0 0 0 0 0
0.22 0.12 0.98  148.34 -59.83 4.54 6.51 0 0 0  0 0 0 0 0 0 0  0 0 0 0 0 0 0  0 0 0 0 0 0
0.26 0.25 1.05  110.50 -23.47 10.47 14.54 0 0 0  0 0 0 0 0 0 0  0 0 0 0 0 0 0  0 0 0 0 0 0
0.17 0.33 1.11  62.68 14.21 15.29 19.53 0 0 0  0 0 0 0 0 0 0  0 0 0 0 0 0 0  0 0 0 0 0 0
0.07 0.36 1.12  13.04 31.95 13.95 22.00 0 0 0  0 0 0 0 0 0 0  0 0 0 0 0 0 0  0 0 0 0 0 0
0.09 0.30 1.17  -31.61 30.56 8.83 18.98 0 0 0  0 0 0 0 0 0 0  0 0 0 0 0 0 0  0 0 0 0 0 0
0.24 -0.04 1.41  -47.15 28.41 4.39 2.26 0 0 0  0 0 0 0 0 0 0  0 0 0 0 0 0 0  0 0 0 0 0 0
0.23 -0.23 1.41  -45.18 61.67 -0.18 -8.79 0 0 0  0 0 0 0 0 0 0  0 0 0 0 0 0 0  0 0 0 0 0 0
-0.02 -0.06 1.33  -49.87 72.33 -5.62 -4.30 0 0 0  0 0 0 0 0 0 0  0 0 0 0 0 0 0  0 0 0 0 0 0
-0.03 0.00 1.24  -59.57 25.41 -11.85 -0.69 0 0 0  0 0 0 0 0 0 0  0 0 0 0 0 0 0  0 0 0 0 0 0
0.04 -0.08 1.11  -63.45 0.28 -12.47 -4.29 0 0 0  0 0 0 0 0 0 0  0 0 0 0 0 0 0  0 0 0 0 0 0
0.03 -0.04 0.98  -62.41 -9.13 -10.52 -3.45 0 0 0  0 0 0 0 0 0 0  0 0 0 0 0 0 0  0 0 0 0 0 0
-0.00 -0.08 0.96  -56.60 -22.69 -10.20 -5.35 0 0 0  0 0 0 0 0 0 0  0 0 0 0 0 0 0  0 0 0 0 0 0
0.02 -0.05 0.97  -48.38 -33.71 -11.00 -4.28 0 0 0  0 0 0 0 0 0 0  0 0 0 0 0 0 0  0 0 0 0 0 0
0.08 -0.01 0.96  -42.47 -37.74 -10.67 -1.56 0 0 0  0 0 0 0 0 0 0  0 0 0 0 0 0 0  0 0 0 0 0 0
0.12 -0.03 0.94  -37.29 -37.32 -10.69 -2.01 0 0 0  0 0 0 0 0 0 0  0 0 0 0 0 0 0  0 0 0 0 0 0
0.14 -0.02 0.95  -30.79 -34.99 -10.37 -1.47 0 0 0  0 0 0 0 0 0 0  0 0 0 0 0 0 0  0 0 0 0 0 0
0.21 0.01 0.97  -26.49 -24.48 -8.79 0.33 0 0 0  0 0 0 0 0 0 0  0 0 0 0 0 0 0  0 0 0 0 0 0
0.18 -0.00 1.00  -24.73 -9.10 -6.85 -0.02 0 0 0  0 0 0 0 0 0 0  0 0 0 0 0 0 0  0 0 0 0 0 0
0.10 -0.01 1.02  -22.71 -9.56 -5.85 -0.85 0 0 0  0 0 0 0 0 0 0  0 0 0 0 0 0 0  0 0 0 0 0 0
0.12 -0.01 1.03  -20.27 -17.99 -5.20 -0.49 0 0 0  0 0 0 0 0 0 0  0 0 0 0 0 0 0  0 0 0 0 0 0
0.18 0.02 1.03  -19.12 -16.83 -3.67 0.74 0 0 0  0 0 0 0 0 0 0  0 0 0 0 0 0 0  0 0 0 0 0 0
0.18 0.02 1.06  -19.22 -15.38 -1.88 1.05 0 0 0  0 0 0 0 0 0 0  0 0 0 0 0 0 0  0 0 0 0 0 0
0.16 0.02 1.09  -19.73 -19.25 -0.54 1.23 0 0 0  0 0 0 0 0 0 0  0 0 0 0 0 0 0  0 0 0 0 0 0
0.16 0.03 1.11  -20.79 -26.25 0.45 2.00 0 0 0  0 0 0 0 0 0 0  0 0 0 0 0 0 0  0 0 0 0 0 0
0.16 0.05 1.11  -22.59 -31.29 0.83 3.03 0 0 0  0 0 0 0 0 0 0  0 0 0 0 0 0 0  0 0 0 0 0 0
0.18 0.06 1.09  -25.15 -30.29 1.07 3.74 0 0 0  0 0 0 0 0 0 0  0 0 0 0 0 0 0  0 0 0 0 0 0
0.19 0.05 1.05  -28.12 -22.34 1.81 3.69 0 0 0  0 0 0 0 0 0 0  0 0 0 0 0 0 0  0 0 0 0 0 0
0.17 0.04 1.01  -29.80 -15.64 2.66 3.10 0 0 0  0 0 0 0 0 0 0  0 0 0 0 0 0 0  0 0 0 0 0 0
0.16 0.03 0.97  -30.04 -12.46 3.79 2.25 0 0 0  0 0 0 0 0 0 0  0 0 0 0 0 0 0  0 0 0 0 0 0
0.14 0.02 0.96  -29.46 -10.98 4.88 1.64 0 0 0  0 0 0 0 0 0 0  0 0 0 0 0 0 0  0 0 0 0 0 0
0.11 0.01 0.95  -28.82 -11.41 5.88 1.02 0 0 0  0 0 0 0 0 0 0  0 0 0 0 0 0 0  0 0 0 0 0 0
0.09 0.01 0.95  -28.38 -15.04 6.30 0.59 0 0 0  0 0 0 0 0 0 0  0 0 0 0 0 0 0  0 0 0 0 0 0
0.09 0.01 0.95  -28.45 -18.63 6.39 0.79 0 0 0  0 0 0 0 0 0 0  0 0 0 0 0 0 0  0 0 0 0 0 0
0.09 0.01 0.94  -29.08 -20.22 6.59 0.66 0 0 0  0 0 0 0 0 0 0  0 0 0 0 0 0 0  0 0 0 0 0 0
0.08 0.01 0.94  -30.01 -23.24 6.47 0.94 0 0 0  0 0 0 0 0 0 0  0 0 0 0 0 0 0  0 0 0 0 0 0
0.09 0.02 0.93  -31.18 -27.14 6.62 1.67 0 0 0  0 0 0 0 0 0 0  0 0 0 0 0 0 0  0 0 0 0 0 0
0.10 0.03 0.91  -32.82 -26.22 7.15 1.99 0 0 0  0 0 0 0 0 0 0  0 0 0 0 0 0 0  0 0 0 0 0 0
0.09 0.02 0.88  -33.78 -24.53 7.68 1.57 0 0 0  0 0 0 0 0 0 0  0 0 0 0 0 0 0  0 0 0 0 0 0
0.09 0.01 0.85  -33.79 -25.89 8.38 1.04 0 0 0  0 0 0 0 0 0 0  0 0 0 0 0 0 0  0 0 0 0 0 0
0.09 0.02 0.83  -33.34 -26.69 9.05 1.54 0 0 0  0 0 0 0 0 0 0  0 0 0 0 0 0 0  0 0 0 0 0 0
0.11 0.03 0.82  -33.32 -25.93 10.35 2.44 0 0 0  0 0 0 0 0 0 0  0 0 0 0 0 0 0  0 0 0 0 0 0
0.12 0.03 0.82  -33.65 -25.60 12.40 2.71 0 0 0  0 0 0 0 0 0 0  0 0 0 0 0 0 0  0 0 0 0 0 0
0.12 0.03 0.82  -34.25 -26.00 14.31 2.30 0 0 0  0 0 0 0 0 0 0  0 0 0 0 0 0 0  0 0 0 0 0 0
0.10 0.02 0.82  -34.76 -29.96 15.51 1.89 0 0 0  0 0 0 0 0 0 0  0 0 0 0 0 0 0  0 0 0 0 0 0
0.09 0.02 0.82  -35.41 -37.96 16.18 1.55 0 0 0  0 0 0 0 0 0 0  0 0 0 0 0 0 0  0 0 0 0 0 0
0.14 -0.02 0.80  -37.05 -42.73 18.08 -0.85 0 0 0  0 0 0 0 0 0 0  0 0 0 0 0 0 0  0 0 0 0 0 0
0.10 -0.07 0.79  -38.92 -39.06 19.26 -5.20 0 0 0  0 0 0 0 0 0 0  0 0 0 0 0 0 0  0 0 0 0 0 0
0.03 -0.02 0.81  -39.99 -41.98 18.09 -2.44 0 0 0  0 0 0 0 0 0 0  0 0 0 0 0 0 0  0 0 0 0 0 0
0.03 0.02 0.81  -41.91 -45.10 17.83 0.93 0 0 0  0 0 0 0 0 0 0  0 0 0 0 0 0 0  0 0 0 0 0 0
0.01 0.04 0.79  -45.07 -42.44 16.72 2.97 0 0 0  0 0 0 0 0 0 0  0 0 0 0 0 0 0  0 0 0 0 0 0
-0.05 0.03 0.76  -48.04 -40.93 14.40 2.64 0 0 0  0 0 0 0 0 0 0  0 0 0 0 0 0 0  0 0 0 0 0 0
-0.11 0.02 0.72  -48.72 -45.61 11.60 2.08 0 0 0  0 0 0 0 0 0 0  0 0 0 0 0 0 0  0 0 0 0 0 0
-0.12 0.06 0.68  -49.36 -49.30 7.68 5.41 0 0 0  0 0 0 0 0 0 0  0 0 0 0 0 0 0  0 0 0 0 0 0
-0.12 0.09 0.66  -50.04 -50.66 1.14 9.00 0 0 0  0 0 0 0 0 0 0  0 0 0 0 0 0 0  0 0 0 0 0 0
-0.13 0.12 0.63  -49.46 -59.27 -6.55 13.02 0 0 0  0 0 0 0 0 0 0  0 0 0 0 0 0 0  0 0 0 0 0 0
-0.10 0.14 0.59  -47.64 -76.33 -14.55 16.38 0 0 0  0 0 0 0 0 0 0  0 0 0 0 0 0 0  0 0 0 0 0 0
-0.04 0.16 0.55  -44.94 -90.54 -23.81 19.14 0 0 0  0 0 0 0 0 0 0  0 0 0 0 0 0 0  0 0 0 0 0 0
0.01 0.17 0.48  -42.18 -98.86 -33.52 22.92 0 0 0  0 0 0 0 0 0 0  0 0 0 0 0 0 0  0 0 0 0 0 0
0.01 0.18 0.42  -38.01 -107.24 -44.69 27.96 0 0 0  0 0 0 0 0 0 0  0 0 0 0 0 0 0  0 0 0 0 0 0
0.00 0.22 0.39  -30.12 -119.25 -58.64 35.55 0 0 0  0 0 0 0 0 0 0  0 0 0 0 0 0 0  0 0 0 0 0 0
-0.01 0.26 0.36  -19.15 -133.78 -73.83 43.02 0 0 0  0 0 0 0 0 0 0  0 0 0 0 0 0 0  0 0 0 0 0 0
-0.05 0.28 0.36  -6.45 -149.45 -90.01 46.18 0 0 0  0 0 0 0 0 0 0  0 0 0 0 0 0 0  0 0 0 0 0 0
-0.11 0.26 0.39  7.97 -172.95 -106.33 42.90 0 0 0  0 0 0 0 0 0 0  0 0 0 0 0 0 0  0 0 0 0 0 0
-0.13 0.24 0.42  24.05 -201.93 -122.30 37.62 0 0 0  0 0 0 0 0 0 0  0 0 0 0 0 0 0  0 0 0 0 0 0
-0.14 0.23 0.46  41.06 -227.41 -137.82 34.41 0 0 0  0 0 0 0 0 0 0  0 0 0 0 0 0 0  0 0 0 0 0 0
-0.15 0.23 0.48  55.65 -249.02 -150.14 32.66 0 0 0  0 0 0 0 0 0 0  0 0 0 0 0 0 0  0 0 0 0 0 0
-0.18 0.23 0.49  67.44 -250.02 -159.30 31.14 0 0 0  0 0 0 0 0 0 0  0 0 0 0 0 0 0  0 0 0 0 0 0
-0.21 0.21 0.50  75.71 -250.02 -164.66 28.88 0 0 0  0 0 0 0 0 0 0  0 0 0 0 0 0 0  0 0 0 0 0 0
-0.20 0.17 0.51  80.58 -250.02 -165.21 24.27 0 0 0  0 0 0 0 0 0 0  0 0 0 0 0 0 0  0 0 0 0 0 0
-0.16 0.13 0.53  81.69 -250.02 -161.00 18.81 0 0 0  0 0 0 0 0 0 0  0 0 0 0 0 0 0  0 0 0 0 0 0
-0.12 0.11 0.57  80.89 -250.02 -154.62 14.21 0 0 0  0 0 0 0 0 0 0  0 0 0 0 0 0 0  0 0 0 0 0 0
-0.13 0.07 0.63  80.02 -250.02 -148.19 9.49 0 0 0  0 0 0 0 0 0 0  0 0 0 0 0 0 0  0 0 0 0 0 0
-0.17 0.05 0.68  80.44 -250.02 -142.25 5.76 0 0 0  0 0 0 0 0 0 0  0 0 0 0 0 0 0  0 0 0 0 0 0
-0.21 0.03 0.75  82.77 -250.02 -133.82 3.12 0 0 0  0 0 0 0 0 0 0  0 0 0 0 0 0 0  0 0 0 0 0 0
-0.21 0.00 0.80  85.38 -250.02 -121.04 0.70 0 0 0  0 0 0 0 0 0 0  0 0 0 0 0 0 0  0 0 0 0 0 0
-0.18 -0.01 0.84  87.79 -250.02 -105.21 -0.73 0 0 0  0 0 0 0 0 0 0  0 0 0 0 0 0 0  0 0 0 0 0 0
-0.11 -0.01 0.88  88.47 -250.02 -90.55 -0.82 0 0 0  0 0 0 0 0 0 0  0 0 0 0 0 0 0  0 0 0 0 0 0
-0.04 -0.01 0.93  85.83 -231.35 -77.69 -0.77 0 0 0  0 0 0 0 0 0 0  0 0 0 0 0 0 0  0 0 0 0 0 0
-0.03 -0.00 0.99  80.04 -201.80 -64.77 -0.17 0 0 0  0 0 0 0 0 0 0  0 0 0 0 0 0 0  0 0 0 0 0 0
-0.02 0.01 1.04  73.22 -185.77 -53.10 0.78 0 0 0  0 0 0 0 0 0 0  0 0 0 0 0 0 0  0 0 0 0 0 0
0.05 0.03 1.06  63.23 -166.40 -40.66 1.61 0 0 0  0 0 0 0 0 0 0  0 0 0 0 0 0 0  0 0 0 0 0 0
0.11 0.05 1.05  48.65 -137.70 -27.92 3.05 0 0 0  0 0 0 0 0 0 0  0 0 0 0 0 0 0  0 0 0 0 0 0
0.21 0.03 1.03  32.39 -91.19 -17.43 2.52 0 0 0  0 0 0 0 0 0 0  0 0 0 0 0 0 0  0 0 0 0 0 0
0.20 -0.00 1.00  18.34 -27.82 -13.52 0.24 0 0 0  0 0 0 0 0 0 0  0 0 0 0 0 0 0  0 0 0 0 0 0
0.03 -0.03 0.99  8.92 21.88 -12.67 -1.56 0 0 0  0 0 0 0 0 0 0  0 0 0 0 0 0 0  0 0 0 0 0 0
-0.14 -0.03 0.99  5.67 31.40 -13.14 -2.24 0 0 0  0 0 0 0 0 0 0  0 0 0 0 0 0 0  0 0 0 0 0 0
-0.17 -0.03 0.99  6.21 14.88 -15.04 -2.42 0 0 0  0 0 0 0 0 0 0  0 0 0 0 0 0 0  0 0 0 0 0 0
-0.11 -0.03 0.99  7.69 -3.42 -18.39 -2.03 0 0 0  0 0 0 0 0 0 0  0 0 0 0 0 0 0  0 0 0 0 0 0
-0.04 -0.02 1.01  8.18 -11.60 -19.98 -1.56 0 0 0  0 0 0 0 0 0 0  0 0 0 0 0 0 0  0 0 0 0 0 0
0.01 -0.03 1.01  7.21 -8.86 -19.08 -1.79 0 0 0  0 0 0 0 0 0 0  0 0 0 0 0 0 0  0 0 0 0 0 0
0.01 -0.02 0.99  5.87 1.71 -18.68 -1.73 0 0 0  0 0 0 0 0 0 0  0 0 0 0 0 0 0  0 0 0 0 0 0
-0.04 -0.02 0.98  5.21 9.90 -19.83 -1.34 0 0 0  0 0 0 0 0 0 0  0 0 0 0 0 0 0  0 0 0 0 0 0
-0.08 -0.02 0.99  5.83 6.90 -21.49 -1.25 0 0 0  0 0 0 0 0 0 0  0 0 0 0 0 0 0  0 0 0 0 0 0
-0.05 -0.02 1.00  6.53 0.90 -22.75 -1.65 0 0 0  0 0 0 0 0 0 0  0 0 0 0 0 0 0  0 0 0 0 0 0
0.02 -0.02 1.00  6.92 0.96 -23.10 -1.43 0 0 0  0 0 0 0 0 0 0  0 0 0 0 0 0 0  0 0 0 0 0 0
0.07 -0.01 1.00  6.78 5.75 -21.85 -0.84 0 0 0  0 0 0 0 0 0 0  0 0 0 0 0 0 0  0 0 0 0 0 0
0.10 -0.01 1.00  6.59 12.11 -19.26 -0.60 0 0 0  0 0 0 0 0 0 0  0 0 0 0 0 0 0  0 0 0 0 0 0
0.08 -0.00 1.01  6.79 14.90 -15.94 -0.13 0 0 0  0 0 0 0 0 0 0  0 0 0 0 0 0 0  0 0 0 0 0 0
0.06 -0.00 1.03  6.87 8.50 -12.81 -0.09 0 0 0  0 0 0 0 0 0 0  0 0 0 0 0 0 0  0 0 0 0 0 0
0.07 -0.01 1.04  6.83 -0.06 -10.01 -0.34 0 0 0  0 0 0 0 0 0 0  0 0 0 0 0 0 0  0 0 0 0 0 0
0.08 -0.00 1.04  6.53 -4.76 -7.58 -0.20 0 0 0  0 0 0 0 0 0 0  0 0 0 0 0 0 0  0 0 0 0 0 0
0.08 0.00 1.03  6.11 -6.34 -5.47 0.14 0 0 0  0 0 0 0 0 0 0  0 0 0 0 0 0 0  0 0 0 0 0 0
0.07 -0.00 1.03  5.67 -4.73 -3.71 -0.01 0 0 0  0 0 0 0 0 0 0  0 0 0 0 0 0 0  0 0 0 0 0 0
0.04 -0.01 1.03  5.55 -2.96 -2.76 -0.29 0 0 0  0 0 0 0 0 0 0  0 0 0 0 0 0 0  0 0 0 0 0 0
0.02 -0.01 1.03  5.82 -4.25 -2.13 -0.62 0 0 0  0 0 0 0 0 0 0  0 0 0 0 0 0 0  0 0 0 0 0 0
0.03 -0.01 1.04  6.28 -6.25 -2.06 -0.41 0 0 0  0 0 0 0 0 0 0  0 0 0 0 0 0 0  0 0 0 0 0 0
0.04 0.00 1.04  6.23 -5.74 -2.10 0.07 0 0 0  0 0 0 0 0 0 0  0 0 0 0 0 0 0  0 0 0 0 0 0
0.06 0.00 1.03  6.01 -3.44 -1.94 0.22 0 0 0  0 0 0 0 0 0 0  0 0 0 0 0 0 0  0 0 0 0 0 0
0.08 -0.00 1.02  5.92 0.14 -1.39 0.01 0 0 0  0 0 0 0 0 0 0  0 0 0 0 0 0 0  0 0 0 0 0 0
0.06 -0.01 1.02  6.34 2.08 -0.48 -0.46 0 0 0  0 0 0 0 0 0 0  0 0 0 0 0 0 0  0 0 0 0 0 0
0.04 -0.01 1.03  7.02 -0.31 0.47 -0.81 0 0 0  0 0 0 0 0 0 0  0 0 0 0 0 0 0  0 0 0 0 0 0
0.02 -0.01 1.06  6.96 -6.73 1.35 -0.76 0 0 0  0 0 0 0 0 0 0  0 0 0 0 0 0 0  0 0 0 0 0 0
0.03 0.00 1.12  5.29 -14.12 1.94 0.05 0 0 0  0 0 0 0 0 0 0  0 0 0 0 0 0 0  0 0 0 0 0 0
0.06 0.03 1.18  1.38 -19.89 2.72 1.41 0 0 0  0 0 0 0 0 0 0  0 0 0 0 0 0 0  0 0 0 0 0 0
0.09 0.04 1.21  -4.67 -23.73 3.79 2.33 0 0 0  0 0 0 0 0 0 0  0 0 0 0 0 0 0  0 0 0 0 0 0
0.10 0.05 1.24  -12.15 -26.85 4.96 3.00 0 0 0  0 0 0 0 0 0 0  0 0 0 0 0 0 0  0 0 0 0 0 0
0.09 0.07 1.27  -21.97 -30.43 6.92 3.73 0 0 0  0 0 0 0 0 0 0  0 0 0 0 0 0 0  0 0 0 0 0 0
0.10 0.09 1.30  -34.22 -32.91 9.88 4.49 0 0 0  0 0 0 0 0 0 0  0 0 0 0 0 0 0  0 0 0 0 0 0
0.10 0.11 1.36  -50.53 -32.50 13.85 5.47 0 0 0  0 0 0 0 0 0 0  0 0 0 0 0 0 0  0 0 0 0 0 0
0.04 0.13 1.40  -70.58 -30.84 17.85 6.27 0 0 0  0 0 0 0 0 0 0  0 0 0 0 0 0 0  0 0 0 0 0 0
-0.12 0.08 1.40  -90.73 -33.60 20.51 4.37 0 0 0  0 0 0 0 0 0 0  0 0 0 0 0 0 0  0 0 0 0 0 0
-0.24 -0.05 1.25  -102.69 -53.26 16.92 -1.35 0 0 0  0 0 0 0 0 0 0  0 0 0 0 0 0 0  0 0 0 0 0 0
-0.16 -0.15 1.01  -105.15 -66.62 11.39 -8.79 0 0 0  0 0 0 0 0 0 0  0 0 0 0 0 0 0  0 0 0 0 0 0
-0.15 -0.22 0.84  -105.39 -69.35 3.63 -16.20 0 0 0  0 0 0 0 0 0 0  0 0 0 0 0 0 0  0 0 0 0 0 0
-0.09 -0.28 0.75  -102.17 -70.77 -5.46 -24.15 0 0 0  0 0 0 0 0 0 0  0 0 0 0 0 0 0  0 0 0 0 0 0
-0.03 -0.27 0.73  -98.50 -62.51 -12.53 -25.08 0 0 0  0 0 0 0 0 0 0  0 0 0 0 0 0 0  0 0 0 0 0 0
0.06 -0.21 0.71  -94.05 -58.38 -14.48 -21.28 0 0 0  0 0 0 0 0 0 0  0 0 0 0 0 0 0  0 0 0 0 0 0
0.16 -0.14 0.68  -88.79 -54.86 -13.38 -15.51 0 0 0  0 0 0 0 0 0 0  0 0 0 0 0 0 0  0 0 0 0 0 0
0.27 -0.05 0.64  -77.95 -42.54 -9.32 -7.58 0 0 0  0 0 0 0 0 0 0  0 0 0 0 0 0 0  0 0 0 0 0 0
0.27 0.04 0.65  -62.12 -19.01 -5.65 2.07 0 0 0  0 0 0 0 0 0 0  0 0 0 0 0 0 0  0 0 0 0 0 0
0.16 0.07 0.73  -42.23 1.82 -4.68 5.72 0 0 0  0 0 0 0 0 0 0  0 0 0 0 0 0 0  0 0 0 0 0 0
-0.03 0.06 0.79  -18.43 4.50 -5.84 5.68 0 0 0  0 0 0 0 0 0 0  0 0 0 0 0 0 0  0 0 0 0 0 0
-0.13 0.10 0.83  6.67 -16.73 -8.89 8.01 0 0 0  0 0 0 0 0 0 0  0 0 0 0 0 0 0  0 0 0 0 0 0
-0.09 0.13 0.84  30.33 -34.90 -12.29 10.50 0 0 0  0 0 0 0 0 0 0  0 0 0 0 0 0 0  0 0 0 0 0 0
0.01 0.15 0.81  53.94 -35.48 -13.75 12.79 0 0 0  0 0 0 0 0 0 0  0 0 0 0 0 0 0  0 0 0 0 0 0
0.08 0.16 0.79  74.70 -21.57 -12.87 14.13 0 0 0  0 0 0 0 0 0 0  0 0 0 0 0 0 0  0 0 0 0 0 0
0.14 0.16 0.78  91.52 0.02 -9.83 14.58 0 0 0  0 0 0 0 0 0 0  0 0 0 0 0 0 0  0 0 0 0 0 0
0.16 0.14 0.77  105.11 28.30 -4.63 13.14 0 0 0  0 0 0 0 0 0 0  0 0 0 0 0 0 0  0 0 0 0 0 0
0.14 0.09 0.77  116.77 56.12 1.91 9.65 0 0 0  0 0 0 0 0 0 0  0 0 0 0 0 0 0  0 0 0 0 0 0
0.09 0.05 0.78  128.06 77.49 8.83 5.69 0 0 0  0 0 0 0 0 0 0  0 0 0 0 0 0 0  0 0 0 0 0 0
0.03 0.02 0.79  138.90 88.43 15.02 2.83 0 0 0  0 0 0 0 0 0 0  0 0 0 0 0 0 0  0 0 0 0 0 0
-0.00 0.00 0.80  147.98 88.53 19.49 0.75 0 0 0  0 0 0 0 0 0 0  0 0 0 0 0 0 0  0 0 0 0 0 0
-0.00 -0.04 0.81  154.65 85.27 22.93 -2.53 0 0 0  0 0 0 0 0 0 0  0 0 0 0 0 0 0  0 0 0 0 0 0
0.01 -0.09 0.84  158.50 80.68 25.32 -6.46 0 0 0  0 0 0 0 0 0 0  0 0 0 0 0 0 0  0 0 0 0 0 0
0.05 -0.11 0.87  156.98 79.37 25.92 -8.21 0 0 0  0 0 0 0 0 0 0  0 0 0 0 0 0 0  0 0 0 0 0 0
0.07 -0.08 0.90  149.39 88.50 24.28 -6.87 0 0 0  0 0 0 0 0 0 0  0 0 0 0 0 0 0  0 0 0 0 0 0
0.05 -0.02 0.94  136.28 99.30 20.38 -2.38 0 0 0  0 0 0 0 0 0 0  0 0 0 0 0 0 0  0 0 0 0 0 0
0.03 0.05 0.99  115.83 110.01 14.42 2.76 0 0 0  0 0 0 0 0 0 0  0 0 0 0 0 0 0  0 0 0 0 0 0
-0.01 0.12 1.02  90.49 117.94 8.31 7.17 0 0 0  0 0 0 0 0 0 0  0 0 0 0 0 0 0  0 0 0 0 0 0
-0.07 0.18 1.05  58.52 117.01 0.93 11.29 0 0 0  0 0 0 0 0 0 0  0 0 0 0 0 0 0  0 0 0 0 0 0
-0.10 0.24 1.04  24.61 108.78 -6.82 15.28 0 0 0  0 0 0 0 0 0 0  0 0 0 0 0 0 0  0 0 0 0 0 0
-0.11 0.28 1.00  -10.34 98.62 -12.55 18.82 0 0 0  0 0 0 0 0 0 0  0 0 0 0 0 0 0  0 0 0 0 0 0
-0.12 0.24 1.01  -49.70 100.09 -12.37 17.19 0 0 0  0 0 0 0 0 0 0  0 0 0 0 0 0 0  0 0 0 0 0 0
-0.24 -0.08 1.23  -72.50 102.04 -4.74 -0.53 0 0 0  0 0 0 0 0 0 0  0 0 0 0 0 0 0  0 0 0 0 0 0
-0.30 -0.29 1.27  -70.82 96.18 -6.34 -13.11 0 0 0  0 0 0 0 0 0 0  0 0 0 0 0 0 0  0 0 0 0 0 0
-0.44 -0.12 1.17  -74.71 70.08 -21.27 -8.63 0 0 0  0 0 0 0 0 0 0  0 0 0 0 0 0 0  0 0 0 0 0 0
-0.36 -0.08 1.11  -75.69 6.88 -32.23 -6.06 0 0 0  0 0 0 0 0 0 0  0 0 0 0 0 0 0  0 0 0 0 0 0
-0.11 -0.03 0.94  -72.37 -11.10 -32.30 -2.94 0 0 0  0 0 0 0 0 0 0  0 0 0 0 0 0 0  0 0 0 0 0 0
-0.04 -0.01 0.78  -70.57 -2.42 -27.64 -1.24 0 0 0  0 0 0 0 0 0 0  0 0 0 0 0 0 0  0 0 0 0 0 0
-0.08 -0.12 0.79  -61.47 0.55 -26.16 -8.95 0 0 0  0 0 0 0 0 0 0  0 0 0 0 0 0 0  0 0 0 0 0 0
-0.12 -0.10 0.82  -48.63 -7.64 -25.69 -8.90 0 0 0  0 0 0 0 0 0 0  0 0 0 0 0 0 0  0 0 0 0 0 0
-0.08 -0.08 0.84  -39.02 -16.96 -24.52 -7.26 0 0 0  0 0 0 0 0 0 0  0 0 0 0 0 0 0  0 0 0 0 0 0
-0.01 -0.07 0.87  -31.97 -10.51 -24.75 -5.87 0 0 0  0 0 0 0 0 0 0  0 0 0 0 0 0 0  0 0 0 0 0 0
0.01 -0.04 0.93  -27.24 1.46 -23.47 -3.41 0 0 0  0 0 0 0 0 0 0  0 0 0 0 0 0 0  0 0 0 0 0 0
-0.01 -0.02 0.99  -24.46 7.01 -22.46 -1.85 0 0 0  0 0 0 0 0 0 0  0 0 0 0 0 0 0  0 0 0 0 0 0
0.02 -0.02 1.03  -22.75 1.35 -20.85 -1.41 0 0 0  0 0 0 0 0 0 0  0 0 0 0 0 0 0  0 0 0 0 0 0
0.10 -0.01 1.02  -21.79 -1.64 -18.37 -0.59 0 0 0  0 0 0 0 0 0 0  0 0 0 0 0 0 0  0 0 0 0 0 0
0.09 -0.00 0.99  -21.77 0.99 -15.44 -0.18 0 0 0  0 0 0 0 0 0 0  0 0 0 0 0 0 0  0 0 0 0 0 0
0.07 -0.01 0.97  -21.44 2.30 -13.61 -0.53 0 0 0  0 0 0 0 0 0 0  0 0 0 0 0 0 0  0 0 0 0 0 0
0.04 -0.02 0.98  -21.10 3.19 -12.07 -1.30 0 0 0  0 0 0 0 0 0 0  0 0 0 0 0 0 0  0 0 0 0 0 0
0.04 -0.03 0.99  -20.92 -0.44 -11.14 -2.16 0 0 0  0 0 0 0 0 0 0  0 0 0 0 0 0 0  0 0 0 0 0 0
0.04 -0.03 0.99  -20.33 -7.48 -10.30 -2.06 0 0 0  0 0 0 0 0 0 0  0 0 0 0 0 0 0  0 0 0 0 0 0
0.07 -0.01 0.98  -19.73 -16.05 -9.00 -0.97 0 0 0  0 0 0 0 0 0 0  0 0 0 0 0 0 0  0 0 0 0 0 0
0.10 0.02 0.97  -19.72 -14.08 -7.19 0.77 0 0 0  0 0 0 0 0 0 0  0 0 0 0 0 0 0  0 0 0 0 0 0
0.07 0.02 0.96  -20.17 -9.80 -5.75 1.17 0 0 0  0 0 0 0 0 0 0  0 0 0 0 0 0 0  0 0 0 0 0 0
0.05 0.01 0.96  -19.99 -11.08 -5.00 0.95 0 0 0  0 0 0 0 0 0 0  0 0 0 0 0 0 0  0 0 0 0 0 0
0.06 0.04 0.96  -19.99 -12.47 -4.85 2.35 0 0 0  0 0 0 0 0 0 0  0 0 0 0 0 0 0  0 0 0 0 0 0
0.11 0.05 0.96  -21.45 -6.14 -3.92 3.34 0 0 0  0 0 0 0 0 0 0  0 0 0 0 0 0 0  0 0 0 0 0 0
0.11 0.04 0.96  -23.17 1.24 -2.43 3.02 0 0 0  0 0 0 0 0 0 0  0 0 0 0 0 0 0  0 0 0 0 0 0
0.07 0.03 0.96  -24.07 1.45 -1.32 2.31 0 0 0  0 0 0 0 0 0 0  0 0 0 0 0 0 0  0 0 0 0 0 0
0.07 0.03 0.95  -24.93 -1.99 -0.34 2.16 0 0 0  0 0 0 0 0 0 0  0 0 0 0 0 0 0  0 0 0 0 0 0
0.08 0.03 0.95  -26.79 -1.29 0.96 2.42 0 0 0  0 0 0 0 0 0 0  0 0 0 0 0 0 0  0 0 0 0 0 0
0.07 0.03 0.95  -29.21 -0.70 2.42 2.12 0 0 0  0 0 0 0 0 0 0  0 0 0 0 0 0 0  0 0 0 0 0 0
0.08 0.02 0.95  -31.41 -3.02 3.50 1.55 0 0 0  0 0 0 0 0 0 0  0 0 0 0 0 0 0  0 0 0 0 0 0
0.05 0.02 0.93  -33.33 -5.61 4.19 1.46 0 0 0  0 0 0 0 0 0 0  0 0 0 0 0 0 0  0 0 0 0 0 0
0.06 0.02 0.90  -35.08 -8.36 6.45 1.68 0 0 0  0 0 0 0 0 0 0  0 0 0 0 0 0 0  0 0 0 0 0 0
0.06 0.00 0.86  -36.93 -3.91 9.02 0.51 0 0 0  0 0 0 0 0 0 0  0 0 0 0 0 0 0  0 0 0 0 0 0
0.02 -0.01 0.84  -37.60 -2.12 11.31 -0.34 0 0 0  0 0 0 0 0 0 0  0 0 0 0 0 0 0  0 0 0 0 0 0
0.02 0.00 0.81  -37.28 -4.27 13.19 0.21 0 0 0  0 0 0 0 0 0 0  0 0 0 0 0 0 0  0 0 0 0 0 0
0.04 0.03 0.80  -36.96 -4.91 15.27 1.90 0 0 0  0 0 0 0 0 0 0  0 0 0 0 0 0 0  0 0 0 0 0 0
0.05 0.04 0.80  -36.70 -6.62 17.77 3.12 0 0 0  0 0 0 0 0 0 0  0 0 0 0 0 0 0  0 0 0 0 0 0
0.05 0.04 0.80  -36.75 -8.72 20.24 3.72 0 0 0  0 0 0 0 0 0 0  0 0 0 0 0 0 0  0 0 0 0 0 0
0.03 0.03 0.82  -37.56 -12.16 22.24 3.16 0 0 0  0 0 0 0 0 0 0  0 0 0 0 0 0 0  0 0 0 0 0 0
-0.01 0.02 0.85  -39.12 -19.82 22.97 1.88 0 0 0  0 0 0 0 0 0 0  0 0 0 0 0 0 0  0 0 0 0 0 0
-0.03 0.00 0.87  -42.28 -28.89 23.15 0.57 0 0 0  0 0 0 0 0 0 0  0 0 0 0 0 0 0  0 0 0 0 0 0
-0.03 -0.02 0.88  -47.81 -33.70 24.44 -1.33 0 0 0  0 0 0 0 0 0 0  0 0 0 0 0 0 0  0 0 0 0 0 0
-0.01 -0.03 0.88  -55.90 -31.93 27.94 -2.01 0 0 0  0 0 0 0 0 0 0  0 0 0 0 0 0 0  0 0 0 0 0 0
0.02 -0.03 0.88  -65.35 -27.54 32.96 -2.21 0 0 0  0 0 0 0 0 0 0  0 0 0 0 0 0 0  0 0 0 0 0 0
0.12 -0.09 0.87  -76.24 -19.18 41.25 -6.11 0 0 0  0 0 0 0 0 0 0  0 0 0 0 0 0 0  0 0 0 0 0 0
0.03 -0.13 0.92  -87.40 -12.03 47.36 -8.98 0 0 0  0 0 0 0 0 0 0  0 0 0 0 0 0 0  0 0 0 0 0 0
-0.05 -0.14 0.94  -100.03 -10.54 51.16 -10.56 0 0 0  0 0 0 0 0 0 0  0 0 0 0 0 0 0  0 0 0 0 0 0
-0.18 -0.25 0.92  -110.38 -13.34 52.19 -17.01 0 0 0  0 0 0 0 0 0 0  0 0 0 0 0 0 0  0 0 0 0 0 0
-0.28 -0.28 0.89  -116.36 -22.62 50.40 -21.10 0 0 0  0 0 0 0 0 0 0  0 0 0 0 0 0 0  0 0 0 0 0 0
-0.30 -0.27 0.87  -117.92 -29.84 46.05 -21.52 0 0 0  0 0 0 0 0 0 0  0 0 0 0 0 0 0  0 0 0 0 0 0
-0.28 -0.26 0.84  -114.28 -40.23 38.53 -21.50 0 0 0  0 0 0 0 0 0 0  0 0 0 0 0 0 0  0 0 0 0 0 0
-0.12 -0.16 0.71  -102.48 -60.13 33.61 -17.02 0 0 0  0 0 0 0 0 0 0  0 0 0 0 0 0 0  0 0 0 0 0 0
0.11 0.05 0.54  -97.04 -51.97 32.97 1.48 0 0 0  0 0 0 0 0 0 0  0 0 0 0 0 0 0  0 0 0 0 0 0
0.22 0.11 0.36  -100.36 -18.79 33.99 17.36 0 0 0  0 0 0 0 0 0 0  0 0 0 0 0 0 0  0 0 0 0 0 0
0.18 0.13 0.28  -100.43 0.91 38.17 27.97 0 0 0  0 0 0 0 0 0 0  0 0 0 0 0 0 0  0 0 0 0 0 0
0.13 0.23 0.26  -94.49 7.10 44.44 46.96 0 0 0  0 0 0 0 0 0 0  0 0 0 0 0 0 0  0 0 0 0 0 0
0.10 0.33 0.25  -86.92 10.36 47.39 61.88 0 0 0  0 0 0 0 0 0 0  0 0 0 0 0 0 0  0 0 0 0 0 0
0.09 0.37 0.27  -77.17 18.43 48.02 66.19 0 0 0  0 0 0 0 0 0 0  0 0 0 0 0 0 0  0 0 0 0 0 0
0.06 0.38 0.32  -63.08 27.77 48.30 63.04 0 0 0  0 0 0 0 0 0 0  0 0 0 0 0 0 0  0 0 0 0 0 0
0.03 0.38 0.37  -42.73 34.49 50.19 58.18 0 0 0  0 0 0 0 0 0 0  0 0 0 0 0 0 0  0 0 0 0 0 0
0.02 0.41 0.40  -19.67 41.09 53.32 57.35 0 0 0  0 0 0 0 0 0 0  0 0 0 0 0 0 0  0 0 0 0 0 0
0.03 0.45 0.40  4.18 49.06 55.86 59.90 0 0 0  0 0 0 0 0 0 0  0 0 0 0 0 0 0  0 0 0 0 0 0
0.05 0.50 0.38  27.91 60.34 56.67 64.50 0 0 0  0 0 0 0 0 0 0  0 0 0 0 0 0 0  0 0 0 0 0 0
0.07 0.55 0.36  50.58 72.17 57.19 69.19 0 0 0  0 0 0 0 0 0 0  0 0 0 0 0 0 0  0 0 0 0 0 0
0.09 0.53 0.37  72.49 87.49 56.59 68.75 0 0 0  0 0 0 0 0 0 0  0 0 0 0 0 0 0  0 0 0 0 0 0
0.11 0.49 0.38  93.13 105.28 55.73 65.99 0 0 0  0 0 0 0 0 0 0  0 0 0 0 0 0 0  0 0 0 0 0 0
0.10 0.44 0.38  112.21 122.40 53.39 62.19 0 0 0  0 0 0 0 0 0 0  0 0 0 0 0 0 0  0 0 0 0 0 0
0.04 0.40 0.38  132.38 129.70 51.19 58.87 0 0 0  0 0 0 0 0 0 0  0 0 0 0 0 0 0  0 0 0 0 0 0
0.00 0.38 0.39  152.15 122.22 46.79 56.32 0 0 0  0 0 0 0 0 0 0  0 0 0 0 0 0 0  0 0 0 0 0 0
0.03 0.34 0.38  172.06 116.11 41.24 53.01 0 0 0  0 0 0 0 0 0 0  0 0 0 0 0 0 0  0 0 0 0 0 0
0.09 0.29 0.36  190.89 123.41 37.29 49.29 0 0 0  0 0 0 0 0 0 0  0 0 0 0 0 0 0  0 0 0 0 0 0
0.12 0.24 0.34  209.21 139.08 34.46 45.25 0 0 0  0 0 0 0 0 0 0  0 0 0 0 0 0 0  0 0 0 0 0 0
0.11 0.19 0.32  227.08 154.58 32.31 39.95 0 0 0  0 0 0 0 0 0 0  0 0 0 0 0 0 0  0 0 0 0 0 0
0.08 0.12 0.30  242.73 167.20 30.83 29.68 0 0 0  0 0 0 0 0 0 0  0 0 0 0 0 0 0  0 0 0 0 0 0
-0.00 0.02 0.30  250.31 169.01 29.40 9.25 0 0 0  0 0 0 0 0 0 0  0 0 0 0 0 0 0  0 0 0 0 0 0
-0.10 -0.14 0.39  250.31 147.92 27.69 -17.36 0 0 0  0 0 0 0 0 0 0  0 0 0 0 0 0 0  0 0 0 0 0 0
-0.14 -0.28 0.45  250.31 109.78 27.06 -34.83 0 0 0  0 0 0 0 0 0 0  0 0 0 0 0 0 0  0 0 0 0 0 0
-0.13 -0.31 0.44  250.29 75.23 22.78 -41.95 0 0 0  0 0 0 0 0 0 0  0 0 0 0 0 0 0  0 0 0 0 0 0
-0.11 -0.15 0.52  235.99 37.42 11.38 -24.97 0 0 0  0 0 0 0 0 0 0  0 0 0 0 0 0 0  0 0 0 0 0 0
-0.06 0.08 0.57  205.27 27.33 -6.21 3.53 0 0 0  0 0 0 0 0 0 0  0 0 0 0 0 0 0  0 0 0 0 0 0
-0.03 0.19 0.63  165.11 23.34 -24.73 17.27 0 0 0  0 0 0 0 0 0 0  0 0 0 0 0 0 0  0 0 0 0 0 0
-0.02 0.25 0.76  115.63 16.71 -35.10 21.54 0 0 0  0 0 0 0 0 0 0  0 0 0 0 0 0 0  0 0 0 0 0 0
-0.05 0.40 0.83  56.02 18.53 -31.68 29.90 0 0 0  0 0 0 0 0 0 0  0 0 0 0 0 0 0  0 0 0 0 0 0
-0.07 0.47 0.83  -8.19 21.70 -24.13 35.76 0 0 0  0 0 0 0 0 0 0  0 0 0 0 0 0 0  0 0 0 0 0 0
0.02 0.22 1.16  -55.07 33.56 -14.76 17.93 0 0 0  0 0 0 0 0 0 0  0 0 0 0 0 0 0  0 0 0 0 0 0
0.08 -0.39 1.29  -67.39 94.13 1.36 -13.23 0 0 0  0 0 0 0 0 0 0  0 0 0 0 0 0 0  0 0 0 0 0 0
-0.11 -0.18 1.25  -76.37 148.65 -0.86 -11.09 0 0 0  0 0 0 0 0 0 0  0 0 0 0 0 0 0  0 0 0 0 0 0
-0.51 -0.05 1.18  -94.77 115.80 -17.99 -4.60 0 0 0  0 0 0 0 0 0 0  0 0 0 0 0 0 0  0 0 0 0 0 0
-0.30 -0.12 1.10  -95.89 25.78 -27.05 -6.96 0 0 0  0 0 0 0 0 0 0  0 0 0 0 0 0 0  0 0 0 0 0 0
0.00 -0.02 0.90  -90.28 4.24 -27.70 -2.63 0 0 0  0 0 0 0 0 0 0  0 0 0 0 0 0 0  0 0 0 0 0 0
-0.02 -0.01 0.79  -83.73 0.08 -24.74 -1.33 0 0 0  0 0 0 0 0 0 0  0 0 0 0 0 0 0  0 0 0 0 0 0
-0.19 -0.14 0.80  -70.37 -19.54 -24.08 -10.08 0 0 0  0 0 0 0 0 0 0  0 0 0 0 0 0 0  0 0 0 0 0 0
-0.22 -0.12 0.81  -52.79 -59.02 -23.08 -10.56 0 0 0  0 0 0 0 0 0 0  0 0 0 0 0 0 0  0 0 0 0 0 0
0.03 -0.04 0.81  -43.75 -58.09 -22.32 -4.81 0 0 0  0 0 0 0 0 0 0  0 0 0 0 0 0 0  0 0 0 0 0 0
0.22 -0.01 0.83  -41.21 -8.80 -21.19 -1.50 0 0 0  0 0 0 0 0 0 0  0 0 0 0 0 0 0  0 0 0 0 0 0
0.12 -0.02 0.90  -38.64 28.67 -18.14 -1.90 0 0 0  0 0 0 0 0 0 0  0 0 0 0 0 0 0  0 0 0 0 0 0
-0.01 -0.05 0.95  -32.73 20.33 -15.62 -3.53 0 0 0  0 0 0 0 0 0 0  0 0 0 0 0 0 0  0 0 0 0 0 0
0.03 -0.05 0.95  -25.02 -9.83 -14.15 -3.45 0 0 0  0 0 0 0 0 0 0  0 0 0 0 0 0 0  0 0 0 0 0 0
0.16 -0.02 0.93  -20.55 -13.49 -11.33 -1.69 0 0 0  0 0 0 0 0 0 0  0 0 0 0 0 0 0  0 0 0 0 0 0
0.18 -0.02 0.93  -19.31 5.06 -6.80 -1.54 0 0 0  0 0 0 0 0 0 0  0 0 0 0 0 0 0  0 0 0 0 0 0
0.11 -0.03 0.94  -17.85 16.40 -3.61 -2.09 0 0 0  0 0 0 0 0 0 0  0 0 0 0 0 0 0  0 0 0 0 0 0
0.02 -0.03 0.99  -15.26 7.14 -3.00 -2.02 0 0 0  0 0 0 0 0 0 0  0 0 0 0 0 0 0  0 0 0 0 0 0
0.04 -0.02 1.03  -13.59 -7.25 -3.10 -1.48 0 0 0  0 0 0 0 0 0 0  0 0 0 0 0 0 0  0 0 0 0 0 0
0.06 0.00 1.06  -14.86 -9.36 -2.94 -0.21 0 0 0  0 0 0 0 0 0 0  0 0 0 0 0 0 0  0 0 0 0 0 0
0.06 0.01 1.06  -17.12 -8.76 -2.57 0.55 0 0 0  0 0 0 0 0 0 0  0 0 0 0 0 0 0  0 0 0 0 0 0
0.05 0.00 1.06  -19.66 -10.35 -2.87 0.19 0 0 0  0 0 0 0 0 0 0  0 0 0 0 0 0 0  0 0 0 0 0 0
0.07 0.01 1.05  -21.58 -17.08 -3.49 0.54 0 0 0  0 0 0 0 0 0 0  0 0 0 0 0 0 0  0 0 0 0 0 0
0.15 0.07 1.00  -23.29 -14.99 -0.23 4.29 0 0 0  0 0 0 0 0 0 0  0 0 0 0 0 0 0  0 0 0 0 0 0
0.12 0.03 0.99  -26.10 -7.83 1.24 2.83 0 0 0  0 0 0 0 0 0 0  0 0 0 0 0 0 0  0 0 0 0 0 0
0.10 0.03 0.97  -28.16 -3.65 2.57 2.39 0 0 0  0 0 0 0 0 0 0  0 0 0 0 0 0 0  0 0 0 0 0 0
0.07 0.01 0.98  -29.81 -6.76 3.77 1.16 0 0 0  0 0 0 0 0 0 0  0 0 0 0 0 0 0  0 0 0 0 0 0
0.08 0.01 0.97  -31.08 -12.34 4.73 0.75 0 0 0  0 0 0 0 0 0 0  0 0 0 0 0 0 0  0 0 0 0 0 0
0.09 0.01 0.96  -33.63 -11.47 6.29 1.01 0 0 0  0 0 0 0 0 0 0  0 0 0 0 0 0 0  0 0 0 0 0 0
0.09 0.01 0.94  -35.71 -10.35 7.81 0.90 0 0 0  0 0 0 0 0 0 0  0 0 0 0 0 0 0  0 0 0 0 0 0
0.07 0.01 0.92  -36.76 -10.48 9.25 0.94 0 0 0  0 0 0 0 0 0 0  0 0 0 0 0 0 0  0 0 0 0 0 0
0.06 0.00 0.89  -37.68 -9.82 11.42 0.37 0 0 0  0 0 0 0 0 0 0  0 0 0 0 0 0 0  0 0 0 0 0 0
0.06 -0.00 0.86  -37.81 -8.15 13.38 -0.06 0 0 0  0 0 0 0 0 0 0  0 0 0 0 0 0 0  0 0 0 0 0 0
0.05 0.01 0.84  -37.73 -6.70 15.80 0.62 0 0 0  0 0 0 0 0 0 0  0 0 0 0 0 0 0  0 0 0 0 0 0
0.06 0.02 0.83  -38.08 -3.44 18.20 1.59 0 0 0  0 0 0 0 0 0 0  0 0 0 0 0 0 0  0 0 0 0 0 0
0.05 0.03 0.82  -38.48 0.51 20.66 2.27 0 0 0  0 0 0 0 0 0 0  0 0 0 0 0 0 0  0 0 0 0 0 0
0.02 0.03 0.83  -38.00 -4.64 22.17 2.73 0 0 0  0 0 0 0 0 0 0  0 0 0 0 0 0 0  0 0 0 0 0 0
0.04 0.04 0.83  -37.62 -12.96 23.76 3.39 0 0 0  0 0 0 0 0 0 0  0 0 0 0 0 0 0  0 0 0 0 0 0
0.04 0.03 0.84  -38.69 -16.67 25.88 3.05 0 0 0  0 0 0 0 0 0 0  0 0 0 0 0 0 0  0 0 0 0 0 0
0.01 0.02 0.84  -40.54 -20.27 27.56 2.06 0 0 0  0 0 0 0 0 0 0  0 0 0 0 0 0 0  0 0 0 0 0 0
-0.01 0.01 0.85  -42.98 -25.15 28.81 1.31 0 0 0  0 0 0 0 0 0 0  0 0 0 0 0 0 0  0 0 0 0 0 0
-0.01 0.01 0.84  -46.42 -26.25 30.44 1.14 0 0 0  0 0 0 0 0 0 0  0 0 0 0 0 0 0  0 0 0 0 0 0
0.01 0.01 0.82  -51.05 -22.15 33.85 0.63 0 0 0  0 0 0 0 0 0 0  0 0 0 0 0 0 0  0 0 0 0 0 0
0.04 -0.01 0.79  -55.57 -14.14 38.46 -0.39 0 0 0  0 0 0 0 0 0 0  0 0 0 0 0 0 0  0 0 0 0 0 0
0.05 -0.03 0.79  -60.65 -3.97 43.70 -2.45 0 0 0  0 0 0 0 0 0 0  0 0 0 0 0 0 0  0 0 0 0 0 0
0.01 -0.07 0.81  -66.05 2.88 48.18 -5.62 0 0 0  0 0 0 0 0 0 0  0 0 0 0 0 0 0  0 0 0 0 0 0
-0.06 -0.11 0.84  -72.23 4.30 50.88 -8.73 0 0 0  0 0 0 0 0 0 0  0 0 0 0 0 0 0  0 0 0 0 0 0
-0.11 -0.16 0.87  -79.23 1.68 51.52 -12.16 0 0 0  0 0 0 0 0 0 0  0 0 0 0 0 0 0  0 0 0 0 0 0
-0.16 -0.18 0.89  -87.79 -1.80 47.98 -13.80 0 0 0  0 0 0 0 0 0 0  0 0 0 0 0 0 0  0 0 0 0 0 0
-0.22 -0.20 0.94  -94.44 -15.81 37.83 -14.95 0 0 0  0 0 0 0 0 0 0  0 0 0 0 0 0 0  0 0 0 0 0 0
-0.30 -0.20 0.99  -99.28 -43.96 25.33 -14.39 0 0 0  0 0 0 0 0 0 0  0 0 0 0 0 0 0  0 0 0 0 0 0
-0.39 -0.22 1.07  -104.22 -87.16 9.83 -14.41 0 0 0  0 0 0 0 0 0 0  0 0 0 0 0 0 0  0 0 0 0 0 0
-0.25 -0.22 1.12  -102.39 -132.87 -4.01 -14.15 0 0 0  0 0 0 0 0 0 0  0 0 0 0 0 0 0  0 0 0 0 0 0
0.14 -0.07 0.89  -103.34 -131.43 -8.81 -7.07 0 0 0  0 0 0 0 0 0 0  0 0 0 0 0 0 0  0 0 0 0 0 0
0.39 -0.03 0.55  -117.32 -65.56 -5.07 -4.29 0 0 0  0 0 0 0 0 0 0  0 0 0 0 0 0 0  0 0 0 0 0 0
0.39 -0.08 0.28  -125.97 -11.78 4.06 -16.71 0 0 0  0 0 0 0 0 0 0  0 0 0 0 0 0 0  0 0 0 0 0 0
0.26 0.02 0.14  -129.82 38.78 18.10 3.82 0 0 0  0 0 0 0 0 0 0  0 0 0 0 0 0 0  0 0 0 0 0 0
0.13 0.17 0.05  -127.63 63.11 26.43 75.06 0 0 0  0 0 0 0 0 0 0  0 0 0 0 0 0 0  0 0 0 0 0 0
0.03 0.25 0.03  -120.40 73.62 27.62 98.46 0 0 0  0 0 0 0 0 0 0  0 0 0 0 0 0 0  0 0 0 0 0 0
-0.04 0.28 0.07  -106.42 70.20 25.05 96.26 0 0 0  0 0 0 0 0 0 0  0 0 0 0 0 0 0  0 0 0 0 0 0
-0.09 0.31 0.14  -85.53 59.24 18.02 85.47 0 0 0  0 0 0 0 0 0 0  0 0 0 0 0 0 0  0 0 0 0 0 0
-0.07 0.42 0.14  -60.44 52.46 7.78 88.40 0 0 0  0 0 0 0 0 0 0  0 0 0 0 0 0 0  0 0 0 0 0 0
-0.10 0.55 0.19  -37.44 52.10 -0.48 88.96 0 0 0  0 0 0 0 0 0 0  0 0 0 0 0 0 0  0 0 0 0 0 0
-0.14 0.63 0.26  -12.67 51.92 -2.42 85.59 0 0 0  0 0 0 0 0 0 0  0 0 0 0 0 0 0  0 0 0 0 0 0
-0.16 0.67 0.31  13.82 48.57 0.09 82.73 0 0 0  0 0 0 0 0 0 0  0 0 0 0 0 0 0  0 0 0 0 0 0
-0.13 0.68 0.35  38.49 47.67 4.41 79.24 0 0 0  0 0 0 0 0 0 0  0 0 0 0 0 0 0  0 0 0 0 0 0
-0.04 0.66 0.37  62.31 62.27 10.34 76.52 0 0 0  0 0 0 0 0 0 0  0 0 0 0 0 0 0  0 0 0 0 0 0
0.03 0.65 0.35  82.24 91.85 17.28 77.02 0 0 0  0 0 0 0 0 0 0  0 0 0 0 0 0 0  0 0 0 0 0 0
0.03 0.66 0.34  98.96 123.69 25.06 78.22 0 0 0  0 0 0 0 0 0 0  0 0 0 0 0 0 0  0 0 0 0 0 0
-0.01 0.64 0.35  113.92 149.76 31.96 76.70 0 0 0  0 0 0 0 0 0 0  0 0 0 0 0 0 0  0 0 0 0 0 0
-0.08 0.60 0.36  131.37 161.71 38.17 74.57 0 0 0  0 0 0 0 0 0 0  0 0 0 0 0 0 0  0 0 0 0 0 0
-0.15 0.59 0.37  150.65 147.83 42.86 72.80 0 0 0  0 0 0 0 0 0 0  0 0 0 0 0 0 0  0 0 0 0 0 0
-0.12 0.56 0.37  170.56 121.85 45.62 70.99 0 0 0  0 0 0 0 0 0 0  0 0 0 0 0 0 0  0 0 0 0 0 0
-0.02 0.51 0.32  188.40 103.53 46.67 71.65 0 0 0  0 0 0 0 0 0 0  0 0 0 0 0 0 0  0 0 0 0 0 0
0.06 0.49 0.26  200.76 97.54 47.52 76.96 0 0 0  0 0 0 0 0 0 0  0 0 0 0 0 0 0  0 0 0 0 0 0
0.04 0.47 0.21  203.50 99.54 49.41 81.31 0 0 0  0 0 0 0 0 0 0  0 0 0 0 0 0 0  0 0 0 0 0 0
0.01 0.38 0.18  197.72 94.33 52.70 80.72 0 0 0  0 0 0 0 0 0 0  0 0 0 0 0 0 0  0 0 0 0 0 0
0.05 0.30 0.18  184.88 85.54 56.02 75.20 0 0 0  0 0 0 0 0 0 0  0 0 0 0 0 0 0  0 0 0 0 0 0
0.11 0.24 0.19  164.88 90.21 57.84 66.60 0 0 0  0 0 0 0 0 0 0  0 0 0 0 0 0 0  0 0 0 0 0 0
0.09 0.22 0.23  140.45 99.78 59.55 56.93 0 0 0  0 0 0 0 0 0 0  0 0 0 0 0 0 0  0 0 0 0 0 0
0.00 0.21 0.29  113.76 98.62 60.68 47.80 0 0 0  0 0 0 0 0 0 0  0 0 0 0 0 0 0  0 0 0 0 0 0
-0.05 0.22 0.35  88.27 89.77 59.43 41.43 0 0 0  0 0 0 0 0 0 0  0 0 0 0 0 0 0  0 0 0 0 0 0
-0.00 0.23 0.36  60.36 85.69 54.67 40.83 0 0 0  0 0 0 0 0 0 0  0 0 0 0 0 0 0  0 0 0 0 0 0
-0.04 0.23 0.40  25.47 86.46 42.86 37.58 0 0 0  0 0 0 0 0 0 0  0 0 0 0 0 0 0  0 0 0 0 0 0
-0.18 0.10 0.59  -0.53 75.80 31.76 17.12 0 0 0  0 0 0 0 0 0 0  0 0 0 0 0 0 0  0 0 0 0 0 0
-0.33 -0.06 0.81  -2.28 57.75 25.20 -0.57 0 0 0  0 0 0 0 0 0 0  0 0 0 0 0 0 0  0 0 0 0 0 0
-0.44 -0.12 0.94  10.05 33.27 18.12 -7.15 0 0 0  0 0 0 0 0 0 0  0 0 0 0 0 0 0  0 0 0 0 0 0
-0.45 -0.12 1.00  22.06 0.06 8.25 -8.46 0 0 0  0 0 0 0 0 0 0  0 0 0 0 0 0 0  0 0 0 0 0 0
-0.35 -0.12 0.97  24.85 -36.02 -3.23 -8.70 0 0 0  0 0 0 0 0 0 0  0 0 0 0 0 0 0  0 0 0 0 0 0
-0.08 -0.15 0.94  17.43 -77.38 -11.64 -11.02 0 0 0  0 0 0 0 0 0 0  0 0 0 0 0 0 0  0 0 0 0 0 0
0.33 -0.24 0.95  10.81 -56.22 -11.38 -16.35 0 0 0  0 0 0 0 0 0 0  0 0 0 0 0 0 0  0 0 0 0 0 0
0.30 -0.18 0.97  5.47 2.04 -8.59 -13.78 0 0 0  0 0 0 0 0 0 0  0 0 0 0 0 0 0  0 0 0 0 0 0
0.05 -0.18 0.99  1.62 27.46 -5.71 -12.91 0 0 0  0 0 0 0 0 0 0  0 0 0 0 0 0 0  0 0 0 0 0 0
-0.10 -0.15 1.01  0.27 33.15 -6.07 -11.01 0 0 0  0 0 0 0 0 0 0  0 0 0 0 0 0 0  0 0 0 0 0 0
-0.23 -0.09 1.06  -0.02 26.81 -8.85 -7.24 0 0 0  0 0 0 0 0 0 0  0 0 0 0 0 0 0  0 0 0 0 0 0
-0.16 -0.07 1.06  0.14 11.91 -12.63 -5.20 0 0 0  0 0 0 0 0 0 0  0 0 0 0 0 0 0  0 0 0 0 0 0
-0.03 -0.03 1.02  0.14 9.42 -15.35 -2.91 0 0 0  0 0 0 0 0 0 0  0 0 0 0 0 0 0  0 0 0 0 0 0
0.07 0.01 0.99  0.29 15.36 -15.51 -0.20 0 0 0  0 0 0 0 0 0 0  0 0 0 0 0 0 0  0 0 0 0 0 0
0.09 0.03 0.99  0.24 25.97 -15.22 1.96 0 0 0  0 0 0 0 0 0 0  0 0 0 0 0 0 0  0 0 0 0 0 0
0.09 0.03 1.00  0.39 31.36 -15.75 2.11 0 0 0  0 0 0 0 0 0 0  0 0 0 0 0 0 0  0 0 0 0 0 0
0.09 0.00 1.01  0.94 33.46 -15.65 0.42 0 0 0  0 0 0 0 0 0 0  0 0 0 0 0 0 0  0 0 0 0 0 0
0.05 -0.02 1.03  1.54 34.91 -15.47 -1.23 0 0 0  0 0 0 0 0 0 0  0 0 0 0 0 0 0  0 0 0 0 0 0
0.02 -0.02 1.05  2.03 32.83 -14.96 -1.24 0 0 0  0 0 0 0 0 0 0  0 0 0 0 0 0 0  0 0 0 0 0 0
0.04 -0.03 1.08  1.28 34.12 -13.79 -1.63 0 0 0  0 0 0 0 0 0 0  0 0 0 0 0 0 0  0 0 0 0 0 0
0.05 -0.04 1.13  -1.14 38.94 -12.16 -2.34 0 0 0  0 0 0 0 0 0 0  0 0 0 0 0 0 0  0 0 0 0 0 0
0.04 -0.03 1.19  -4.59 35.20 -10.19 -1.80 0 0 0  0 0 0 0 0 0 0  0 0 0 0 0 0 0  0 0 0 0 0 0
0.11 0.01 1.21  -9.42 32.99 -7.69 0.06 0 0 0  0 0 0 0 0 0 0  0 0 0 0 0 0 0  0 0 0 0 0 0
0.15 0.03 1.19  -14.70 33.85 -4.98 1.37 0 0 0  0 0 0 0 0 0 0  0 0 0 0 0 0 0  0 0 0 0 0 0
0.13 0.01 1.13  -18.39 35.36 -2.43 0.78 0 0 0  0 0 0 0 0 0 0  0 0 0 0 0 0 0  0 0 0 0 0 0
0.08 -0.01 1.05  -19.22 32.03 -0.70 -0.49 0 0 0  0 0 0 0 0 0 0  0 0 0 0 0 0 0  0 0 0 0 0 0
0.05 -0.02 1.01  -18.05 29.40 0.33 -1.34 0 0 0  0 0 0 0 0 0 0  0 0 0 0 0 0 0  0 0 0 0 0 0
0.03 -0.02 0.99  -16.28 28.12 0.63 -1.49 0 0 0  0 0 0 0 0 0 0  0 0 0 0 0 0 0  0 0 0 0 0 0
0.02 -0.01 1.00  -14.89 26.61 0.50 -0.92 0 0 0  0 0 0 0 0 0 0  0 0 0 0 0 0 0  0 0 0 0 0 0
0.03 0.00 1.02  -14.29 25.81 0.24 -0.16 0 0 0  0 0 0 0 0 0 0  0 0 0 0 0 0 0  0 0 0 0 0 0
0.04 -0.00 1.02  -13.72 24.82 0.27 -0.31 0 0 0  0 0 0 0 0 0 0  0 0 0 0 0 0 0  0 0 0 0 0 0
0.06 -0.00 1.01  -13.21 24.44 0.44 -0.07 0 0 0  0 0 0 0 0 0 0  0 0 0 0 0 0 0  0 0 0 0 0 0
0.07 0.01 1.01  -12.86 25.63 0.86 0.28 0 0 0  0 0 0 0 0 0 0  0 0 0 0 0 0 0  0 0 0 0 0 0
0.07 0.01 1.01  -12.71 25.25 1.38 0.35 0 0 0  0 0 0 0 0 0 0  0 0 0 0 0 0 0  0 0 0 0 0 0
0.07 0.00 1.01  -12.81 24.80 2.02 0.31 0 0 0  0 0 0 0 0 0 0  0 0 0 0 0 0 0  0 0 0 0 0 0
0.07 -0.00 1.00  -12.42 23.20 2.96 -0.07 0 0 0  0 0 0 0 0 0 0  0 0 0 0 0 0 0  0 0 0 0 0 0
0.08 -0.00 0.99  -11.76 22.78 3.80 -0.21 0 0 0  0 0 0 0 0 0 0  0 0 0 0 0 0 0  0 0 0 0 0 0
0.07 -0.01 0.98  -10.82 22.29 4.73 -0.35 0 0 0  0 0 0 0 0 0 0  0 0 0 0 0 0 0  0 0 0 0 0 0
0.08 -0.01 0.98  -9.79 22.36 5.51 -0.44 0 0 0  0 0 0 0 0 0 0  0 0 0 0 0 0 0  0 0 0 0 0 0
0.07 0.00 0.99  -9.12 23.94 6.24 0.04 0 0 0  0 0 0 0 0 0 0  0 0 0 0 0 0 0  0 0 0 0 0 0
0.07 -0.00 0.98  -8.19 24.26 6.91 -0.02 0 0 0  0 0 0 0 0 0 0  0 0 0 0 0 0 0  0 0 0 0 0 0
0.07 -0.01 0.96  -6.67 22.63 7.46 -0.35 0 0 0  0 0 0 0 0 0 0  0 0 0 0 0 0 0  0 0 0 0 0 0
0.07 -0.01 0.95  -4.70 20.97 8.31 -0.64 0 0 0  0 0 0 0 0 0 0  0 0 0 0 0 0 0  0 0 0 0 0 0
0.06 -0.01 0.96  -2.53 20.27 9.39 -0.91 0 0 0  0 0 0 0 0 0 0  0 0 0 0 0 0 0  0 0 0 0 0 0
0.05 -0.01 0.97  -0.66 19.58 10.46 -0.89 0 0 0  0 0 0 0 0 0 0  0 0 0 0 0 0 0  0 0 0 0 0 0
0.05 -0.01 0.98  0.68 19.27 11.29 -0.70 0 0 0  0 0 0 0 0 0 0  0 0 0 0 0 0 0  0 0 0 0 0 0
0.05 -0.01 0.98  1.89 19.60 12.17 -0.66 0 0 0  0 0 0 0 0 0 0  0 0 0 0 0 0 0  0 0 0 0 0 0
0.03 -0.01 0.99  3.07 18.07 12.82 -0.69 0 0 0  0 0 0 0 0 0 0  0 0 0 0 0 0 0  0 0 0 0 0 0
0.03 -0.01 1.00  4.08 15.31 13.27 -0.62 0 0 0  0 0 0 0 0 0 0  0 0 0 0 0 0 0  0 0 0 0 0 0
-0.00 -0.01 1.01  4.59 12.68 13.36 -0.44 0 0 0  0 0 0 0 0 0 0  0 0 0 0 0 0 0  0 0 0 0 0 0
-0.00 -0.01 1.02  5.00 8.91 13.41 -0.69 0 0 0  0 0 0 0 0 0 0  0 0 0 0 0 0 0  0 0 0 0 0 0
0.01 -0.01 1.02  5.07 8.64 13.21 -0.66 0 0 0  0 0 0 0 0 0 0  0 0 0 0 0 0 0  0 0 0 0 0 0
0.01 -0.01 1.03  4.81 8.70 13.08 -0.50 0 0 0  0 0 0 0 0 0 0  0 0 0 0 0 0 0  0 0 0 0 0 0
0.01 -0.00 1.04  4.21 8.62 12.99 -0.22 0 0 0  0 0 0 0 0 0 0  0 0 0 0 0 0 0  0 0 0 0 0 0
0.01 -0.01 1.04  3.43 8.94 13.28 -0.36 0 0 0  0 0 0 0 0 0 0  0 0 0 0 0 0 0  0 0 0 0 0 0
0.01 -0.01 1.04  2.92 7.72 13.78 -0.40 0 0 0  0 0 0 0 0 0 0  0 0 0 0 0 0 0  0 0 0 0 0 0
0.03 -0.00 1.05  2.27 6.75 14.70 -0.18 0 0 0  0 0 0 0 0 0 0  0 0 0 0 0 0 0  0 0 0 0 0 0
0.02 0.00 1.07  1.08 6.08 15.91 0.14 0 0 0  0 0 0 0 0 0 0  0 0 0 0 0 0 0  0 0 0 0 0 0
-0.00 -0.00 1.08  -0.44 2.94 17.22 -0.18 0 0 0  0 0 0 0 0 0 0  0 0 0 0 0 0 0  0 0 0 0 0 0
-0.01 -0.01 1.10  -2.56 -3.11 18.79 -0.70 0 0 0  0 0 0 0 0 0 0  0 0 0 0 0 0 0  0 0 0 0 0 0
-0.00 -0.01 1.11  -5.12 -8.31 20.12 -0.85 0 0 0  0 0 0 0 0 0 0  0 0 0 0 0 0 0  0 0 0 0 0 0
0.01 -0.01 1.13  -8.65 -10.61 21.41 -0.59 0 0 0  0 0 0 0 0 0 0  0 0 0 0 0 0 0  0 0 0 0 0 0
0.01 -0.01 1.14  -13.02 -11.09 23.35 -0.76 0 0 0  0 0 0 0 0 0 0  0 0 0 0 0 0 0  0 0 0 0 0 0
-0.00 -0.03 1.13  -17.70 -11.15 25.35 -1.46 0 0 0  0 0 0 0 0 0 0  0 0 0 0 0 0 0  0 0 0 0 0 0
-0.02 -0.04 1.11  -22.51 -11.12 27.26 -2.19 0 0 0  0 0 0 0 0 0 0  0 0 0 0 0 0 0  0 0 0 0 0 0
-0.03 -0.05 1.10  -27.13 -9.78 29.44 -3.04 0 0 0  0 0 0 0 0 0 0  0 0 0 0 0 0 0  0 0 0 0 0 0
-0.04 -0.06 1.09  -31.95 -6.51 31.48 -3.99 0 0 0  0 0 0 0 0 0 0  0 0 0 0 0 0 0  0 0 0 0 0 0
-0.06 -0.08 1.08  -36.92 -3.41 33.48 -5.26 0 0 0  0 0 0 0 0 0 0  0 0 0 0 0 0 0  0 0 0 0 0 0
-0.05 -0.11 1.06  -41.54 0.40 35.90 -6.79 0 0 0  0 0 0 0 0 0 0  0 0 0 0 0 0 0  0 0 0 0 0 0
-0.03 -0.13 1.02  -44.97 6.79 38.80 -8.53 0 0 0  0 0 0 0 0 0 0  0 0 0 0 0 0 0  0 0 0 0 0 0
-0.03 -0.15 0.98  -47.17 15.59 42.93 -10.52 0 0 0  0 0 0 0 0 0 0  0 0 0 0 0 0 0  0 0 0 0 0 0
-0.05 -0.16 0.92  -48.57 25.95 49.36 -11.86 0 0 0  0 0 0 0 0 0 0  0 0 0 0 0 0 0  0 0 0 0 0 0
-0.04 -0.14 0.87  -48.08 38.46 56.93 -11.77 0 0 0  0 0 0 0 0 0 0  0 0 0 0 0 0 0  0 0 0 0 0 0
-0.03 -0.11 0.84  -46.61 54.74 65.49 -9.71 0 0 0  0 0 0 0 0 0 0  0 0 0 0 0 0 0  0 0 0 0 0 0
-0.01 -0.07 0.79  -44.71 77.51 74.12 -7.02 0 0 0  0 0 0 0 0 0 0  0 0 0 0 0 0 0  0 0 0 0 0 0
-0.03 -0.02 0.74  -41.99 104.82 84.10 -3.09 0 0 0  0 0 0 0 0 0 0  0 0 0 0 0 0 0  0 0 0 0 0 0
-0.06 0.05 0.68  -37.63 125.95 94.01 3.46 0 0 0  0 0 0 0 0 0 0  0 0 0 0 0 0 0  0 0 0 0 0 0
-0.04 0.14 0.59  -34.63 141.40 101.49 14.01 0 0 0  0 0 0 0 0 0 0  0 0 0 0 0 0 0  0 0 0 0 0 0
-0.02 0.24 0.48  -38.15 155.07 106.10 29.56 0 0 0  0 0 0 0 0 0 0  0 0 0 0 0 0 0  0 0 0 0 0 0
0.02 0.26 0.48  -45.31 166.48 106.82 34.83 0 0 0  0 0 0 0 0 0 0  0 0 0 0 0 0 0  0 0 0 0 0 0
0.01 0.25 0.45  -52.34 186.98 101.25 36.17 0 0 0  0 0 0 0 0 0 0  0 0 0 0 0 0 0  0 0 0 0 0 0
-0.15 0.25 0.48  -55.66 188.72 91.37 35.16 0 0 0  0 0 0 0 0 0 0  0 0 0 0 0 0 0  0 0 0 0 0 0
-0.24 0.28 0.53  -52.66 161.88 81.52 34.56 0 0 0  0 0 0 0 0 0 0  0 0 0 0 0 0 0  0 0 0 0 0 0
-0.18 0.29 0.58  -45.12 138.11 73.40 33.61 0 0 0  0 0 0 0 0 0 0  0 0 0 0 0 0 0  0 0 0 0 0 0
-0.03 0.29 0.59  -34.76 135.91 64.02 33.05 0 0 0  0 0 0 0 0 0 0  0 0 0 0 0 0 0  0 0 0 0 0 0
0.09 0.29 0.56  -23.13 168.63 52.26 33.64 0 0 0  0 0 0 0 0 0 0  0 0 0 0 0 0 0  0 0 0 0 0 0
0.07 0.27 0.52  -10.77 215.48 39.93 34.78 0 0 0  0 0 0 0 0 0 0  0 0 0 0 0 0 0  0 0 0 0 0 0
-0.07 0.25 0.51  4.57 250.25 26.45 32.62 0 0 0  0 0 0 0 0 0 0  0 0 0 0 0 0 0  0 0 0 0 0 0
-0.25 0.20 0.53  23.92 250.25 15.99 27.29 0 0 0  0 0 0 0 0 0 0  0 0 0 0 0 0 0  0 0 0 0 0 0
-0.42 0.17 0.55  48.19 232.12 10.13 23.18 0 0 0  0 0 0 0 0 0 0  0 0 0 0 0 0 0  0 0 0 0 0 0
-0.48 0.16 0.57  72.81 185.62 8.14 20.12 0 0 0  0 0 0 0 0 0 0  0 0 0 0 0 0 0  0 0 0 0 0 0
-0.50 0.11 0.55  93.65 137.80 8.34 15.37 0 0 0  0 0 0 0 0 0 0  0 0 0 0 0 0 0  0 0 0 0 0 0
-0.51 0.05 0.53  108.95 86.91 8.48 8.77 0 0 0  0 0 0 0 0 0 0  0 0 0 0 0 0 0  0 0 0 0 0 0
-0.46 0.03 0.51  114.06 41.40 7.28 5.60 0 0 0  0 0 0 0 0 0 0  0 0 0 0 0 0 0  0 0 0 0 0 0
-0.33 0.07 0.49  106.10 15.85 7.80 9.30 0 0 0  0 0 0 0 0 0 0  0 0 0 0 0 0 0  0 0 0 0 0 0
-0.21 0.12 0.45  84.88 22.35 11.70 16.74 0 0 0  0 0 0 0 0 0 0  0 0 0 0 0 0 0  0 0 0 0 0 0
-0.20 0.16 0.42  55.11 44.34 18.37 23.80 0 0 0  0 0 0 0 0 0 0  0 0 0 0 0 0 0  0 0 0 0 0 0
-0.23 0.16 0.44  27.65 44.01 23.31 24.94 0 0 0  0 0 0 0 0 0 0  0 0 0 0 0 0 0  0 0 0 0 0 0
-0.26 0.05 0.59  15.88 38.78 23.08 10.29 0 0 0  0 0 0 0 0 0 0  0 0 0 0 0 0 0  0 0 0 0 0 0
-0.21 -0.03 0.69  18.08 40.97 14.29 -0.76 0 0 0  0 0 0 0 0 0 0  0 0 0 0 0 0 0  0 0 0 0 0 0
-0.23 -0.04 0.73  23.12 35.16 -0.27 -3.09 0 0 0  0 0 0 0 0 0 0  0 0 0 0 0 0 0  0 0 0 0 0 0
-0.31 -0.12 0.73  27.26 -1.67 -15.20 -10.07 0 0 0  0 0 0 0 0 0 0  0 0 0 0 0 0 0  0 0 0 0 0 0
-0.27 -0.18 0.69  33.04 -36.86 -24.99 -16.34 0 0 0  0 0 0 0 0 0 0  0 0 0 0 0 0 0  0 0 0 0 0 0
-0.20 -0.05 0.64  39.15 -46.06 -29.83 -7.35 0 0 0  0 0 0 0 0 0 0  0 0 0 0 0 0 0  0 0 0 0 0 0
-0.12 0.10 0.64  42.56 -33.97 -32.36 7.29 0 0 0  0 0 0 0 0 0 0  0 0 0 0 0 0 0  0 0 0 0 0 0
-0.02 0.12 0.68  42.96 -9.02 -32.78 11.16 0 0 0  0 0 0 0 0 0 0  0 0 0 0 0 0 0  0 0 0 0 0 0
0.01 0.05 0.75  44.60 17.00 -31.19 6.36 0 0 0  0 0 0 0 0 0 0  0 0 0 0 0 0 0  0 0 0 0 0 0
0.03 0.03 0.82  49.42 21.49 -29.45 3.29 0 0 0  0 0 0 0 0 0 0  0 0 0 0 0 0 0  0 0 0 0 0 0
0.10 0.02 0.89  53.17 18.91 -26.33 1.92 0 0 0  0 0 0 0 0 0 0  0 0 0 0 0 0 0  0 0 0 0 0 0
0.16 -0.00 0.98  53.92 22.56 -22.00 0.18 0 0 0  0 0 0 0 0 0 0  0 0 0 0 0 0 0  0 0 0 0 0 0
0.16 -0.04 1.10  50.30 33.19 -17.45 -2.17 0 0 0  0 0 0 0 0 0 0  0 0 0 0 0 0 0  0 0 0 0 0 0
0.07 -0.08 1.20  43.49 39.28 -14.13 -4.32 0 0 0  0 0 0 0 0 0 0  0 0 0 0 0 0 0  0 0 0 0 0 0
-0.01 -0.07 1.26  35.98 31.61 -12.64 -4.17 0 0 0  0 0 0 0 0 0 0  0 0 0 0 0 0 0  0 0 0 0 0 0
-0.02 -0.03 1.26  26.99 19.68 -12.47 -2.17 0 0 0  0 0 0 0 0 0 0  0 0 0 0 0 0 0  0 0 0 0 0 0
0.04 0.01 1.24  17.90 12.50 -12.13 -0.15 0 0 0  0 0 0 0 0 0 0  0 0 0 0 0 0 0  0 0 0 0 0 0
0.06 0.04 1.20  10.50 10.42 -11.57 1.66 0 0 0  0 0 0 0 0 0 0  0 0 0 0 0 0 0  0 0 0 0 0 0
0.05 0.05 1.17  5.31 1.22 -10.91 2.71 0 0 0  0 0 0 0 0 0 0  0 0 0 0 0 0 0  0 0 0 0 0 0
0.11 0.03 1.13  1.68 -2.79 -9.90 1.92 0 0 0  0 0 0 0 0 0 0  0 0 0 0 0 0 0  0 0 0 0 0 0
0.11 0.01 1.11  -1.33 -2.64 -8.68 0.96 0 0 0  0 0 0 0 0 0 0  0 0 0 0 0 0 0  0 0 0 0 0 0
0.10 0.01 1.08  -4.08 1.40 -6.94 0.46 0 0 0  0 0 0 0 0 0 0  0 0 0 0 0 0 0  0 0 0 0 0 0
0.05 0.02 1.06  -6.06 4.45 -6.22 1.25 0 0 0  0 0 0 0 0 0 0  0 0 0 0 0 0 0  0 0 0 0 0 0
0.08 0.02 1.04  -7.22 3.66 -5.43 1.57 0 0 0  0 0 0 0 0 0 0  0 0 0 0 0 0 0  0 0 0 0 0 0
0.11 -0.01 1.03  -7.76 4.88 -4.33 -0.16 0 0 0  0 0 0 0 0 0 0  0 0 0 0 0 0 0  0 0 0 0 0 0
0.10 -0.02 1.01  -6.88 2.27 -2.87 -0.94 0 0 0  0 0 0 0 0 0 0  0 0 0 0 0 0 0  0 0 0 0 0 0
0.07 -0.00 0.99  -5.12 -0.38 -2.05 -0.26 0 0 0  0 0 0 0 0 0 0  0 0 0 0 0 0 0  0 0 0 0 0 0
0.06 -0.00 0.97  -3.38 -0.80 -1.42 -0.06 0 0 0  0 0 0 0 0 0 0  0 0 0 0 0 0 0  0 0 0 0 0 0
0.06 -0.01 0.97  -1.63 0.40 -0.78 -0.89 0 0 0  0 0 0 0 0 0 0  0 0 0 0 0 0 0  0 0 0 0 0 0
0.06 -0.02 0.97  0.27 -0.87 -0.15 -1.42 0 0 0  0 0 0 0 0 0 0  0 0 0 0 0 0 0  0 0 0 0 0 0
0.07 -0.02 0.98  2.53 -3.76 0.49 -1.50 0 0 0  0 0 0 0 0 0 0  0 0 0 0 0 0 0  0 0 0 0 0 0
0.09 -0.02 0.97  4.43 -3.94 1.29 -1.22 0 0 0  0 0 0 0 0 0 0  0 0 0 0 0 0 0  0 0 0 0 0 0
0.09 -0.01 0.98  5.92 -1.70 2.05 -0.63 0 0 0  0 0 0 0 0 0 0  0 0 0 0 0 0 0  0 0 0 0 0 0
0.10 -0.01 0.99  7.07 1.01 3.44 -0.52 0 0 0  0 0 0 0 0 0 0  0 0 0 0 0 0 0  0 0 0 0 0 0
0.08 -0.00 1.02  7.50 4.75 4.43 -0.16 0 0 0  0 0 0 0 0 0 0  0 0 0 0 0 0 0  0 0 0 0 0 0
0.06 -0.01 1.04  7.81 3.35 4.99 -0.35 0 0 0  0 0 0 0 0 0 0  0 0 0 0 0 0 0  0 0 0 0 0 0
0.07 -0.01 1.05  7.86 1.47 5.43 -0.67 0 0 0  0 0 0 0 0 0 0  0 0 0 0 0 0 0  0 0 0 0 0 0
0.08 -0.00 1.06  7.40 2.50 5.96 -0.31 0 0 0  0 0 0 0 0 0 0  0 0 0 0 0 0 0  0 0 0 0 0 0
0.06 0.00 1.06  6.73 4.26 6.11 0.15 0 0 0  0 0 0 0 0 0 0  0 0 0 0 0 0 0  0 0 0 0 0 0
0.04 -0.00 1.06  6.29 2.22 5.83 0.00 0 0 0  0 0 0 0 0 0 0  0 0 0 0 0 0 0  0 0 0 0 0 0
0.05 -0.00 1.07  5.92 0.65 5.61 -0.13 0 0 0  0 0 0 0 0 0 0  0 0 0 0 0 0 0  0 0 0 0 0 0
0.05 -0.00 1.07  5.27 0.68 5.46 -0.04 0 0 0  0 0 0 0 0 0 0  0 0 0 0 0 0 0  0 0 0 0 0 0
0.05 -0.00 1.07  4.56 0.72 5.57 -0.07 0 0 0  0 0 0 0 0 0 0  0 0 0 0 0 0 0  0 0 0 0 0 0
0.06 -0.00 1.07  3.52 2.40 5.85 -0.02 0 0 0  0 0 0 0 0 0 0  0 0 0 0 0 0 0  0 0 0 0 0 0
0.06 -0.00 1.07  2.72 3.99 6.03 -0.11 0 0 0  0 0 0 0 0 0 0  0 0 0 0 0 0 0  0 0 0 0 0 0
0.05 -0.00 1.06  2.34 3.75 6.07 -0.18 0 0 0  0 0 0 0 0 0 0  0 0 0 0 0 0 0  0 0 0 0 0 0
0.04 -0.00 1.06  2.21 3.91 5.92 -0.24 0 0 0  0 0 0 0 0 0 0  0 0 0 0 0 0 0  0 0 0 0 0 0
0.03 -0.01 1.06  2.12 4.04 5.53 -0.47 0 0 0  0 0 0 0 0 0 0  0 0 0 0 0 0 0  0 0 0 0 0 0
0.02 -0.01 1.06  2.17 3.52 5.15 -0.74 0 0 0  0 0 0 0 0 0 0  0 0 0 0 0 0 0  0 0 0 0 0 0
0.02 -0.01 1.06  2.25 3.01 4.87 -0.70 0 0 0  0 0 0 0 0 0 0  0 0 0 0 0 0 0  0 0 0 0 0 0
0.02 -0.01 1.06  2.45 2.69 4.46 -0.75 0 0 0  0 0 0 0 0 0 0  0 0 0 0 0 0 0  0 0 0 0 0 0
0.02 -0.01 1.06  2.76 1.62 4.13 -0.81 0 0 0  0 0 0 0 0 0 0  0 0 0 0 0 0 0  0 0 0 0 0 0
0.03 -0.01 1.06  3.04 0.72 4.04 -0.79 0 0 0  0 0 0 0 0 0 0  0 0 0 0 0 0 0  0 0 0 0 0 0
0.03 -0.01 1.06  3.07 2.14 3.95 -0.62 0 0 0  0 0 0 0 0 0 0  0 0 0 0 0 0 0  0 0 0 0 0 0
0.02 -0.01 1.07  2.92 2.12 3.72 -0.60 0 0 0  0 0 0 0 0 0 0  0 0 0 0 0 0 0  0 0 0 0 0 0
0.02 -0.01 1.08  2.91 0.82 3.54 -0.62 0 0 0  0 0 0 0 0 0 0  0 0 0 0 0 0 0  0 0 0 0 0 0
0.02 -0.01 1.08  2.76 -0.03 3.33 -0.57 0 0 0  0 0 0 0 0 0 0  0 0 0 0 0 0 0  0 0 0 0 0 0
0.02 -0.01 1.08  2.41 -0.09 3.12 -0.56 0 0 0  0 0 0 0 0 0 0  0 0 0 0 0 0 0  0 0 0 0 0 0
0.02 -0.01 1.08  1.87 0.69 2.93 -0.52 0 0 0  0 0 0 0 0 0 0  0 0 0 0 0 0 0  0 0 0 0 0 0
0.02 -0.01 1.08  1.47 0.77 2.67 -0.56 0 0 0  0 0 0 0 0 0 0  0 0 0 0 0 0 0  0 0 0 0 0 0
0.02 -0.01 1.08  1.12 -0.05 2.35 -0.69 0 0 0  0 0 0 0 0 0 0  0 0 0 0 0 0 0  0 0 0 0 0 0
0.02 -0.01 1.07  0.83 0.10 2.07 -0.65 0 0 0  0 0 0 0 0 0 0  0 0 0 0 0 0 0  0 0 0 0 0 0
0.02 -0.01 1.07  0.66 0.59 1.85 -0.71 0 0 0  0 0 0 0 0 0 0  0 0 0 0 0 0 0  0 0 0 0 0 0
0.02 -0.01 1.07  0.66 0.48 1.61 -0.79 0 0 0  0 0 0 0 0 0 0  0 0 0 0 0 0 0  0 0 0 0 0 0
0.02 -0.01 1.07  0.79 0.07 1.41 -0.82 0 0 0  0 0 0 0 0 0 0  0 0 0 0 0 0 0  0 0 0 0 0 0
0.02 -0.01 1.07  0.91 -0.28 1.28 -0.81 0 0 0  0 0 0 0 0 0 0  0 0 0 0 0 0 0  0 0 0 0 0 0
0.02 -0.01 1.07  0.91 0.22 1.21 -0.66 0 0 0  0 0 0 0 0 0 0  0 0 0 0 0 0 0  0 0 0 0 0 0
0.02 -0.01 1.07  0.79 0.87 1.22 -0.63 0 0 0  0 0 0 0 0 0 0  0 0 0 0 0 0 0  0 0 0 0 0 0
0.02 -0.01 1.07  0.53 1.20 1.21 -0.62 0 0 0  0 0 0 0 0 0 0  0 0 0 0 0 0 0  0 0 0 0 0 0
0.02 -0.01 1.08  0.29 1.91 1.07 -0.68 0 0 0  0 0 0 0 0 0 0  0 0 0 0 0 0 0  0 0 0 0 0 0
0.01 -0.01 1.08  0.01 1.44 0.93 -0.74 0 0 0  0 0 0 0 0 0 0  0 0 0 0 0 0 0  0 0 0 0 0 0
0.02 -0.01 1.07  -0.18 1.35 0.83 -0.87 0 0 0  0 0 0 0 0 0 0  0 0 0 0 0 0 0  0 0 0 0 0 0
0.01 -0.01 1.07  -0.05 1.09 0.65 -0.89 0 0 0  0 0 0 0 0 0 0  0 0 0 0 0 0 0  0 0 0 0 0 0
0.01 -0.01 1.07  0.19 -0.15 0.47 -0.87 0 0 0  0 0 0 0 0 0 0  0 0 0 0 0 0 0  0 0 0 0 0 0
0.02 -0.01 1.07  0.22 -0.12 0.35 -0.83 0 0 0  0 0 0 0 0 0 0  0 0 0 0 0 0 0  0 0 0 0 0 0
0.01 -0.01 1.07  0.14 0.33 0.17 -0.78 0 0 0  0 0 0 0 0 0 0  0 0 0 0 0 0 0  0 0 0 0 0 0
0.01 -0.01 1.07  0.19 -0.44 0.00 -0.82 0 0 0  0 0 0 0 0 0 0  0 0 0 0 0 0 0  0 0 0 0 0 0
0.02 -0.01 1.07  0.29 -0.85 -0.04 -0.85 0 0 0  0 0 0 0 0 0 0  0 0 0 0 0 0 0  0 0 0 0 0 0
0.03 -0.01 1.07  0.18 0.14 -0.05 -0.67 0 0 0  0 0 0 0 0 0 0  0 0 0 0 0 0 0  0 0 0 0 0 0
0.02 -0.01 1.07  0.08 0.53 -0.06 -0.66 0 0 0  0 0 0 0 0 0 0  0 0 0 0 0 0 0  0 0 0 0 0 0
0.02 -0.01 1.07  0.01 0.72 -0.02 -0.81 0 0 0  0 0 0 0 0 0 0  0 0 0 0 0 0 0  0 0 0 0 0 0
0.02 -0.01 1.07  -0.08 0.78 -0.06 -0.79 0 0 0  0 0 0 0 0 0 0  0 0 0 0 0 0 0  0 0 0 0 0 0
0.01 -0.01 1.07  -0.05 0.16 -0.26 -0.70 0 0 0  0 0 0 0 0 0 0  0 0 0 0 0 0 0  0 0 0 0 0 0
0.01 -0.01 1.07  0.01 -0.18 -0.59 -0.79 0 0 0  0 0 0 0 0 0 0  0 0 0 0 0 0 0  0 0 0 0 0 0
0.02 -0.01 1.07  0.10 -0.41 -0.72 -0.86 0 0 0  0 0 0 0 0 0 0  0 0 0 0 0 0 0  0 0 0 0 0 0
0.02 -0.01 1.07  0.11 0.04 -0.73 -0.79 0 0 0  0 0 0 0 0 0 0  0 0 0 0 0 0 0  0 0 0 0 0 0
0.02 -0.01 1.07  0.18 -0.07 -0.85 -0.76 0 0 0  0 0 0 0 0 0 0  0 0 0 0 0 0 0  0 0 0 0 0 0
0.02 -0.01 1.07  0.18 -0.81 -0.86 -0.77 0 0 0  0 0 0 0 0 0 0  0 0 0 0 0 0 0  0 0 0 0 0 0
0.02 -0.01 1.08  0.07 -1.04 -0.81 -0.72 0 0 0  0 0 0 0 0 0 0  0 0 0 0 0 0 0  0 0 0 0 0 0
0.03 -0.01 1.08  -0.15 -0.41 -0.76 -0.58 0 0 0  0 0 0 0 0 0 0  0 0 0 0 0 0 0  0 0 0 0 0 0
0.03 -0.01 1.08  -0.41 0.46 -0.81 -0.56 0 0 0  0 0 0 0 0 0 0  0 0 0 0 0 0 0  0 0 0 0 0 0
0.02 -0.01 1.07  -0.60 0.76 -0.87 -0.68 0 0 0  0 0 0 0 0 0 0  0 0 0 0 0 0 0  0 0 0 0 0 0
0.02 -0.01 1.07  -0.65 0.30 -1.01 -0.76 0 0 0  0 0 0 0 0 0 0  0 0 0 0 0 0 0  0 0 0 0 0 0
0.02 -0.01 1.07  -0.68 -0.15 -1.14 -0.72 0 0 0  0 0 0 0 0 0 0  0 0 0 0 0 0 0  0 0 0 0 0 0
0.02 -0.01 1.07  -0.73 -0.13 -1.20 -0.70 0 0 0  0 0 0 0 0 0 0  0 0 0 0 0 0 0  0 0 0 0 0 0
0.03 -0.01 1.07  -0.77 0.10 -1.20 -0.66 0 0 0  0 0 0 0 0 0 0  0 0 0 0 0 0 0  0 0 0 0 0 0
0.02 -0.01 1.07  -0.75 0.18 -1.19 -0.65 0 0 0  0 0 0 0 0 0 0  0 0 0 0 0 0 0  0 0 0 0 0 0
0.02 -0.01 1.07  -0.60 -0.13 -1.12 -0.69 0 0 0  0 0 0 0 0 0 0  0 0 0 0 0 0 0  0 0 0 0 0 0
0.03 -0.01 1.06  -0.44 -0.26 -1.06 -0.67 0 0 0  0 0 0 0 0 0 0  0 0 0 0 0 0 0  0 0 0 0 0 0
0.03 -0.01 1.06  -0.31 -0.05 -0.99 -0.69 0 0 0  0 0 0 0 0 0 0  0 0 0 0 0 0 0  0 0 0 0 0 0
0.03 -0.01 1.06  -0.18 0.35 -0.93 -0.73 0 0 0  0 0 0 0 0 0 0  0 0 0 0 0 0 0  0 0 0 0 0 0
0.02 -0.01 1.06  -0.05 0.45 -0.94 -0.74 0 0 0  0 0 0 0 0 0 0  0 0 0 0 0 0 0  0 0 0 0 0 0
0.02 -0.01 1.07  0.08 0.15 -1.04 -0.79 0 0 0  0 0 0 0 0 0 0  0 0 0 0 0 0 0  0 0 0 0 0 0
0.02 -0.01 1.07  0.17 -0.69 -1.12 -0.