=~=~=~=~=~=~=~=~=~=~=~= PuTTY log 2021.09.08 22:24:11 =~=~=~=~=~=~=~=~=~=~=~=
0.02 0.01 0 0
0.00 -0.02 -0.03 -0.02 0 0
-0.03 0.01 -0.02 0.02 0 0
-0.02 -0.02 -0.00 -0.00 0 0
-0.05 0.02 -0.02 -0.03 0 0
-0.00 0.05 -0.04 0.03 0 0
-0.01 0.03 -0.01 -0.00 0 0
0.02 0.02 -0.03 0.00 0 0
0.00 -0.04 -0.03 -0.02 0 0
-0.08 -0.01 -0.01 -0.06 0 0
-0.05 -0.02 0.01 0.02 0 0
0.01 -0.04 0.01 -0.01 0 0
-0.00 -0.03 -0.03 0.01 0 0
-0.03 -0.03 -0.01 0.02 0 0
-0.06 0.06 -0.02 0.03 0 0
-0.04 0.02 -0.03 -0.02 0 0
-0.06 0.02 -0.05 -0.02 0 0
-0.00 -0.01 -0.03 -0.02 0 0
-0.03 0.02 -0.01 -0.02 0 0
-0.01 -0.01 -0.02 -0.02 0 0
-0.09 -0.00 -0.06 -0.06 0 0
-0.06 -0.03 0.03 0.00 0 0
-0.05 -0.02 -0.03 -0.01 0 0
-0.03 0.04 -0.03 0.03 0 0
-0.02 0.07 -0.06 0.07 0 0
-0.04 -0.00 0.05 -0.01 0 0
-0.04 0.02 0.01 -0.07 0 0
-0.04 -0.02 -0.01 -0.01 0 0
-0.03 -0.00 0.01 0.01 0 0
-0.06 -0.00 0.01 0.02 0 0
-0.08 0.01 0.01 -0.01 0 0
-0.05 0.03 0.01 -0.03 0 0
-0.07 0.04 0.01 -0.06 0 0
-0.08 -0.01 0.02 -0.02 0 0
-0.07 0.05 0.02 -0.03 0 0
-0.05 0.10 0.02 0.00 0 0
-0.04 -0.01 0.02 -0.02 0 0
-0.07 0.01 -0.04 -0.01 0 0
0.02 0.03 0.00 0.01 0 0
-0.02 -0.06 -0.02 0.02 0 0
-0.04 -0.02 -0.04 -0.01 0 0
-0.05 0.02 0.00 -0.01 0 0
-0.05 0.02 -0.04 -0.04 0 0
0.01 0.02 0.00 -0.02 0 0
0.03 0.01 -0.04 -0.02 0 0
-0.02 0.06 -0.09 -0.02 0 0
-0.04 -0.02 -0.03 -0.11 0 0
-0.06 -0.03 -0.00 -0.00 0 0
-0.08 0.00 -0.00 -0.01 0 0
-0.03 -0.04 0.00 -0.00 0 0
-0.02 -0.01 -0.00 -0.01 0 0
-0.04 0.01 0.00 -0.03 0 0
-0.04 0.01 -0.05 -0.00 0 0
-0.01 0.04 -0.03 -0.01 0 0
-0.08 -0.02 -0.01 -0.04 0 0
-0.08 0.02 -0.00 -0.06 0 0
-0.04 0.01 -0.01 0.00 0 0
-0.02 0.04 0.01 -0.02 0 0
0.01 0.01 0.02 -0.05 0 0
-0.05 0.04 0.03 -0.04 0 0
-0.02 -0.01 -0.03 -0.02 0 0
-0.00 0.00 -0.02 0.03 0 0
-0.03 -0.01 0.04 0.03 0 0
0.03 -0.05 -0.01 -0.01 0 0
-0.02 -0.02 -0.03 -0.04 0 0
-0.04 0.00 -0.02 -0.01 0 0
-0.00 0.03 0.01 0.05 0 0
-0.03 -0.01 -0.00 0.03 0 0
-0.04 -0.02 -0.07 -0.02 0 0
0.00 0.01 -0.04 -0.11 0 0
0.00 -0.05 -0.08 -0.07 0 0
0.02 -0.06 -0.07 -0.02 0 0
-0.03 0.01 0.02 -0.02 0 0
-0.03 -0.02 -0.01 -0.00 0 0
0.03 -0.01 -0.02 0.02 0 0
-0.03 -0.03 -0.01 -0.00 0 0
-0.06 -0.02 -0.01 0.01 0 0
-0.08 -0.01 0.03 -0.10 0 0
-0.05 0.02 -0.01 -0.07 0 0
-0.00 0.01 -0.06 0.00 0 0
-0.01 -0.03 -0.00 0.05 0 0
0.01 -0.01 -0.01 -0.02 0 0
-0.01 -0.02 0.00 -0.03 0 0
-0.01 -0.03 -0.02 -0.02 0 0
-0.02 0.04 -0.00 0.01 0 0
-0.01 0.02 -0.04 -0.08 0 0
-0.01 -0.00 0.00 -0.01 0 0
0.00 -0.03 0.04 0.00 0 0
-0.06 -0.02 -0.03 0.01 0 0
-0.02 0.01 -0.02 0.00 0 0
-0.01 0.08 -0.01 -0.05 0 0
0.03 -0.00 -0.02 -0.00 0 694
-0.02 0.00 -0.06 0.04 0 837
-0.05 0.00 -0.04 -0.03 0 872
-0.05 0.05 -0.04 0.03 0 884
-0.08 0.00 -0.01 0.00 0 893
0.01 -0.03 -0.01 -0.06 0 902
-0.00 -0.01 -0.02 -0.01 0 901
-0.08 0.04 -0.03 0.04 0 899
-0.08 0.04 -0.05 0.02 0 894
-0.04 0.06 -0.04 0.04 0 890
0.03 0.07 -0.06 -0.02 0 891
0.01 0.06 -0.00 0.06 0 893
-0.01 0.03 -0.00 0.03 0 890
-0.04 0.08 -0.01 -0.01 0 884
-0.03 0.05 0.00 -0.01 0 878
-0.04 -0.00 0.01 -0.04 0 874
-0.06 0.02 0.03 0.00 0 870
-0.08 0.04 -0.03 -0.01 0 866
-0.05 -0.01 -0.05 -0.04 0 862
-0.07 -0.02 -0.06 -0.10 0 862
-0.08 -0.05 -0.04 -0.07 0 862
-0.03 -0.04 0.00 -0.05 0 862
-0.06 -0.03 -0.04 -0.04 0 862
-0.08 -0.05 -0.03 0.03 0 860
-0.05 -0.00 -0.03 -0.04 0 860
-0.05 -0.00 -0.03 -0.07 0 854
-0.06 -0.00 -0.05 -0.03 0 854
-0.03 0.03 0.01 -0.00 0 854
-0.02 -0.02 -0.01 0.03 0 846
-0.02 -0.00 -0.03 0.01 0 846
-0.07 -0.03 -0.03 -0.04 0 846
-0.03 -0.08 -0.01 -0.02 0 846
-0.02 -0.00 -0.05 -0.00 0 846
-0.06 0.02 -0.06 0.01 0 846
-0.05 0.02 -0.06 0.04 0 838
-0.08 0.02 -0.00 0.02 0 832
-0.03 -0.01 -0.07 0.01 0 818
-0.00 -0.02 -0.02 0.04 0 829
-0.02 -0.03 -0.03 -0.00 0 832
-0.03 -0.01 -0.03 -0.04 0 836
-0.04 -0.01 -0.05 -0.05 0 845
-0.00 0.04 0.03 0.00 0 862
-0.01 0.07 0.05 0.01 0 878
-0.08 0.02 0.03 0.00 0 886
-0.08 -0.02 -0.06 -0.01 0 892
-0.08 0.00 -0.05 0.01 0 877
-0.08 0.03 -0.02 0.01 0 858
-0.04 0.03 -0.03 0.00 0 846
-0.09 0.02 0.00 0.03 0 838
-0.05 0.10 -0.02 0.00 0 846
-0.02 0.03 -0.05 0.02 0 873
-0.10 0.03 -0.06 -0.03 0 884
-0.03 0.01 -0.04 -0.00 0 886
-0.01 -0.02 0.01 -0.04 0 894
-0.03 0.02 0.09 -0.05 0 901
-0.04 0.01 0.03 -0.03 0 910
-0.09 0.03 -0.03 -0.05 0 922
-0.06 0.04 -0.05 0.01 0 926
-0.08 0.01 -0.00 -0.03 0 930
-0.06 0.03 0.03 -0.07 0 936
-0.05 0.04 0.01 -0.04 0 934
0.01 0.02 -0.03 -0.04 0 934
-0.09 0.01 -0.01 0.01 0 939
-0.07 0.01 -0.02 0.05 0 940
-0.01 0.01 -0.05 -0.01 0 939
-0.02 -0.06 -0.01 -0.03 0 942
-0.05 0.01 0.04 0.02 0 942
-0.05 0.03 -0.06 0.04 0 942
-0.05 -0.01 -0.04 0.01 0 942
-0.07 0.01 0.04 -0.08 0 942
-0.06 0.03 -0.02 -0.01 0 942
-0.01 -0.03 -0.05 0.07 0 942
-0.01 0.01 0.02 0.00 0 942
-0.00 -0.00 0.01 -0.01 0 942
-0.01 0.03 -0.03 0.00 0 942
-0.03 0.05 -0.01 0.01 0 942
-0.04 0.02 -0.08 -0.03 0 942
-0.03 0.01 -0.09 -0.04 0 942
-0.03 0.06 -0.05 -0.03 0 942
-0.04 0.01 -0.08 -0.01 0 942
-0.02 0.01 -0.07 -0.04 0 942
-0.06 -0.04 -0.04 -0.02 0 938
-0.11 -0.01 -0.01 -0.01 0 910
-0.08 0.01 0.00 0.01 0 858
-0.06 0.02 -0.06 -0.02 0 834
-0.08 0.03 -0.04 -0.05 0 524
-0.03 0.01 -0.08 -0.03 0 0
-0.04 0.01 -0.05 0.03 0 0
-0.02 -0.05 -0.01 0.07 0 0
-0.00 -0.01 -0.03 -0.01 0 0
-0.04 -0.00 0.02 -0.03 0 0
-0.05 0.00 0.03 -0.03 0 0
0.00 -0.06 -0.04 -0.00 0 0
-0.03 0.03 -0.01 -0.03 0 0
-0.04 0.05 0.02 -0.04 0 0
-0.00 -0.01 -0.07 -0.04 0 0
-0.02 0.02 -0.03 -0.02 0 0
-0.02 -0.03 -0.05 -0.05 0 0
-0.02 -0.05 -0.04 -0.02 0 0
-0.02 -0.01 -0.05 0.02 0 0
-0.02 -0.02 -0.02 0.04 0 0
-0.05 0.01 0.02 -0.05 0 0
-0.03 0.02 0.01 -0.05 0 0
-0.04 -0.01 -0.00 -0.02 0 0
-0.04 0.02 -0.02 -0.03 0 0
-0.05 -0.00 -0.04 -0.05 0 0
-0.05 -0.01 -0.03 -0.03 0 0
-0.04 0.03 -0.02 0.03 0 0
-0.05 0.06 0.02 -0.01 0 0
-0.02 -0.01 0.02 -0.01 0 0
-0.00 0.01 -0.02 0.02 0 0
-0.04 0.01 -0.03 -0.01 0 0
-0.03 0.01 -0.01 -0.03 0 0
-0.09 -0.01 -0.04 0.02 0 0
-0.05 -0.01 0.00 -0.01 0 0
-0.02 -0.02 0.01 -0.03 0 0
-0.03 -0.02 0.03 -0.01 0 0
-0.09 -0.00 0.01 -0.02 0 0
-0.00 -0.00 -0.02 -0.06 0 0
-0.02 0.03 -0.07 -0.01 0 0
-0.04 0.04 -0.04 -0.02 0 0
-0.02 0.06 0.00 -0.06 0 0
-0.06 -0.04 0.02 -0.02 0 0
-0.07 0.00 -0.00 -0.04 0 0
-0.03 0.02 0.00 -0.02 0 0
0.03 -0.04 -0.06 0.04 0 0
-0.02 -0.05 0.01 0.01 0 0
-0.06 -0.05 0.03 -0.00 0 0
-0.06 -0.04 -0.06 -0.01 0 0
-0.06 0.03 -0.09 -0.00 0 0
0.00 0.03 -0.05 0.02 0 0
-0.02 -0.02 -0.06 -0.00 0 0
-0.05 0.02 -0.09 0.01 0 0
-0.03 0.03 -0.07 0.04 0 0
-0.00 -0.01 -0.02 0.05 0 0
-0.03 -0.00 -0.08 -0.00 0 0
-0.06 0.04 -0.07 -0.01 0 0
-0.07 -0.03 -0.04 0.02 0 0
0.01 -0.01 -0.06 0.01 0 0
-0.02 -0.00 -0.09 -0.02 0 0
-0.08 0.03 -0.03 -0.00 0 0
-0.06 -0.01 0.04 -0.05 0 0
-0.05 -0.07 0.04 -0.05 0 0
-0.05 -0.01 0.05 -0.04 0 0
0.01 0.07 -0.02 0.00 0 0
0.00 0.05 -0.03 -0.04 0 0
-0.03 0.01 -0.02 -0.06 0 0
-0.03 -0.02 0.03 -0.07 0 0
-0.04 -0.01 -0.02 0.00 0 0
-0.06 0.03 -0.00 -0.05 0 0
-0.02 0.05 -0.01 -0.04 0 0
-0.08 0.01 -0.03 -0.04 0 0
-0.08 0.03 0.00 -0.03 0 0
-0.09 0.03 -0.03 -0.04 0 0
-0.04 0.06 -0.01 0.00 0 0
-0.05 0.04 -0.01 0.01 0 0
-0.02 0.00 -0.02 0.00 0 0
-0.01 -0.02 -0.04 0.03 0 0
0.04 -0.03 -0.01 0.06 0 0
-0.02 -0.01 -0.04 -0.00 222 0
-0.04 -0.01 -0.06 0.02 579 0
-0.04 0.02 -0.01 0.02 653 0
-0.03 -0.05 0.00 -0.02 685 0
-0.04 -0.01 -0.04 -0.06 702 0
-0.01 -0.02 -0.03 -0.05 669 0
-0.01 -0.01 -0.02 -0.09 629 0
-0.08 0.00 0.00 -0.03 595 0
-0.08 0.01 0.00 -0.06 579 0
-0.03 0.05 -0.04 -0.00 533 0
-0.04 0.02 -0.08 -0.01 465 0
-0.04 -0.01 -0.02 0.01 381 0
-0.02 -0.08 -0.05 -0.03 149 0
-0.01 -0.03 -0.01 -0.01 0 0
-0.01 0.02 -0.01 -0.02 0 0
-0.08 0.02 -0.01 -0.03 0 0
-0.02 -0.04 0.00 -0.03 0 0
-0.01 0.01 -0.01 0.00 0 0
-0.06 -0.00 -0.03 -0.02 0 0
-0.03 0.05 -0.02 -0.06 0 0
-0.01 0.04 -0.05 -0.02 0 0
-0.03 0.00 -0.04 -0.06 0 0
-0.08 0.03 -0.03 -0.05 0 0
-0.06 0.01 -0.02 -0.06 0 0
-0.05 -0.02 0.02 -0.01 0 0
-0.01 0.00 -0.04 -0.01 0 0
0.00 -0.02 -0.02 0.00 0 0
0.00 0.04 -0.03 -0.01 0 0
-0.02 0.00 0.01 0.03 0 0
-0.00 -0.05 -0.02 -0.02 21 0
-0.03 0.02 0.00 -0.02 54 0
-0.10 0.05 -0.04 -0.04 211 0
-0.07 0.02 -0.03 0.00 353 0
-0.06 0.01 -0.09 -0.08 485 0
-0.03 -0.03 -0.07 -0.05 509 0
-0.01 -0.08 -0.04 -0.04 486 0
-0.05 -0.02 0.01 -0.01 477 0
-0.07 0.03 -0.01 -0.03 477 0
-0.08 -0.02 -0.02 0.03 469 0
-0.05 -0.01 -0.03 -0.04 481 0
-0.02 -0.03 -0.03 -0.05 475 0
-0.01 0.01 -0.01 -0.02 461 0
-0.06 -0.00 -0.04 -0.03 445 0
-0.07 0.03 -0.04 -0.00 421 0
-0.04 -0.00 -0.01 -0.02 351 0
-0.07 0.07 -0.02 -0.09 215 0
-0.09 0.00 -0.01 -0.04 125 0
-0.05 -0.02 -0.02 0.04 71 0
-0.05 -0.06 -0.01 -0.02 92 0
-0.04 -0.02 0.02 0.02 69 0
-0.04 0.03 -0.01 0.04 70 0
-0.02 0.02 -0.05 -0.02 89 0
-0.07 -0.06 -0.06 -0.07 78 0
-0.07 0.01 -0.02 -0.06 86 0
0.00 0.04 -0.08 -0.02 97 0
0.02 0.03 -0.02 0.05 60 0
-0.03 -0.01 0.00 -0.02 67 0
-0.06 -0.01 0.00 -0.03 80 0
-0.02 -0.02 -0.03 -0.05 77 0
-0.04 -0.00 0.03 0.00 59 0
-0.03 -0.01 0.01 0.02 67 0
-0.05 0.02 -0.02 -0.02 66 0
-0.05 0.04 -0.05 -0.06 73 0
-0.02 -0.02 -0.04 -0.03 81 0
0.01 -0.02 0.01 -0.00 66 0
-0.05 -0.03 -0.04 -0.03 89 0
-0.07 -0.01 -0.03 -0.07 70 0
-0.09 -0.02 -0.03 -0.06 62 0
-0.03 -0.04 0.01 -0.04 111 0
-0.03 0.02 -0.00 -0.02 67 0
-0.07 0.06 0.00 -0.07 64 0
0.00 -0.04 -0.02 -0.07 69 0
-0.01 0.01 -0.03 -0.06 72 0
-0.04 -0.02 -0.02 0.00 77 0
-0.04 0.01 0.02 0.03 46 0
-0.02 0.01 -0.01 -0.04 147 0
-0.04 -0.01 -0.04 -0.01 261 0
-0.02 0.02 -0.07 -0.06 265 0
-0.00 0.01 -0.04 -0.03 261 0
-0.03 -0.02 -0.08 -0.03 239 0
-0.03 -0.00 -0.01 -0.02 243 0
-0.00 0.01 0.00 -0.04 265 0
-0.02 0.02 -0.03 -0.02 287 0
-0.06 0.06 -0.02 0.01 353 0
-0.04 -0.01 -0.05 -0.05 573 0
-0.04 -0.02 -0.06 -0.04 749 0
0.00 -0.02 -0.02 -0.04 838 0
-0.02 -0.02 -0.07 -0.01 870 0
0.01 0.03 -0.05 0.03 893 0
-0.03 0.02 -0.04 -0.00 902 0
-0.07 -0.01 -0.01 -0.02 913 0
-0.03 0.04 -0.05 0.02 913 0
-0.08 0.00 0.03 -0.01 917 0
-0.08 0.03 -0.05 -0.00 913 0
-0.09 0.02 -0.07 -0.02 913 0
-0.02 -0.03 -0.07 -0.05 909 0
-0.05 -0.04 -0.02 -0.03 902 0
-0.05 -0.06 0.02 -0.04 885 0
-0.03 -0.04 -0.03 0.01 845 0
-0.09 -0.04 -0.03 0.02 773 0
-0.06 0.03 -0.05 -0.01 621 0
-0.07 0.01 -0.06 -0.06 297 0
-0.05 0.03 -0.06 -0.06 0 0
-0.06 0.03 -0.02 -0.01 0 0
-0.02 0.00 -0.01 -0.04 0 0
-0.00 0.05 -0.01 -0.05 0 0
-0.03 0.01 -0.05 0.03 0 0
-0.03 0.02 0.01 0.02 0 0
-0.02 -0.00 -0.01 -0.04 0 0
-0.04 0.07 -0.05 -0.01 0 0
-0.04 0.03 -0.05 -0.04 0 0
-0.01 0.01 -0.03 0.00 0 0
-0.06 0.05 0.02 -0.05 0 0
-0.06 0.02 -0.06 -0.07 0 0
0.00 0.06 -0.00 -0.06 0 0
-0.01 0.03 -0.04 -0.05 0 0
-0.01 0.06 -0.03 -0.03 0 0
0.01 -0.01 -0.05 -0.02 0 0
-0.00 0.01 -0.06 0.03 0 0
-0.05 0.01 -0.02 0.04 0 0
-0.03 0.07 -0.00 0.02 0 0
0.01 -0.01 -0.00 0.03 0 0
0.01 -0.02 -0.02 0.03 0 0
-0.04 -0.01 0.04 0.00 0 0
-0.05 -0.01 0.02 -0.01 0 0
0.02 0.04 -0.01 0.02 0 0
-0.05 0.03 0.02 0.00 0 0
0.01 0.04 0.02 0.00 0 0
0.04 -0.03 0.03 0.00 0 0
-0.00 -0.03 0.02 -0.01 0 0
-0.03 -0.05 0.02 0.01 0 0
-0.02 -0.02 -0.01 0.00 0 0
-0.05 -0.03 -0.03 -0.03 0 0
-0.05 -0.01 -0.05 -0.02 0 0
-0.02 0.00 -0.04 -0.04 0 0
0.01 0.01 -0.03 -0.04 0 0
-0.03 -0.04 0.03 -0.01 0 0
-0.02 -0.01 0.02 -0.01 0 0
-0.01 0.01 0.02 -0.01 0 0
-0.03 0.03 -0.05 -0.01 0 0
-0.05 0.04 0.01 0.00 0 0
-0.06 -0.03 0.02 -0.03 0 0
-0.05 -0.01 -0.03 -0.06 0 0
-0.05 -0.01 -0.02 -0.02 0 0
-0.07 0.01 -0.00 -0.05 0 0
-0.03 -0.00 0.00 -0.03 0 0
-0.06 0.05 -0.02 -0.02 0 0
-0.05 0.06 0.04 0.01 0 0
-0.05 0.00 -0.05 -0.02 0 0
-0.06 -0.04 -0.02 -0.02 0 0
-0.05 0.00 -0.05 0.01 0 0
-0.05 -0.00 -0.02 -0.01 0 0
-0.01 -0.00 0.00 -0.04 0 0
0.35 0.41 0.80 0.85 0 0
-0.16 -0.16 -0.30 -0.38 0 0
-0.30 -0.25 -0.18 -0.13 0 0
-0.06 -0.01 -0.06 -0.08 0 0
-0.04 0.02 0.02 -0.04 0 0
0.01 0.00 -0.14 -0.24 0 0
-0.17 -0.16 -0.24 -0.32 0 0
0.17 0.11 0.02 -0.04 0 0
0.01 -0.03 -0.11 -0.20 0 0
0.17 0.37 -0.03 0.01 0 0
0.26 0.38 -0.24 -0.26 0 0
0.82 0.83 -0.86 -0.86 0 0
1.21 1.28 -1.23 -1.21 0 0
1.80 1.91 -1.79 -1.79 0 0
2.25 2.34 -2.20 -2.26 0 0
2.50 2.59 -2.97 -2.98 0 0
3.40 3.42 -3.65 -3.58 0 0
3.97 4.04 -4.24 -4.13 0 0
4.43 4.42 -4.31 -4.28 0 0
5.08 5.14 -5.01 -5.10 0 0
5.57 5.67 -5.76 -5.72 0 0
5.83 5.94 -6.03 -5.99 0 0
6.28 6.28 -6.45 -6.38 0 0
6.58 6.75 -6.89 -6.90 0 0
8.01 8.03 -8.11 -7.93 0 0
7.70 7.86 -8.02 -8.03 0 0
8.25 8.35 -8.17 -8.05 0 0
8.76 8.79 -8.72 -8.60 0 0
9.07 9.21 -9.20 -9.18 0 0
10.02 10.06 -10.26 -10.26 0 0
10.26 10.24 -10.36 -10.31 0 0
10.12 10.09 -10.25 -10.18 0 0
9.83 9.86 -9.85 -9.73 0 0
9.85 9.96 -9.89 -9.77 0 0
9.80 9.85 -10.18 -10.07 0 0
10.27 10.31 -10.33 -10.23 0 0
10.27 10.37 -10.50 -10.37 0 0
10.06 10.12 -10.27 -10.08 0 0
10.41 10.46 -10.39 -10.16 0 0
10.27 10.33 -10.49 -10.35 0 0
10.22 10.30 -10.48 -10.41 0 0
10.41 10.55 -10.51 -10.46 0 0
10.21 10.26 -10.50 -10.36 0 0
10.33 10.43 -10.45 -10.32 0 0
10.25 10.31 -10.43 -10.31 0 0
10.44 10.55 -10.50 -10.34 0 0
10.25 10.30 -10.47 -10.34 0 0
10.39 10.47 -10.49 -10.30 0 0
10.40 10.40 -10.57 -10.42 0 0
10.51 10.58 -10.43 -10.35 0 0
10.54 10.51 -10.57 -10.51 0 0
10.35 10.38 -10.62 -10.53 0 0
10.72 10.72 -10.53 -10.43 0 0
10.53 10.54 -10.65 -10.48 0 0
10.45 10.48 -10.56 -10.44 0 0
10.53 10.58 -10.64 -10.49 0 0
10.45 10.47 -10.64 -10.51 0 0
10.61 10.68 -10.62 -10.52 0 0
10.46 10.58 -10.61 -10.57 0 0
10.53 10.60 -10.65 -10.56 0 0
10.54 10.59 -10.67 -10.61 0 0
10.64 10.67 -10.66 -10.52 0 0
10.57 10.64 -10.69 -10.58 0 0
10.56 10.59 -10.67 -10.49 0 0
10.55 10.55 -10.63 -10.51 0 0
10.68 10.71 -10.72 -10.56 0 0
10.56 10.66 -10.83 -10.66 0 0
10.63 10.78 -10.72 -10.55 0 0
10.42 10.53 -10.64 -10.45 0 0
10.71 10.76 -10.74 -10.59 0 0
10.76 10.77 -10.89 -10.75 0 0
10.83 10.90 -10.89 -10.82 0 0
10.90 10.88 -10.96 -10.87 0 0
11.08 11.15 -11.12 -11.00 0 0
10.90 10.97 -11.11 -10.97 0 0
10.77 10.86 -11.00 -10.83 0 0
10.95 11.07 -11.02 -10.87 0 0
10.92 11.03 -11.04 -10.88 0 0
11.01 11.14 -11.20 -11.15 0 0
10.76 10.81 -11.04 -10.89 0 0
11.03 11.11 -11.19 -11.05 0 0
11.07 11.15 -11.23 -10.99 0 0
11.27 11.39 -11.34 -11.18 0 0
11.28 11.30 -11.39 -11.28 0 0
11.68 11.65 -11.73 -11.65 0 0
11.82 11.89 -12.08 -11.94 0 0
12.19 12.21 -12.38 -12.26 0 0
12.56 12.63 -12.96 -12.74 0 0
13.04 13.13 -13.20 -12.97 0 0
13.52 13.57 -13.47 -13.27 0 0
13.79 14.00 -14.29 -14.07 0 0
14.23 14.27 -14.19 -14.03 0 0
14.45 14.55 -14.66 -14.61 0 0
14.77 14.81 -15.08 -14.95 0 0
14.57 14.61 -14.87 -14.59 0 0
14.42 14.60 -14.76 -14.43 0 0
15.17 15.21 -14.94 -14.64 0 0
15.26 15.22 -15.52 -15.46 0 0
15.50 15.47 -15.85 -15.65 0 0
15.26 15.35 -15.46 -15.14 0 0
15.24 15.46 -15.10 -14.87 0 0
15.46 15.54 -15.68 -15.54 0 0
15.59 15.62 -15.97 -15.75 0 0
15.59 15.65 -15.80 -15.53 0 0
15.56 15.67 -15.62 -15.38 0 0
15.26 15.40 -15.48 -15.21 0 0
15.33 15.31 -15.47 -15.23 0 0
15.00 15.11 -15.23 -14.99 0 0
15.12 15.20 -15.17 -14.98 0 0
14.83 14.94 -15.08 -14.89 0 0
14.96 15.08 -15.18 -14.97 0 0
15.04 15.25 -15.25 -15.05 0 0
15.63 15.69 -15.74 -15.48 0 0
15.55 15.71 -15.85 -15.65 0 0
16.21 16.32 -16.66 -16.39 0 0
16.56 16.66 -16.72 -16.51 0 0
16.76 16.85 -17.25 -17.07 0 0
17.76 17.90 -17.84 -17.64 0 0
18.09 18.14 -18.20 -18.02 0 0
18.51 18.60 -18.73 -18.48 0 0
18.71 18.87 -18.80 -18.54 0 0
18.58 18.69 -18.74 -18.51 0 0
19.31 19.42 -19.57 -19.37 0 0
19.82 19.89 -20.10 -19.88 0 0
20.24 20.22 -20.23 -19.98 0 0
20.27 20.35 -20.38 -20.10 0 0
19.97 20.11 -20.13 -19.81 0 0
20.08 20.23 -20.28 -20.03 0 0
20.19 20.20 -20.41 -20.19 0 0
20.16 20.32 -20.41 -20.08 0 0
20.16 20.29 -20.40 -20.06 0 0
20.22 20.34 -20.40 -20.21 0 0
20.31 20.43 -20.61 -20.32 0 0
20.40 20.51 -20.67 -20.37 0 0
20.40 20.55 -20.69 -20.40 0 0
20.43 20.59 -20.66 -20.38 0 0
20.50 20.64 -20.78 -20.50 0 0
20.58 20.67 -20.81 -20.47 0 0
20.55 20.71 -20.76 -20.48 0 0
20.57 20.66 -20.83 -20.51 0 0
20.75 20.87 -21.04 -20.78 0 0
20.98 21.10 -21.27 -20.88 0 0
21.02 21.18 -21.33 -21.01 0 0
21.46 21.60 -21.77 -21.48 0 0
21.69 21.93 -22.17 -21.84 0 0
22.20 22.35 -22.38 -22.09 0 0
22.21 22.31 -22.66 -22.33 0 0
22.66 22.81 -22.82 -22.48 0 0
22.87 22.94 -23.05 -22.80 0 0
22.84 23.03 -23.41 -23.09 0 0
22.70 22.84 -23.00 -22.63 0 0
22.84 22.96 -23.21 -22.88 0 0
22.94 23.00 -23.21 -22.85 0 0
22.87 23.00 -23.22 -22.90 0 0
23.07 23.15 -23.37 -22.96 0 0
23.33 23.39 -23.52 -23.32 0 0
23.24 23.34 -23.62 -23.34 0 0
23.27 23.38 -23.58 -23.23 0 0
23.41 23.66 -23.66 -23.25 0 0
23.41 23.68 -23.84 -23.47 0 0
23.57 23.64 -23.85 -23.56 0 0
23.92 24.11 -24.36 -24.11 0 0
23.87 24.13 -24.35 -23.95 0 0
24.44 24.62 -24.64 -24.30 0 0
2
Cek koneksi kabel sensor MPU6050 bus 0
24.91 24.94 -25.05 -24.63 0 0
24.71 24.75 -25.11 -24.65 0 0
24.71 24.77 -25.01 -24.62 0 0
24.79 24.92 -25.05 -24.80 0 0
24.74 24.76 -24.95 -24.58 0 0
24.24 24.37 -24.60 -24.11 0 0
23.88 24.20 -24.36 -23.89 0 0
24.19 24.41 -24.52 -24.11 0 0
24.16 24.12 -24.47 -24.13 0 0
24.24 24.40 -24.72 -24.33 0 0
24.48 24.61 -24.72 -24.24 0 0
24.41 24.63 -24.65 -24.29 0 0
24.33 24.40 -24.86 -24.46 0 0
24.20 24.42 -24.54 -24.06 0 0
24.27 24.39 -24.62 -24.20 0 0
24.41 24.44 -24.80 -24.34 0 0
24.52 24.60 -24.80 -24.39 0 0
24.48 24.55 -24.76 -24.24 0 0
24.47 24.56 -24.80 -24.29 0 0
24.51 24.61 -24.72 -24.24 0 0
24.54 24.59 -24.87 -24.45 0 0
24.27 24.30 -24.67 -24.22 0 0
24.20 24.29 -24.51 -24.04 0 0
24.37 24.47 -24.60 -24.25 0 0
24.42 24.43 -24.79 -24.38 0 0
24.21 24.30 -24.62 -24.14 0 0
24.06 24.18 -24.42 -24.03 0 0
24.21 24.27 -24.68 -24.14 0 0
24.53 24.48 -24.68 -24.45 0 0
24.23 24.24 -24.61 -24.23 0 0
24.03 24.18 -24.37 -23.99 0 0
24.22 24.39 -24.52 -24.14 0 0
24.61 24.64 -24.78 -24.53 0 0
24.56 24.62 -24.85 -24.47 0 0
24.31 24.44 -24.80 -24.39 0 0
24.34 24.48 -24.65 -24.21 0 0
24.46 24.53 -24.72 -24.35 0 0
24.59 24.73 -24.84 -24.55 0 0
24.68 24.73 -25.07 -24.71 0 0
24.87 24.92 -25.04 -24.72 0 0
24.68 24.69 -25.02 -24.60 0 0
24.70 24.71 -24.92 -24.46 0 0
24.61 24.64 -24.83 -24.44 0 0
24.41 24.49 -24.79 -24.34 0 0
24.55 24.72 -24.95 -24.64 0 0
24.78 24.88 -25.15 -24.72 0 0
25.13 25.19 -25.40 -25.06 0 0
25.23 25.43 -25.52 -25.05 0 0
25.08 25.18 -25.28 -24.93 0 0
2
Cek koneksi kabel sensor MPU6050 bus 0
2
Cek koneksi kabel sensor MPU6050 bus 0
2
Cek koneksi kabel sensor MPU6050 bus 0
2
Cek koneksi kabel sensor MPU6050 bus 0
2
Cek koneksi kabel sensor MPU6050 bus 0
2
Cek koneksi kabel sensor MPU6050 bus 0
2
Cek koneksi kabel sensor MPU6050 bus 0
2
Cek koneksi kabel sensor MPU6050 bus 0
2
Cek koneksi kabel sensor MPU6050 bus 0
2
Cek koneksi kabel sensor MPU6050 bus 0
2
Cek koneksi kabel sensor MPU6050 bus 0
2
Cek koneksi kabel sensor MPU6050 bus 0
2
Cek koneksi kabel sensor MPU6050 bus 0
2
Cek koneksi kabel sensor MPU6050 bus 0
2
Cek koneksi kabel sensor MPU6050 bus 0
2
Cek koneksi kabel sensor MPU6050 bus 0
2
Cek koneksi kabel sensor MPU6050 bus 0
2
Cek koneksi kabel sensor MPU6050 bus 0
2
Cek koneksi kabel sensor MPU6050 bus 0
 Start
Set MPU6050
Set MPU6050
Set MPU6050
Set MPU6050
Kalibrasi Mulai
2
Cek koneksi kabel sensor MPU6050
2
Cek koneksi kabel sensor MPU6050
2
Cek koneksi kabel sensor MPU6050
2
Cek koneksi kabel sensor MPU6050
2
Cek koneksi kabel sensor MPU6050
2
Cek koneksi kabel sensor MPU6050
2
Cek koneksi kabel sensor MPU6050
2
Cek koneksi kabel sensor MPU6050
2
Cek koneksi kabel sensor MPU6050
2
Cek koneksi kabel sensor MPU6050
2
Cek koneksi kabel sensor MPU6050
2
Cek koneksi kabel sensor MPU6050
2
Cek koneksi kabel sensor MPU6050
2
Cek koneksi kabel sensor MPU6050
2
Cek koneksi kabel sensor MPU6050
2
Cek koneksi kabel sensor MPU6050
2
Cek koneksi kabel sensor MPU6050
2
Cek koneksi kabel sensor MPU6050
2
Cek koneksi kabel sensor MPU6050
2
Cek koneksi kabel sensor MPU6050
2
Cek koneksi kabel sensor MPU6050
2
Cek koneksi kabel sensor MPU6050
2
Cek koneksi kabel sensor MPU6050
2
Cek koneksi kabel sensor MPU6050
2
Cek koneksi kabel sensor MPU6050
2
Cek koneksi kabel sensor MPU6050
2