=~=~=~=~=~=~=~=~=~=~=~= PuTTY log 2021.09.10 08:50:12 =~=~=~=~=~=~=~=~=~=~=~=
nan nan nan nan 973 910
nan nan nan nan 973 910
nan nan nan nan 973 910
nan nan nan nan 973 914
nan nan nan nan 973 916
nan nan nan nan 973 917
nan nan nan nan 973 918
nan nan nan nan 973 918
nan nan nan nan 973 918
nan nan nan nan 973 918
nan nan nan nan 977 918
nan nan nan nan 977 916
nan nan nan nan 977 910
nan nan nan nan 977 906
nan nan nan nan 977 889
nan nan nan nan 977 870
nan nan nan nan 977 870
nan nan nan nan 977 870
nan nan nan nan 977 874
nan nan nan nan 977 878
nan nan nan nan 977 886
nan nan nan nan 977 894
nan nan nan nan 977 894
nan nan nan nan 977 894
nan nan nan nan 977 894
nan nan nan nan 977 895
nan nan nan nan 977 898
nan nan nan nan 977 898
nan nan nan nan 973 898
nan nan nan nan 973 899
nan nan nan nan 973 899
nan nan nan nan 973 898
nan nan nan nan 973 899
nan nan nan nan 973 898
nan nan nan nan 973 895
nan nan nan nan 973 895
nan nan nan nan 973 895
nan nan nan nan 973 895
nan nan nan nan 973 898
nan nan nan nan 973 899
nan nan nan nan 973 900
nan nan nan nan 973 894
nan nan nan nan 973 894
nan nan nan nan 973 895
nan nan nan nan 973 898
nan nan nan nan 973 898
nan nan nan nan 973 898
nan nan nan nan 973 900
nan nan nan nan 973 899
nan nan nan nan 973 900
nan nan nan nan 973 900
nan nan nan nan 973 898
nan nan nan nan 973 900
nan nan nan nan 973 900
nan nan nan nan 973 900
nan nan nan nan 973 898
nan nan nan nan 973 900
nan nan nan nan 973 900
nan nan nan nan 973 899
nan nan nan nan 973 900
nan nan nan nan 973 902
nan nan nan nan 973 902
nan nan nan nan 973 902
nan nan nan nan 973 906
nan nan nan nan 973 906
nan nan nan nan 973 906
nan nan nan nan 973 907
nan nan nan nan 973 906
nan nan nan nan 973 906
nan nan nan nan 973 908
nan nan nan nan 973 908
nan nan nan nan 973 908
nan nan nan nan 973 906
nan nan nan nan 973 905
nan nan nan nan 973 906
nan nan nan nan 973 906
nan nan nan nan 973 906
nan nan nan nan 973 906
nan nan nan nan 973 906
nan nan nan nan 973 905
nan nan nan nan 973 907
nan nan nan nan 973 908
nan nan nan nan 973 908
naStart
Set MPU6050
Set MPU6050
Set MPU6050
Set MPU6050
Kalibrasi Mulai
Kalibrasi Mulai
Kalibrasi Mulai
Kalibrasi Mulai
-0.20 -0.09 -0.03 -0.26 966 904
-0.19 -0.07 0.02 -0.06 966 902
-0.24 -0.16 0.06 -0.27 966 902
-0.40 0.04 0.10 0.07 966 902
-0.23 -0.26 0.03 -0.24 966 900
-0.14 -0.24 0.07 -0.38 966 902
-0.27 -0.07 0.02 0.04 966 902
-0.20 -0.07 0.02 -0.17 966 902
-0.28 -0.14 0.04 -0.29 966 902
-0.32 -0.07 -0.06 0.07 966 902
-0.18 -0.20 -0.03 -0.10 966 901
-0.30 -0.17 0.08 -0.09 966 905
-0.29 -0.14 0.04 -0.11 966 904
-0.02 -0.10 0.07 -0.46 966 898
-0.21 -0.08 0.03 -0.02 965 900
-0.22 -0.10 0.02 -0.18 965 902
-0.23 -0.04 0.03 -0.22 965 902
-0.21 -0.20 0.10 -0.09 965 902
-0.15 -0.22 0.07 -0.18 965 902
-0.18 -0.20 0.02 -0.19 965 902
-0.16 -0.23 0.01 0.01 965 904
0.05 0.09 -0.01 -0.18 966 902
-0.26 -0.23 0.05 0.07 965 905
-0.15 -0.15 -0.00 0.05 966 905
0.13 -0.03 -0.04 -0.31 965 904
-0.00 -0.03 -0.00 -0.29 965 906
-0.26 -0.47 -0.19 0.08 965 906
-0.10 -0.31 0.04 0.18 965 902
-0.27 -0.25 0.05 0.06 957 900
-0.06 0.00 0.34 -0.02 950 890
0.01 -0.26 0.44 -0.07 945 882
0.11 0.32 0.50 0.11 934 857
0.03 -0.40 0.67 0.10 917 820
0.75 0.04 1.06 0.11 877 782
1.15 0.85 0.97 0.84 769 770
2.30 -2.09 1.72 0.27 497 780
-1.15 -5.49 1.40 -0.07 194 786
-2.52 -5.45 4.39 -1.67 86 660
-1.63 -1.19 4.26 -2.59 82 361
-0.92 2.41 -5.31 -0.80 65 88
-0.36 4.75 -9.12 0.68 45 91
0.63 5.50 -13.50 0.44 30 94
0.73 4.12 -12.32 -0.10 25 123
-0.74 4.09 -9.27 -0.46 0 59
0.28 4.89 -8.98 0.17 0 48
0.50 3.18 -3.58 -0.49 0 54
3.72 4.32 4.47 -0.70 0 70
6.27 6.52 10.89 -0.31 0 88
7.32 6.76 18.68 -0.65 429 15
2.46 3.89 -5.19 -1.55 927 0
-2.94 -9.42 0.36 -3.05 957 298
1.31 -0.17 2.43 -4.34 965 662
-2.69 7.79 0.05 -4.30 966 803
-3.28 -0.06 -0.79 -1.51 973 858
-1.99 4.33 -0.65 3.58 977 900
-2.36 0.77 -1.44 6.39 981 918
-0.82 -0.45 -1.55 2.43 981 926
-0.67 -0.19 -1.97 -3.07 977 934
0.17 0.56 -1.83 1.60 973 942
0.07 0.93 -1.39 6.89 965 948
0.63 0.18 -1.53 4.47 949 954
-0.78 1.46 -1.44 -0.44 918 956
-1.04 3.18 -1.43 0.16 849 959
0.23 -1.06 -1.87 0.26 625 960
0.97 -3.40 -1.92 -3.24 209 964
-1.42 -4.77 -1.93 -5.59 130 966
-4.60 -12.06 -0.54 -7.55 82 972
-11.20 -9.44 2.46 0.59 37 970
-9.88 -10.86 16.88 9.00 26 956
8.53 -5.54 25.30 7.91 30 590
10.08 -4.00 -1.71 1.50 34 48
17.09 -1.00 -13.95 4.00 24 102
16.78 -1.55 -14.36 6.68 8 103
13.16 4.06 -10.81 7.39 0 88
9.12 8.16 0.53 2.97 0 58
4.81 13.43 6.60 0.68 0 80
-6.82 11.36 6.36 -0.66 0 58
-1.26 4.01 23.45 0.27 141 62
9.11 3.30 38.65 1.85 0 68
13.40 0.01 46.84 0.41 390 95
9.16 -1.18 30.55 -1.14 961 85
-6.84 -3.10 14.47 -9.36 973 36
-5.29 5.23 8.70 -11.35 977 366
-8.44 8.96 1.28 2.97 981 606
-1.80 -0.97 -1.14 8.49 982 702
-1.78 2.09 -1.35 4.50 981 756
-1.62 0.82 -1.60 -0.66 981 766
-1.90 2.46 -1.58 7.28 981 797
0.09 0.52 -1.58 6.59 977 814
-0.23 -0.47 -1.53 0.57 973 828
0.48 0.78 -2.02 2.69 965 834
-0.13 0.61 -2.75 3.85 941 852
-0.04 -0.76 -2.43 -0.13 806 878
-0.18 -1.47 -2.21 -2.39 289 910
1.23 -0.10 -1.02 -5.25 139 938
-4.53 -6.24 -0.51 -6.68 101 959
-8.82 -12.92 0.40 -7.27 61 966
-17.02 -11.11 5.17 4.04 20 956
-16.52 -9.04 35.26 11.38 7 853
15.57 -13.38 13.38 3.35 15 0
25.29 -1.78 -16.53 2.21 23 0
23.44 1.08 -21.98 8.49 18 51
25.19 2.82 -9.64 6.33 0 0
16.11 9.57 -1.68 2.95 0 0
6.19 17.49 6.41 -0.02 0 0
-9.07 13.64 9.28 -0.84 0 63
-0.56 5.01 32.63 2.88 0 65
10.87 2.74 48.86 2.57 0 0
19.62 -1.55 61.19 0.54 235 0
3.18 -1.04 -7.17 1.11 966 0
0.31 -1.54 10.84 -10.28 977 0
-5.24 4.34 10.31 -12.38 981 638
-11.82 11.27 1.18 -2.41 981 773
-2.21 -0.38 -1.69 8.47 982 818
-1.53 1.15 -2.24 7.91 981 843
-1.99 0.68 -2.67 -0.53 981 865
-0.62 1.75 -2.47 4.20 973 886
0.88 -1.42 -2.11 7.89 965 908
0.04 -1.44 -2.37 3.50 950 926
-0.31 0.67 -2.71 1.08 917 941
1.61 0.35 -2.72 3.63 758 950
0.10 -0.58 -3.19 1.72 303 959
-0.94 -2.47 -2.95 -6.55 157 966
1.22 0.97 -2.54 -6.31 123 974
-11.14 -13.21 -2.77 -9.57 69 982
-18.61 -11.41 -1.17 -6.31 35 980
-19.30 -8.16 37.41 11.47 0 934
17.32 -18.97 18.99 10.72 4 169
20.37 -6.77 -12.82 -3.54 22 106
29.77 2.28 -21.09 8.45 0 117
38.89 3.42 -5.35 7.74 0 46
28.75 6.32 3.59 2.45 0 25
13.71 9.80 11.43 1.97 0 71
8.69 12.78 13.35 1.70 0 0
-9.11 10.56 13.37 0.93 0 54
-3.50 5.72 29.09 1.40 0 45
4.89 0.53 34.73 1.36 0 78
14.36 -2.36 45.88 -1.27 0 50
18.05 1.65 39.83 -4.01 541 21
-17.75 -0.11 -1.35 -2.84 973 0
3.77 0.53 1.84 -13.67 981 0
-3.22 16.48 5.84 -5.47 981 646
-5.53 2.33 0.91 8.67 982 762
-5.67 -1.70 -1.14 9.29 982 814
-0.76 0.26 -1.76 -2.18 981 836
-3.38 1.45 -2.08 2.06 981 858
-1.35 0.99 -1.62 7.60 981 878
-0.27 -1.51 -1.99 2.03 981 892
-0.86 0.61 -2.23 0.90 977 910
-0.09 -1.77 -2.59 3.99 973 926
0.43 -1.96 -2.66 1.94 965 940
0.43 -1.84 -2.37 -0.75 941 949
0.38 0.05 -2.34 -0.47 853 959
0.42 -2.74 -3.51 -1.46 311 964
-4.35 -10.42 -4.25 -4.65 109 969
-2.46 -2.08 0.64 3.07 29 966
-5.68 -5.68 8.60 12.13 11 956
2.10 0.52 18.93 8.09 4 878
13.09 -5.53 4.37 3.95 1 61
18.15 -1.11 -13.50 3.81 17 48
24.86 2.05 -8.36 3.82 10 0
24.92 1.63 -3.15 7.63 0 0
23.22 0.62 11.32 8.31 0 0
24.40 0.19 16.78 4.82 0 0
23.18 1.84 14.38 3.92 0 0
22.41 3.05 23.57 5.37 0 0
21.66 1.48 35.71 6.37 0 0
23.92 -0.81 41.65 8.38 0 0
29.31 7.69 40.40 6.24 0 0
26.58 4.85 18.02 7.52 0 434
-4.82 -10.97 8.11 11.16 845 820
-9.36 -7.84 0.55 7.59 965 860
0.82 -1.53 -1.83 1.99 977 886
-0.10 1.34 -0.93 1.27 977 894
0.09 -0.83 -0.73 0.58 977 908
0.38 0.12 -0.60 2.05 977 910
-2.65 1.09 -0.71 2.10 981 910
-0.91 1.59 -0.69 -0.94 981 910
0.07 0.97 -0.55 2.55 981 910
0.47 -1.93 -0.60 5.75 981 922
1.01 -1.09 -0.68 4.30 981 930
0.14 -3.09 -0.93 4.16 981 942
-0.47 -0.76 -0.95 2.35 977 950
-0.23 -1.01 -0.92 -0.29 973 956
0.02 -1.07 -1.28 -1.99 958 957
-1.81 -1.42 -1.01 -5.55 845 950
-1.21 -0.31 -0.96 2.56 269 934
-4.19 -3.03 3.22 5.16 141 862
-4.19 -2.67 3.31 1.43 107 64
0.34 -2.71 -1.11 0.85 61 11
6.78 -1.82 0.65 0.97 45 0
5.28 -5.22 -0.55 1.22 31 0
1.46 -2.67 -3.37 0.94 13 50
-1.62 -2.18 -8.22 0.36 0 88
-5.53 -3.77 -10.05 0.54 0 63
-5.52 1.62 -7.01 1.09 0 0
-2.88 5.08 -4.26 0.19 0 0
-1.46 6.94 4.36 -0.26 0 0
3.80 7.85 10.83 0.79 0 62
6.46 6.52 18.27 -0.35 0 25
11.91 3.45 27.31 0.28 0 0
16.22 4.22 36.71 -0.78 0 0
-5.58 1.88 -30.04 0.69 966 0
6.26 -10.68 7.59 -6.53 973 0
-1.02 0.20 5.19 -9.74 977 79
-9.42 9.71 3.78 -6.62 981 638
-5.39 1.73 -0.53 1.34 981 734
-2.09 2.04 -1.21 8.98 981 806
-2.79 -0.40 -2.19 1.86 981 838
-3.15 1.07 -2.14 -4.19 966 854
-1.02 6.42 -1.39 6.29 951 868
0.41 -0.48 -1.04 7.39 941 882
1.19 -1.20 -1.50 1.68 917 886
1.71 1.36 -1.73 2.39 821 878
-0.26 -1.60 -2.89 2.27 441 906
-0.24 -2.97 -2.78 -4.81 193 934
0.62 -0.37 -1.78 -6.41 129 959
-6.70 -13.34 -1.48 -11.57 67 974
-14.13 -10.81 0.43 -3.45 0 974
-21.17 -12.21 31.80 8.81 0 932
-11.61 -23.74 12.60 11.57 17 289
12.47 -9.84 -18.15 -0.06 14 93
22.31 0.09 -30.65 7.52 0 0
33.89 5.60 -19.18 9.36 0 48
25.33 11.23 -6.06 6.04 0 34
11.60 18.84 6.56 0.65 0 74
-9.94 21.21 10.92 -0.51 0 73
-7.50 3.88 35.87 1.31 0 0
12.83 2.40 56.99 0.34 0 61
29.54 -3.95 75.73 -2.38 765 0
-18.27 -13.24 28.20 -6.88 977 0
3.68 -0.88 13.10 -16.52 981 405
-11.53 17.10 5.89 -0.97 982 854
-2.61 -2.22 0.09 8.14 983 894
-6.14 2.55 -0.63 6.88 982 910
-1.00 -0.39 -1.89 -6.07 981 916
-2.17 4.22 -1.51 6.32 981 924
-0.63 2.03 -1.82 8.94 981 932
1.38 0.06 -2.53 2.78 977 940
3.02 -2.55 -3.00 2.79 965 953
0.06 -4.23 -3.71 2.42 791 966
0.07 -3.57 -4.66 -9.33 323 974
-10.59 -11.74 -4.23 -11.76 149 982
-22.18 -17.95 -1.75 -6.38 35 980
-29.19 -10.90 32.98 5.52 13 926
9.69 -21.67 11.83 8.83 15 306
28.52 -4.51 -20.29 0.13 37 130
26.88 1.75 -24.47 10.70 0 49
38.41 5.60 -16.98 9.24 0 0
30.74 12.28 -1.72 4.32 0 0
19.53 16.88 9.93 -0.89 0 119
-1.29 19.35 12.13 3.17 0 63
-12.33 5.76 29.29 1.66 0 116
7.66 -2.06 45.32 -1.73 0 128
19.02 -2.63 64.78 1.94 26 75
2.70 -5.01 -11.00 1.08 966 0
-1.21 -1.61 11.45 -11.62 977 0
2.45 13.30 11.12 -12.27 981 729
-13.53 5.55 3.32 -1.95 982 822
-2.61 -0.10 -0.49 7.38 982 857
-1.01 0.55 -1.44 4.90 981 892
-4.05 0.88 -1.61 -2.35 977 910
-2.07 1.98 -0.98 3.86 973 918
0.34 0.47 -0.77 7.31 966 926
-0.81 -0.46 -0.96 4.17 965 934
0.20 3.07 -1.20 0.70 965 934
-0.35 0.42 -2.40 1.48 961 939
1.52 -3.72 -3.05 0.99 913 948
0.44 -3.87 -3.18 -2.36 441 959
-2.27 -4.38 -3.78 -7.55 153 966
-6.79 -12.99 -2.54 -7.57 91 974
-14.03 -9.76 0.63 2.36 22 972
-21.83 -7.72 26.93 9.41 11 942
10.18 -20.83 10.79 8.83 21 185
18.30 -7.40 -17.36 0.80 0 142
32.54 4.09 -22.46 4.55 0 50
35.46 7.54 -13.94 7.34 0 59
24.93 10.16 1.59 3.05 0 110
12.53 9.49 12.95 -0.17 0 86
2.74 8.64 14.60 1.54 0 65
2.26 10.55 19.78 1.76 0 128
10.57 2.45 30.17 0.18 0 145
10.93 0.74 34.74 1.15 0 84
13.01 -1.07 31.34 -0.04 753 0
-11.49 0.87 -11.66 -1.31 965 0
-0.91 -2.63 3.22 -10.24 973 757
-4.93 15.94 3.55 -4.65 981 846
-4.48 0.41 0.24 6.75 981 874
-5.78 -2.22 -0.13 9.72 981 891
0.04 0.03 -0.42 -3.68 981 900
-3.57 1.90 -0.73 1.22 981 898
-1.06 -0.19 -0.58 7.18 982 908
0.11 -1.62 -0.52 2.60 981 918
-1.12 0.14 -0.52 4.12 981 924
-1.04 0.29 -0.66 5.79 981 924
-2.01 -1.25 -0.63 2.94 981 918
-0.47 -0.41 -0.70 2.09 981 916
-0.52 -0.50 -0.78 3.44 981 917
-0.12 0.31 -0.94 2.72 981 908
1.78 -2.98 -1.42 3.32 977 870
1.15 -2.69 -0.78 5.47 945 821
-3.75 -1.32 3.02 7.25 725 718
-8.30 -7.43 9.48 1.86 325 202
3.14 -7.58 14.05 1.44 169 157
10.66 2.70 3.93 7.89 140 30
9.64 6.89 0.12 4.59 85 0
7.04 5.02 -2.17 1.06 63 0
3.33 2.86 -4.55 2.55 44 0
1.36 2.28 -9.76 3.25 28 0
1.06 1.30 -11.32 3.43 46 0
0.58 2.03 -11.37 2.76 37 0
-1.01 0.98 -6.40 1.76 40 0
0.04 2.87 -3.10 1.56 55 0
1.01 5.51 -3.20 2.24 64 0
4.49 6.38 -4.79 -0.28 99 0
5.04 6.55 5.05 -1.39 886 0
-4.07 -4.97 -4.08 -1.95 949 286
-1.68 -5.69 2.00 -4.46 965 654
-6.12 10.75 1.45 -3.66 981 782
-0.73 0.98 -0.18 2.82 981 820
-1.21 0.44 -0.72 9.33 982 838
0.01 0.62 -1.40 5.67 989 854
-1.01 0.97 -1.62 -3.61 989 862
-1.98 1.69 -1.72 0.91 989 878
-1.19 2.29 -2.05 5.64 989 876
-0.79 1.02 -1.63 4.77 989 878
-0.43 -0.64 -1.56 3.38 989 884
0.41 -0.23 -1.79 5.48 983 894
0.18 0.11 -1.86 6.34 983 906
-0.24 1.46 -1.98 2.91 982 918
-0.51 3.60 -1.97 0.05 982 932
0.47 0.81 -2.43 0.25 981 940
1.97 -1.20 -2.55 -1.09 966 948
0.80 -5.08 -4.09 -6.16 774 953
-4.20 -12.27 -4.59 -9.64 323 960
-15.01 -13.76 0.83 5.86 169 964
-19.06 -6.62 12.25 5.86 113 954
-3.49 -17.10 17.36 6.43 84 436
6.53 -8.28 -10.14 4.85 69 73
21.59 1.12 -21.39 5.48 69 82
20.41 2.49 -20.99 8.36 41 72
17.95 7.48 -13.02 7.59 0 50
4.90 10.44 1.59 0.74 0 166
-2.36 14.23 8.76 1.98 0 156
-8.49 12.72 11.58 2.27 0 57
8.94 8.06 39.26 -1.08 0 0
16.33 -1.47 62.27 -0.75 0 0
22.90 -0.33 56.14 -2.74 950 0
-12.26 -14.91 16.69 -8.05 977 0
-1.38 -3.95 8.89 -12.85 981 604
-12.14 21.60 5.65 -0.90 982 836
-3.81 -2.57 0.20 7.87 983 878
-3.59 2.76 -0.49 8.24 983 900
-1.95 0.49 -1.69 -1.36 982 910
-2.28 1.68 -1.72 4.66 981 918
-0.81 0.14 -1.95 8.11 977 926
0.59 -0.51 -2.45 2.55 973 934
1.56 0.63 -2.15 1.45 965 942
0.01 -0.47 -3.20 3.54 909 950
-0.44 -6.44 -4.30 -2.36 417 960
-0.11 -2.47 -2.94 -8.22 219 972
-14.25 -10.98 -2.18 -10.67 137 980
-20.51 -13.54 0.21 -3.38 31 978
-23.94 -9.45 35.02 9.19 15 933
11.14 -19.27 11.73 9.42 28 253
24.09 -3.42 -28.93 -1.51 38 98
24.23 1.22 -27.12 8.90 13 0
30.79 5.11 -10.71 8.90 0 86
18.90 9.80 4.87 2.45 0 77
5.17 14.41 13.93 1.06 0 132
-10.72 14.29 13.85 2.17 0 101
-1.31 5.68 33.14 0.96 0 145
6.83 0.56 39.61 0.15 0 147
18.25 -0.45 51.33 -2.06 0 0
15.01 1.66 29.04 -4.28 934 0
-13.97 -14.24 11.64 -5.45 977 46
-4.77 -4.15 10.31 -14.17 981 86
-10.88 13.51 6.62 -2.45 983 766
-1.95 -2.67 0.72 9.70 983 831
-5.38 1.80 -0.65 6.44 982 857
-1.69 -0.13 -1.72 -2.24 981 874
-1.99 2.51 -1.22 6.90 973 894
1.06 -0.56 -1.07 7.74 966 910
-0.42 1.37 -1.55 1.34 961 922
1.35 1.84 -1.87 1.11 941 918
0.28 -2.11 -3.21 3.65 821 932
-0.97 -3.52 -4.07 -2.51 319 950
-0.16 -2.38 -2.69 -6.83 173 970
-9.66 -10.46 -1.96 -10.38 117 979
-17.73 -14.19 -0.63 -3.43 42 980
-20.54 -6.97 25.23 3.88 10 960
13.59 -14.69 20.15 15.75 27 244
9.01 -7.59 -14.51 0.24 40 95
26.07 1.31 -30.20 5.91 17 0
29.22 2.47 -18.57 10.32 0 0
23.73 10.40 -5.63 4.91 0 56
10.90 17.78 8.54 0.36 0 106
-4.83 17.90 14.73 1.23 0 135
-10.50 6.47 20.85 2.91 0 85
10.82 1.51 38.07 -0.39 0 0
21.38 -2.54 56.68 -2.55 0 35
9.56 -1.16 -2.55 -2.38 967 67
-3.25 -11.73 17.38 -11.83 981 0
-4.80 5.45 10.67 -10.09 981 150
-11.27 10.29 4.86 4.95 982 622
-1.84 -2.50 0.26 8.38 983 750
-2.47 -0.02 -1.02 0.48 982 810
-2.86 1.63 -1.68 -1.36 981 841
-1.67 1.65 -1.52 7.42 977 862
2.35 -0.09 -1.11 4.78 965 886
-0.91 0.42 -0.96 2.41 957 908
-0.84 2.81 -1.26 1.06 957 918
-1.73 2.51 -1.76 0.70 949 926
0.68 -2.24 -1.98 1.39 913 934
0.80 -3.19 -2.31 -0.94 679 942
0.36 0.33 -2.46 -2.86 221 954
-6.31 -7.45 -2.25 -5.08 109 952
-1.13 -7.79 0.77 -3.80 36 956
-12.06 -11.94 7.24 6.54 24 952
3.44 -10.44 29.04 7.09 26 859
19.09 -14.79 7.28 2.71 38 0
32.88 1.48 -8.49 6.51 21 25
31.51 11.94 -6.39 9.12 17 51
27.58 7.38 -7.14 7.41 0 48
18.56 3.62 -1.22 5.11 0 139
11.30 5.35 -0.09 3.41 0 83
12.21 8.35 1.40 3.26 0 82
10.51 5.15 3.09 2.53 0 0
7.23 1.83 1.86 2.78 0 0
3.73 1.97 -7.82 2.64 102 0
-2.47 -0.98 -0.15 1.45 821 0
-7.46 -2.27 0.84 -2.13 917 472
3.37 1.03 2.11 -2.84 950 756
-9.23 -1.25 -0.26 -0.88 965 781
0.86 4.31 -0.38 2.49 973 798
-0.98 -0.57 -0.59 6.81 977 820
-1.54 -1.17 -0.87 3.87 981 829
0.23 -0.24 -0.99 -2.31 981 836
-1.12 -0.23 -0.74 1.86 981 852
-1.41 0.19 -0.56 4.77 981 868
-0.84 -0.07 -0.33 2.42 981 874
-0.64 0.05 -0.29 4.17 981 878
-1.36 0.94 -0.30 5.44 981 869
-0.86 -0.24 -0.18 3.29 981 842
0.26 -1.11 -0.54 2.36 981 826
-0.55 1.31 -0.62 0.33 981 810
1.45 -0.67 -0.52 -0.99 981 753
5.36 -9.00 -2.12 2.87 941 610
-7.50 -10.60 -5.59 10.78 485 597
-12.40 -7.14 -0.40 4.04 215 350
2.01 -4.20 -4.99 0.17 139 27
2.80 -1.59 -21.20 6.14 64 0
1.41 6.49 -21.84 6.44 38 0
0.41 5.83 -15.23 2.00 23 0
-0.55 4.00 -16.19 3.24 2 0
0.59 5.11 -12.88 3.57 0 0
1.61 5.85 -8.26 2.95 0 50
4.29 6.76 -2.75 1.11 0 0
5.60 7.90 -0.39 -0.14 0 0
7.67 8.62 4.98 -0.61 0 0
10.10 9.95 16.42 -0.74 573 0
-6.58 0.91 -18.52 -1.44 973 0
2.49 -7.12 -1.25 -10.99 981 0
1.84 12.93 4.91 -8.17 981 0
-9.68 6.87 1.69 4.16 982 80
-3.23 -0.69 -0.88 10.67 983 0
-0.39 0.79 -1.83 3.67 983 0
-2.55 0.64 -2.43 -1.67 981 118
-0.86 2.21 -2.15 7.48 981 521
1.40 -0.60 -1.71 7.66 973 704
-0.76 -0.40 -1.46 3.01 961 766
0.58 2.51 -1.66 2.83 945 794
-0.03 1.91 -1.94 2.87 886 798
1.57 0.60 -1.97 1.43 678 828
-0.36 1.38 -1.94 -0.30 267 876
0.76 -0.68 -1.07 -3.96 177 918
-0.08 -0.44 -0.89 -6.26 81 946
-10.69 -15.35 -0.15 -10.37 63 960
-20.28 -13.25 2.98 -1.51 0 959
-20.84 -9.08 34.74 10.33 0 831
-6.46 -23.25 9.39 9.26 0 97
14.66 -5.68 -18.01 1.50 0 59
18.03 -0.64 -25.10 9.36 0 0
28.48 3.74 -15.66 11.34 0 0
19.67 12.37 -1.68 4.99 0 0
7.22 21.89 13.77 0.86 0 158
-12.11 16.41 19.27 2.69 0 98
1.73 5.52 38.14 2.98 0 0
14.58 3.01 58.86 -2.21 0 0
27.91 -3.18 72.53 -4.76 333 0
-22.41 -0.43 16.11 -3.39 981 45
5.41 -8.49 13.83 -17.62 982 67
-5.46 13.61 6.92 5.17 983 198
-3.96 -2.24 1.54 12.66 989 556
-6.33 1.27 -1.21 -0.50 982 539
-3.37 1.73 -2.02 -4.20 981 586
-0.68 1.56 -1.98 9.90 977 678
2.16 -1.89 -1.39 7.62 973 772
0.86 2.09 -1.38 0.76 966 814
1.59 2.20 -2.43 3.59 965 831
-0.62 -0.21 -3.26 3.09 929 846
-1.48 0.49 -3.56 -2.42 609 878
0.42 -2.12 -2.85 -4.69 255 918
-1.92 -3.13 -2.91 -7.10 144 942
-10.04 -14.53 -3.05 -8.04 75 960
-20.66 -14.05 2.30 -2.86 0 955
-19.18 -9.57 32.30 12.36 2 760
-11.07 -21.41 4.84 4.38 33 143
23.83 -4.28 -17.81 0.49 15 36
19.48 0.71 -21.41 10.32 0 0
31.23 6.84 -10.63 7.94 0 0
20.51 15.75 1.44 3.10 0 6
6.84 22.76 15.22 -0.55 0 102
-12.99 14.13 21.45 2.94 0 0
7.40 5.29 43.48 0.77 0 0
21.20 -1.25 67.97 -2.90 0 0
14.53 -3.93 -4.91 -0.30 977 0
-4.35 0.12 14.74 -15.71 981 0
-7.66 18.95 13.23 -13.25 982 374
-13.48 3.73 2.99 4.70 983 770
-3.52 -0.70 -0.36 11.33 983 806
-1.83 1.39 -1.32 -1.28 982 846
-3.80 1.27 -1.74 -0.08 981 861
-2.30 3.24 -1.69 9.05 981 860
1.44 -0.24 -2.01 5.39 981 870
1.24 -1.43 -2.24 0.24 977 886
2.41 0.05 -3.06 3.12 966 894
1.69 -1.40 -3.73 3.08 925 914
0.25 -2.25 -4.71 -4.21 417 940
-2.43 -6.12 -5.35 -8.46 189 962
-11.16 -12.35 -2.13 -8.35 109 974
-21.12 -12.69 0.13 -1.96 19 969
-22.65 -9.17 39.78 13.81 27 862
7.74 -22.76 25.21 -1.12 12 176
33.95 -4.04 -14.81 0.22 9 35
41.71 2.36 -15.73 11.64 5 21
47.93 3.80 -8.43 9.57 0 0
43.85 7.92 1.64 4.05 0 0
37.84 11.84 20.15 2.85 0 85
45.22 18.34 33.10 5.58 0 0
20.89 13.00 37.31 2.76 0 0
1.85 1.55 55.89 2.17 0 0
9.16 -16.90 75.66 5.33 0 0
18.24 -3.73 71.92 4.11 621 0
16.52 0.91 53.51 6.13 949 0
-20.83 -18.08 7.74 1.68 973 766
2.31 -1.54 4.02 1.41 981 838
0.07 0.56 0.25 4.83 981 870
-3.48 2.33 -1.05 4.97 981 884
2.22 2.29 -1.51 2.97 981 901
-0.04 1.24 -1.10 4.90 981 918
0.82 -0.73 -0.85 6.07 982 926
-0.91 -1.61 -0.86 5.21 982 934
-0.65 -1.62 -0.70 4.32 982 934
-2.24 -1.03 -0.87 5.13 982 931
-1.99 -0.52 -0.94 5.23 982 926
-1.69 -0.90 -0.66 5.60 982 916
-0.16 -0.53 -0.69 2.76 982 899
0.28 -0.70 -0.20 -1.35 981 894
2.25 -0.88 2.09 -6.20 966 840
-3.50 1.55 -9.89 5.06 845 358
-14.37 4.42 1.13 5.09 513 0
5.91 4.48 8.64 -4.41 263 0
5.56 -9.18 14.08 -0.29 166 0
-2.86 -5.24 9.85 0.51 99 34
-2.63 -2.32 -5.87 -0.64 71 168
-3.31 0.22 -14.37 2.43 57 96
-3.38 3.66 -15.64 1.82 33 0
-1.78 1.81 -11.22 0.28 0 0
-1.34 4.65 -8.16 -0.22 0 0
3.18 8.12 -1.47 1.14 0 0
7.15 7.73 3.36 1.63 0 83
10.26 8.19 11.92 -0.18 0 42
10.19 9.91 20.87 -0.21 0 0
5.14 6.16 -16.31 -0.75 965 0
-2.77 -16.82 8.23 -7.65 973 0
-2.85 0.06 1.96 -7.87 973 0
-5.80 16.88 6.45 -6.05 981 661
-4.18 -1.62 0.51 -2.87 981 825
-3.05 4.37 -0.77 10.21 981 893
-1.44 -1.48 -1.56 11.47 965 918
-2.50 -0.94 -1.26 -0.40 897 938
-1.09 2.22 0.03 3.15 573 946
0.56 4.19 1.00 8.79 257 956
0.51 1.53 1.91 5.62 145 962
3.76 6.14 2.77 4.46 129 964
4.20 4.94 2.02 8.01 136 962
0.53 -1.63 -0.96 2.17 110 966
-2.91 -3.29 -1.11 -5.40 76 970
-1.63 -6.25 -1.19 -9.08 53 974
-12.18 -14.38 -0.93 -15.75 0 980
-15.40 -10.20 3.58 1.72 0 974
-24.15 -13.35 30.64 15.54 0 933
-4.58 -22.92 9.57 5.98 0 197
15.05 -7.29 -15.45 -1.50 0 9
16.48 -0.58 -23.26 8.87 0 0
28.14 5.33 -10.93 10.75 0 11
20.42 11.58 -2.10 7.17 0 0
14.12 21.13 9.23 1.19 0 0
-8.73 21.48 7.35 0.52 0 163
-3.48 5.14 31.96 2.69 0 91
12.47 1.73 55.10 2.40 0 121
29.91 -0.02 75.76 -2.27 233 0
-21.39 -8.46 11.16 -3.57 981 0
7.57 -2.06 7.12 -18.88 981 40
-9.96 24.57 9.43 -3.42 982 565
-5.30 0.26 2.16 9.32 989 667
-4.22 0.89 -0.78 7.33 982 754
-1.54 1.78 -1.51 -5.96 981 810
-3.60 2.17 -2.26 5.93 981 838
-0.20 0.45 -1.44 9.74 977 862
0.45 0.56 -1.90 2.80 967 870
0.29 2.60 -2.25 1.28 965 876
0.48 -0.41 -3.08 3.63 945 876
0.44 -1.67 -3.72 1.00 805 878
-0.68 -3.45 -4.12 -2.98 269 920
-3.40 -6.51 -3.63 -9.06 175 942
-7.45 -12.11 -2.99 -7.85 101 955
-16.83 -12.52 -0.38 1.23 8 955
-22.33 -7.93 28.66 7.98 0 904
1.31 -20.49 13.87 7.94 8 130
10.46 -6.94 -13.26 -1.92 11 50
22.51 -0.26 -22.72 7.25 0 0
26.86 6.20 -13.99 10.30 0 0
19.01 13.35 -1.07 6.82 0 0
4.94 19.05 10.09 1.76 0 99
-10.87 12.85 20.34 0.54 0 86
0.83 4.32 37.89 2.55 0 71
13.74 0.10 49.10 -1.91 0 21
19.75 0.51 50.91 -3.32 0 0
4.04 6.84 -27.25 -1.93 977 0
-3.92 -7.28 15.15 -15.45 981 0
-1.62 12.05 12.41 -9.75 983 593
-10.09 4.51 3.09 7.99 989 838
-3.54 -1.02 0.27 7.60 983 854
1.03 2.79 -0.76 -4.43 982 876
-5.47 2.19 -1.73 3.18 981 886
-2.26 1.73 -1.48 9.67 981 892
1.32 -0.07 -1.84 2.08 981 900
0.45 0.37 -2.29 3.05 981 908
1.51 -1.28 -3.00 4.00 973 923
1.36 -2.42 -3.22 -1.21 929 937
-0.40 -2.34 -4.07 -4.86 437 950
-6.60 -6.09 -4.97 -7.93 194 959
-10.03 -12.61 -1.04 -8.27 123 962
-21.54 -8.42 3.84 4.64 43 959
-19.19 -16.29 33.46 13.44 31 552
5.16 -30.17 10.03 -3.10 47 147
41.45 -3.86 -27.87 1.23 15 0
46.45 7.85 -20.47 12.09 0 0
48.25 11.16 0.00 9.52 0 0
39.49 16.00 16.22 2.68 0 78
30.52 12.16 22.47 1.02 0 193
26.60 9.79 18.35 3.57 0 0
9.92 6.32 15.44 -0.58 0 30
1.88 1.43 8.40 -2.10 0 0
3.67 1.90 -0.77 -0.05 0 0
0.75 1.32 1.37 -2.50 845 12
-14.85 -4.55 -1.88 -6.10 941 528
7.17 -6.36 2.22 -6.59 966 730
-7.05 8.16 0.03 -2.85 977 742
-0.22 3.00 -1.24 7.22 981 762
-1.05 -0.61 -1.10 5.10 977 789
-0.67 0.92 -0.55 -0.31 977 811
-1.69 0.71 -0.90 1.60 977 842
-0.34 -1.26 -0.36 5.83 973 870
-0.37 1.79 0.01 3.68 973 890
-1.08 0.26 -0.36 3.83 973 904
-0.01 0.51 -0.50 5.52 977 918
-0.92 0.80 -0.41 6.39 977 924
-0.73 2.56 -0.20 4.72 981 930
-0.48 1.75 -0.71 2.64 981 926
-0.09 0.32 -0.90 1.86 981 918
-0.16 1.64 -0.95 1.02 981 914
1.26 2.12 -1.21 3.45 981 906
3.52 -4.74 0.30 5.34 965 875
1.22 -6.12 0.81 12.13 909 850
-8.10 -7.81 6.34 3.82 439 749
-2.16 -11.62 3.12 3.54 167 362
2.01 -8.57 -7.90 6.22 67 0
0.09 3.06 -17.30 6.37 59 0
-0.74 4.19 -20.07 6.12 43 0
-1.64 4.16 -21.24 6.09 36 0
-1.78 2.11 -21.84 5.80 0 0
-1.02 3.10 -15.13 5.34 0 48
0.24 2.75 -16.40 4.60 0 106
4.02 5.58 -6.46 2.13 0 80
5.36 8.83 -8.00 2.22 0 0
6.26 10.42 -4.49 1.04 0 0
8.32 10.83 5.32 -1.39 0 0
10.05 10.49 15.82 -0.78 485 0
-9.53 2.10 -27.40 2.08 973 0
3.62 -6.67 -0.35 -7.36 977 0
1.35 4.27 6.01 -8.38 981 0
-5.57 13.73 2.11 -4.22 982 454
-5.64 -1.81 -1.23 6.04 982 620
-2.43 1.37 -2.07 9.45 982 698
-1.18 0.11 -2.67 0.97 981 756
-2.90 1.07 -2.41 2.28 973 806
-0.10 1.20 -1.92 7.43 965 844
-0.52 -0.81 -1.72 4.89 941 866
1.86 1.70 -1.15 2.12 913 874
-0.30 3.47 -1.44 3.59 845 893
0.81 -0.72 -1.97 2.66 625 910
0.31 -1.21 -2.34 -1.80 197 932
-0.55 -2.79 -1.87 -4.89 95 948
-6.28 -9.66 -1.73 -12.00 39 962
-13.90 -16.28 -2.50 -6.71 0 966
-23.75 -10.72 15.63 4.57 0 946
0.59 -16.72 21.87 14.39 0 237
-16.37 -17.36 -8.27 -2.25 0 118
29.06 -0.21 -26.27 6.30 0 0
29.55 1.51 -18.62 12.92 0 0
29.56 11.19 -4.17 9.28 0 46
17.28 14.85 8.92 1.50 0 124
-1.52 22.75 17.19 -0.00 0 127
-13.31 11.40 22.13 3.73 0 104
9.56 2.79 40.96 0.53 0 60
21.47 -0.18 62.90 -0.76 0 0
18.88 -1.45 38.95 -5.07 957 0
-11.26 -14.50 29.26 -13.16 981 0
-8.58 1.14 11.59 -14.45 982 0
-7.58 16.07 7.02 5.02 983 649
-2.68 -4.84 2.05 13.26 983 766
-2.50 1.48 -0.32 0.21 982 838
-2.47 1.18 -1.34 -2.68 981 874
-1.75 3.02 -1.11 9.94 977 898
1.74 -0.61 -1.19 5.68 973 913
0.03 2.77 -1.28 0.23 966 918
-0.00 2.45 -2.86 2.61 957 926
0.43 -1.18 -3.42 3.76 854 934
-1.57 -5.88 -4.55 -5.64 337 947
-0.75 -2.25 -4.15 -7.60 175 960
-14.00 -13.07 -2.33 -6.43 90 966
-21.43 -11.96 4.43 -3.99 27 957
-21.25 -12.39 25.84 11.42 32 338
-16.20 -20.39 0.48 2.25 34 145
25.79 -2.33 -32.03 -0.05 37 0
26.69 3.05 -25.38 12.77 0 0
27.51 10.05 -12.04 11.00 0 0
17.88 16.09 5.87 1.55 0 60
1.64 19.82 14.05 0.32 0 118
-10.14 10.49 18.56 2.25 0 67
3.43 4.26 29.90 1.69 0 70
12.97 -1.40 45.00 -1.77 0 0
19.11 -0.71 58.30 -4.06 601 54
-20.18 -13.66 23.58 -4.95 981 163
0.99 -8.61 11.72 -17.67 982 1
-4.11 18.38 7.80 0.49 983 397
-1.09 -0.55 1.43 12.57 983 774
-5.05 1.48 -0.19 4.59 981 838
-1.54 0.14 -0.84 -3.37 981 862
-0.52 2.94 -1.00 10.77 973 877
1.08 0.94 -1.49 8.07 965 894
-0.97 2.03 -1.68 -0.61 957 910
-0.23 3.49 -1.94 -0.38 941 922
0.61 -0.04 -2.73 2.48 829 934
0.01 -2.35 -3.14 0.67 314 942
1.56 -2.56 -2.65 -4.05 185 954
-6.94 -7.34 -3.62 -11.01 131 964
-23.13 -16.99 -3.45 -11.80 49 970
-25.15 -10.27 13.87 1.80 0 954
14.19 -16.97 17.95 18.41 0 324
6.15 -12.74 -5.23 -5.29 5 83
29.61 1.13 -24.00 4.21 9 0
36.75 5.54 -13.26 13.06 0 0
34.40 9.07 1.96 7.63 0 0
22.47 10.80 16.95 3.20 0 0
10.95 12.71 26.31 1.94 0 0
-7.65 4.32 29.82 3.36 0 0
3.07 0.13 39.55 0.03 0 0
6.22 -0.97 44.16 0.93 0 0
13.69 0.15 47.98 2.60 0 2
14.37 1.86 44.84 1.28 374 43
5.77 10.43 24.44 2.90 966 0
-12.07 -16.02 10.80 -3.37 981 0
-1.57 -1.24 6.83 2.69 981 186
-6.35 2.02 0.64 7.49 981 483
-2.68 -1.52 -1.83 0.48 982 674
0.91 0.29 -1.83 0.97 981 778
-0.90 0.86 -1.89 3.56 981 814
0.24 -0.66 -1.73 3.76 981 838
-0.59 -1.12 -1.70 3.41 981 860
-0.68 -0.17 -1.95 4.59 981 860
-1.62 0.01 -2.04 3.69 981 870
-1.84 -0.53 -2.11 2.17 981 876
-0.71 -1.30 -2.14 1.89 981 883
-0.54 -0.57 -2.15 4.75 981 884
-0.69 0.04 -2.36 5.22 981 878
-0.67 -0.83 -2.50 3.66 981 865
-0.53 -1.63 -2.53 5.53 977 832
0.07 1.14 -2.40 4.67 965 768
1.01 1.61 -2.28 4.88 935 726
-2.61 -0.08 -2.41 8.37 813 638
-0.02 -2.62 -0.65 9.52 335 510
2.02 -0.64 3.07 17.24 153 467
3.05 -1.79 8.34 14.99 67 205
2.12 -1.06 13.61 14.70 53 0
2.87 1.04 8.45 13.63 41 0
1.81 0.05 1.43 14.39 41 0
3.68 2.23 -2.91 17.95 35 0
4.91 0.91 -9.87 14.30 33 0
4.94 9.58 -14.11 13.38 21 0
3.87 1.36 -11.65 14.87 0 0
5.50 1.10 -4.59 13.83 0 0
6.15 1.06 -1.97 13.16 0 0
6.33 0.72 -0.24 11.73 63 0
6.16 0.83 -1.63 10.55 134 366
3.88 -1.01 3.13 11.06 213 570
2.08 -1.09 1.97 7.86 497 684
2.86 0.49 0.41 7.23 693 740
1.67 -2.15 -1.03 6.31 813 772
2.56 0.20 -1.51 5.97 861 790
1.77 -1.54 -1.62 5.86 885 812
2.08 -0.43 -1.83 4.33 902 831
1.89 -0.48 -2.10 4.27 913 842
1.95 -0.06 -1.86 4.94 918 854
1.88 -0.12 -1.89 4.14 929 862
0.74 -1.55 -1.87 3.27 941 870
-0.68 1.93 -1.84 4.83 961 870
-0.72 3.21 -3.06 5.57 973 870
1.34 -0.59 -3.20 1.79 977 878
1.00 -0.79 -2.59 0.86 981 885
1.50 -1.36 -2.37 1.09 981 892
0.99 -1.02 -2.13 4.64 981 894
0.27 0.94 -2.25 5.86 981 894
-1.20 -0.81 -2.44 6.40 977 890
-1.43 -1.41 -2.43 5.76 966 866
-0.32 0.75 -2.17 7.21 957 838
-0.32 1.07 -1.78 12.00 929 798
1.33 -0.30 -1.28 7.66 861 769
0.49 -1.50 -1.52 17.04 637 721
1.17 2.04 -0.34 20.65 302 686
3.29 0.74 0.58 18.58 203 678
2.60 -0.17 0.75 23.12 109 707
4.73 3.17 1.61 25.21 75 712
4.48 2.44 0.62 23.12 128 714
4.28 1.92 -0.07 25.08 453 706
1.92 -1.15 -0.62 27.70 653 712
1.79 -0.62 -1.39 28.13 741 714
1.92 0.49 -1.22 28.69 749 713
2.77 0.90 -1.23 29.32 749 708
3.95 0.12 -1.18 30.53 757 706
4.07 0.97 -1.34 29.99 781 686
3.86 0.40 -1.59 30.79 813 686
3.02 0.39 -1.49 31.19 829 696
2.83 0.74 -1.71 31.27 837 684
3.46 0.57 -1.67 31.74 838 686
3.62 0.81 -1.54 30.35 845 686
3.62 0.65 -1.50 31.43 849 692
2.95 0.38 -1.55 30.45 845 694
3.47 1.00 -1.52 31.59 839 703
3.43 1.21 -1.27 31.12 838 703
3.75 1.73 -1.28 31.36 849 698
3.49 0.63 -1.77 31.01 855 710
3.22 0.42 -1.64 31.24 861 718
3.22 1.03 -1.46 31.49 855 718
3.60 1.24 -1.44 31.30 863 725
2.92 0.89 -1.50 31.61 861 722
3.26 0.63 -1.56 31.13 861 722
3.13 0.97 -1.47 31.86 845 724
3.76 1.00 -1.27 31.92 849 700
3.36 1.23 -1.50 31.39 853 709
3.01 0.29 -1.62 30.55 853 714
2.80 0.64 -1.51 30.69 823 704
3.19 0.99 -1.30 31.24 805 703
3.92 1.72 -1.15 30.76 821 710
3.24 0.79 -1.35 30.99 829 714
3.39 0.86 -1.47 31.51 837 717
2.88 0.66 -1.37 31.83 838 722
3.73 1.62 -1.28 31.29 845 726
3.38 0.95 -1.41 31.88 855 730
2.94 0.26 -1.62 31.70 865 724
2.90 0.69 -1.68 31.45 854 724
3.28 0.93 -1.44 31.63 849 726
3.21 1.32 -1.40 31.94 845 716
3.09 0.84 -1.50 31.87 837 718
3.49 0.86 -1.40 33.22 833 726
3.28 0.94 -1.42 33.18 829 729
3.55 1.25 -1.45 33.36 829 732
3.08 0.66 -1.40 33.14 833 742
3.18 0.93 -1.36 33.68 837 742
3.29 1.00 -1.56 33.31 837 748
3.49 1.11 -1.34 33.84 845 753
3.12 0.91 -1.36 32.99 849 750
3.18 0.66 -1.47 33.34 853 754
3.06 0.94 -1.54 34.26 861 756
2.85 0.75 -1.58 32.9