-0.03 -0.61 1.10  -0.09 0.59 -0.31 -32.07 -0.06 -0.60 1.12  -0.02 0.63 -0.46 -31.46 -0.05 -0.60 0.95  -0.08 -2.62 -1.26 -35.70 -0.02 -0.61 1.11  -0.77 -3.97 -2.16 -31.98 966 407
-0.03 -0.61 1.10  -0.13 -0.24 -0.45 -32.01 -0.06 -0.60 1.12  -0.43 1.13 -1.74 -31.49 -0.06 -0.60 0.95  -0.46 0.42 -2.02 -35.76 -0.03 -0.61 1.11  -0.10 0.47 -0.69 -32.03 966 462
-0.03 -0.61 1.10  -0.22 -0.48 -0.61 -31.98 -0.06 -0.60 1.13  -0.40 0.76 -2.36 -31.34 -0.07 -0.60 0.96  -0.12 -0.01 -2.21 -35.46 -0.02 -0.61 1.11  0.59 0.69 -1.39 -31.99 967 385
-0.03 -0.61 1.10  -0.22 -0.39 -0.43 -32.00 -0.07 -0.60 1.12  0.14 1.32 -2.30 -31.41 -0.06 -0.60 0.95  -0.82 1.88 -1.91 -35.67 -0.01 -0.61 1.11  3.16 2.08 -1.50 -32.03 967 448
-0.03 -0.61 1.10  -3.65 12.81 -1.12 -32.27 -0.07 -0.60 1.12  0.64 -5.10 -2.33 -31.42 -0.07 -0.60 0.96  -1.54 -1.17 -2.88 -35.50 -0.02 -0.61 1.10  0.41 0.72 -0.61 -32.17 974 369
-0.04 -0.61 1.10  -0.09 -1.47 -0.49 -32.23 -0.08 -0.60 1.12  0.24 0.80 -1.78 -31.46 -0.08 -0.60 0.96  -0.28 0.90 -2.13 -35.52 -0.02 -0.61 1.10  -0.08 1.85 -0.38 -32.18 974 422
-0.02 -0.61 1.10  -1.49 1.57 -0.65 -32.10 -0.08 -0.61 1.12  0.49 0.04 -1.90 -31.55 -0.08 -0.60 0.96  -0.30 0.48 -2.08 -35.62 -0.01 -0.61 1.10  -0.57 1.18 -1.07 -32.16 974 90
-0.05 -0.61 1.11  0.21 1.15 -0.17 -32.19 -0.08 -0.60 1.12  0.25 1.34 -1.10 -31.58 -0.08 -0.60 0.95  0.05 -0.14 -1.27 -35.63 -0.01 -0.60 1.10  -0.60 -0.11 -1.62 -31.90 974 54
-0.03 -0.61 1.10  0.93 -2.62 -0.03 -32.05 -0.08 -0.61 1.12  -0.56 2.19 -0.54 -31.64 -0.08 -0.60 0.95  -0.09 -0.43 -1.13 -35.84 -0.01 -0.61 1.11  -0.80 -0.31 -1.66 -31.95 974 433
-0.03 -0.61 1.10  -0.11 0.39 -0.14 -32.04 -0.08 -0.61 1.12  -0.94 1.59 0.03 -31.50 -0.08 -0.60 0.96  -0.25 -1.33 -0.83 -35.60 -0.02 -0.61 1.11  -0.92 -0.67 -1.71 -32.06 974 455
-0.03 -0.61 1.11  0.19 0.12 0.08 -32.00 -0.07 -0.60 1.11  -0.02 1.38 0.13 -31.66 -0.07 -0.60 0.94  -0.43 -0.94 -0.43 -36.15 -0.03 -0.61 1.11  -0.38 -2.47 -1.99 -32.06 967 576
-0.03 -0.61 1.10  -0.29 -0.25 -0.35 -31.99 -0.07 -0.60 1.12  0.01 1.81 -0.32 -31.51 -0.07 -0.60 0.94  -0.15 1.13 -0.77 -36.09 -0.02 -0.61 1.11  -1.94 -0.96 -1.19 -31.82 966 594
-0.03 -0.61 1.10  -0.13 0.17 -0.18 -32.00 -0.06 -0.61 1.12  -0.06 1.24 -0.58 -31.51 -0.06 -0.60 0.94  0.59 0.44 -1.37 -35.96 -0.02 -0.62 1.13  -0.78 -0.06 -0.48 -32.01 966 626
-0.03 -0.61 1.10  -0.22 -0.41 -0.42 -32.03 -0.06 -0.60 1.11  0.14 0.95 -1.22 -31.65 -0.07 -0.60 0.93  -0.93 -0.27 -1.29 -36.37 -0.01 -0.61 1.12  -0.28 -1.31 -1.53 -31.81 966 657
-0.03 -0.61 1.10  -0.25 -0.32 -0.42 -31.93 -0.06 -0.60 1.12  0.43 0.77 -1.38 -31.57 -0.07 -0.60 0.95  0.07 -0.65 -1.65 -35.94 -0.01 -0.61 1.12  -1.31 -0.96 -1.61 -31.76 966 662
-0.03 -0.61 1.10  -0.46 -0.05 -0.15 -31.98 -0.06 -0.60 1.11  1.33 0.77 -0.94 -31.70 -0.07 -0.60 0.94  -0.18 -0.50 -1.55 -36.12 -0.01 -0.61 1.13  -0.05 -0.30 -1.46 -31.73 962 692
-0.03 -0.61 1.10  -1.18 -1.93 -0.91 -32.12 -0.06 -0.61 1.10  0.60 1.55 -0.86 -31.96 -0.07 -0.60 0.93  -0.15 -0.50 -1.30 -36.43 -0.01 -0.62 1.13  0.42 -0.77 -1.69 -31.74 960 689
-0.02 -0.61 1.10  -0.68 -1.78 -1.01 -32.28 -0.06 -0.61 1.11  -0.32 2.59 -1.21 -31.96 -0.07 -0.60 0.94  -0.02 1.12 -1.44 -36.13 -0.01 -0.61 1.13  -0.77 1.24 -1.07 -31.70 961 540
-0.02 -0.61 1.10  -0.26 -0.18 -0.38 -32.31 -0.06 -0.61 1.11  -0.07 1.25 -0.99 -31.96 -0.07 -0.60 0.94  -0.19 0.27 -1.60 -36.18 -0.01 -0.61 1.13  -0.62 1.16 -0.77 -31.70 961 557
-0.02 -0.61 1.10  -0.38 -0.32 -0.37 -32.33 -0.06 -0.61 1.10  0.06 1.13 -1.13 -31.98 -0.06 -0.60 0.93  -0.47 0.19 -1.51 -36.31 -0.02 -0.62 1.13  0.15 0.72 -1.48 -31.86 959 594
-0.02 -0.61 1.10  -0.30 -0.19 -0.36 -32.34 -0.06 -0.61 1.10  0.08 0.97 -1.08 -31.97 -0.07 -0.60 0.94  -0.97 -0.38 -1.53 -36.22 -0.02 -0.62 1.13  -0.36 0.46 -1.51 -31.94 957 610
-0.02 -0.61 1.10  -0.09 0.20 -0.36 -32.31 -0.06 -0.61 1.10  -0.12 0.66 -0.88 -32.03 -0.07 -0.60 0.94  -0.70 -0.60 -1.33 -36.17 -0.02 -0.61 1.13  -0.11 -0.32 -2.08 -31.60 951 644
-0.02 -0.61 1.10  0.03 0.11 -0.52 -32.29 -0.06 -0.61 1.11  -1.02 0.83 -0.93 -31.89 -0.07 -0.60 0.94  0.33 -0.81 -1.27 -35.92 -0.02 -0.61 1.13  -0.97 0.54 -1.61 -31.53 959 638
-0.02 -0.61 1.10  -0.10 0.19 -0.30 -32.25 -0.06 -0.61 1.10  0.13 1.19 -0.71 -31.96 -0.07 -0.60 0.94  -0.56 -0.54 -1.24 -36.28 -0.02 -0.61 1.13  0.51 0.46 -1.03 -31.54 959 661
-0.02 -0.61 1.10  -0.07 0.28 -0.35 -32.25 -0.06 -0.61 1.10  -0.30 0.84 -0.94 -32.06 -0.06 -0.60 0.94  -0.25 -1.78 -1.43 -36.26 -0.02 -0.62 1.13  -0.25 -0.01 -1.84 -31.79 959 671
-0.03 -0.61 1.10  0.38 0.93 -0.20 -32.16 -0.06 -0.61 1.10  -0.47 0.00 -1.19 -32.00 -0.06 -0.60 0.94  -0.28 -1.73 -1.67 -36.19 -0.02 -0.62 1.13  -0.13 -0.69 -2.02 -31.74 959 686
-0.03 -0.61 1.10  -0.41 -0.10 -0.23 -32.11 -0.06 -0.61 1.10  0.28 0.07 -1.69 -32.03 -0.06 -0.60 0.93  -0.60 -1.45 -2.11 -36.18 -0.02 -0.62 1.13  -0.96 -1.09 -1.80 -31.84 959 718
-0.09 -0.60 1.12  1.07 9.01 0.74 -31.39 -0.02 -0.58 1.08  6.23 -6.59 -3.77 -31.63 -0.02 -0.58 0.98  -7.05 -12.07 -5.75 -34.38 -0.04 -0.63 1.13  -2.94 -0.44 4.33 -32.40 966 754
-0.06 -0.60 1.11  1.52 -1.10 -3.33 -31.71 -0.07 -0.61 1.10  5.61 -7.60 -8.01 -32.28 -0.05 -0.60 0.94  -1.31 3.02 -9.60 -35.97 -0.03 -0.61 1.13  7.14 6.72 5.43 -31.44 982 0
-0.03 -0.60 1.11  -0.12 -11.18 -2.42 -31.50 -0.14 -0.61 1.07  5.98 10.82 0.15 -32.80 -0.16 -0.62 0.96  8.79 31.21 -1.06 -36.31 0.02 -0.57 1.03  2.78 5.77 12.24 -31.94 991 0
0.01 -0.59 1.10  -2.62 -11.54 0.70 -31.43 -0.09 -0.61 1.06  18.24 23.80 7.09 -33.12 -0.08 -0.61 0.94  21.30 45.99 11.20 -36.49 0.01 -0.60 1.00  -5.74 28.20 -0.39 -34.06 981 0
0.16 -0.65 1.07  -69.25 -18.09 27.61 -34.18 -0.15 -0.54 1.08  49.84 44.57 33.65 -30.01 -0.19 -0.50 0.97  20.01 38.96 32.76 -30.99 -0.00 -0.56 1.08  -2.73 11.17 -2.14 -30.83 167 801
0.37 -0.51 1.21  -3.81 76.91 23.96 -26.52 -0.27 -0.51 0.86  69.50 -73.42 10.68 -33.71 -0.09 -0.38 0.71  -88.96 -82.43 -24.60 -31.24 -0.12 -0.55 1.24  19.40 -25.22 -6.80 -26.88 69 0
0.05 -1.03 0.98  123.92 -4.93 -134.22 -49.21 -0.00 -0.75 0.58  -170.86 -76.94 -15.23 -55.96 -0.00 -0.75 1.00  -63.09 -36.27 -25.49 -40.08 -0.06 -0.63 1.04  3.67 -41.57 -17.40 -33.99 0 0
-0.29 -1.23 0.65  -8.77 -16.85 -18.11 -67.17 0.10 -0.72 1.00  -73.61 10.34 -11.43 -41.18 0.06 -0.66 1.33  26.79 -14.72 -17.75 -30.32 -0.07 -0.53 0.99  -6.60 -14.33 -1.72 -31.71 82 0
0.08 -0.64 1.07  9.97 18.35 6.63 -37.61 -0.16 -0.59 1.06  41.96 -8.52 -6.42 -33.24 -0.31 -0.61 0.89  73.92 51.17 -14.84 -37.36 -0.19 -0.64 1.17  -16.84 -13.08 -23.15 -32.01 982 0
-0.07 -0.59 1.12  2.67 -1.89 -0.12 -31.60 -0.12 -0.62 1.20  25.24 6.83 1.25 -30.58 -0.18 -0.62 0.92  47.25 38.43 3.48 -37.34 0.03 -0.67 1.14  -16.70 10.77 16.66 -33.72 978 918
-0.04 -0.60 1.14  -42.56 -11.43 7.54 -31.11 -0.10 -0.57 1.08  50.56 11.48 8.78 -31.00 -0.10 -0.56 0.92  22.38 30.55 14.44 -35.07 0.07 -0.56 1.06  -3.64 30.47 -8.00 -31.18 153 966
-0.06 -0.70 1.07  -238.25 39.83 78.26 -36.64 0.01 -0.44 1.26  133.97 30.88 18.79 -22.42 -0.13 -0.52 1.30  -53.47 -0.94 7.59 -25.23 -0.20 -0.63 1.27  14.75 -1.45 24.83 -29.62 29 978
0.02 -0.66 1.06  148.57 -33.30 -58.28 -35.42 0.10 -0.68 0.74  -117.89 4.57 -34.29 -44.88 0.19 -0.60 0.90  -81.17 -68.62 -6.45 -36.48 -0.13 -0.77 1.14  -0.09 -10.40 -11.14 -36.91 0 0
-0.15 -1.08 0.99  64.80 -7.54 -47.36 -51.03 -0.00 -0.69 0.80  -154.66 6.51 -4.92 -45.31 -0.01 -0.80 1.15  -16.25 -35.30 -15.62 -38.48 -0.14 -0.56 1.00  8.78 -13.60 -6.30 -32.87 0 0
0.54 -1.07 1.02  -55.35 75.43 92.31 -51.31 -0.70 -0.18 1.56  49.15 17.90 -5.85 -11.12 -0.03 -0.21 1.54  32.10 16.96 -12.40 -11.49 0.00 -0.42 1.16  -7.70 -7.98 -10.93 -22.99 977 0
-0.03 -0.61 1.11  2.27 -5.86 -0.73 -33.95 -0.19 -0.58 1.14  31.16 6.59 -7.29 -28.17 -0.12 -0.62 0.99  62.84 27.38 -4.62 -33.23 0.05 -0.72 1.20  -13.77 17.08 -0.60 -33.39 981 693
-0.05 -0.59 1.12  -1.49 0.68 4.42 -31.43 -0.11 -0.61 1.24  35.49 6.23 4.89 -28.88 -0.04 -0.55 1.07  37.10 36.55 7.34 -30.54 0.04 -0.66 1.13  -5.19 19.80 7.61 -33.68 866 902
-0.05 -0.69 1.10  -88.65 6.85 21.59 -35.19 -0.09 -0.59 1.09  74.43 11.93 17.93 -31.23 -0.14 -0.55 1.06  6.78 23.05 21.04 -30.64 -0.04 -0.59 0.99  10.03 16.72 -8.98 -34.09 8 978
0.53 -0.77 1.30  69.92 -61.12 96.48 -34.13 -0.07 -0.62 0.66  59.18 -43.77 3.71 -46.46 -0.14 -0.23 0.61  -90.85 -60.68 -19.13 -24.18 0.11 -0.44 1.22  20.77 -21.36 9.76 -23.12 0 0
-0.17 -1.07 0.85  134.50 -33.25 -94.57 -54.76 -0.04 -0.80 0.55  -165.09 -43.31 -33.36 -59.90 -0.03 -0.74 1.06  -61.93 -7.01 -18.99 -37.44 -0.08 -0.63 1.07  -5.78 -15.73 -7.00 -32.61 0 0
-0.19 -1.20 0.72  49.80 -26.63 -9.67 -64.52 0.02 -0.73 1.05  -88.62 24.14 -10.56 -40.75 -0.03 -0.71 1.41  35.43 17.11 -23.37 -30.52 -0.08 -0.58 0.98  -14.68 -10.02 6.97 -33.91 0 0
-0.16 -0.69 1.13  -1.87 13.04 7.13 -37.81 -0.08 -0.54 0.99  66.68 -14.05 -0.35 -32.79 0.14 -0.82 0.72  56.19 41.70 -4.00 -51.67 -0.17 -0.64 1.16  -10.91 -5.02 -14.40 -32.08 982 0
-0.01 -0.62 1.09  -8.09 -12.43 2.42 -33.39 -0.16 -0.61 1.20  29.62 19.55 5.10 -30.33 -0.13 -0.58 0.94  44.65 59.83 2.53 -36.65 0.08 -0.66 1.18  -13.84 33.91 23.57 -32.55 934 758
-0.01 -0.72 1.04  -51.58 -8.69 24.48 -37.92 -0.13 -0.61 0.99  56.46 38.96 7.40 -34.62 -0.16 -0.61 0.93  15.75 45.64 17.71 -36.82 -0.04 -0.65 1.03  7.81 47.87 -10.27 -35.33 3 974
0.08 -0.86 0.98  -248.70 4.85 54.32 -45.30 -0.07 -0.34 1.05  132.85 20.93 36.81 -21.46 -0.23 -0.40 1.02  -69.09 -4.16 13.85 -25.14 -0.23 -0.56 1.34  24.01 -23.72 44.61 -26.21 0 918
0.02 -0.78 0.87  129.44 -12.57 -68.80 -46.48 0.05 -0.77 0.65  -108.44 -45.83 -21.81 -52.02 0.14 -0.57 0.98  -84.57 -48.87 -4.53 -32.66 -0.03 -0.68 1.18  1.02 -23.44 -16.95 -32.75 0 0
-0.00 -1.00 0.87  85.46 11.91 -72.75 -53.46 -0.00 -0.71 0.74  -150.32 -19.76 -12.78 -48.91 -0.02 -0.82 1.08  -7.67 -37.31 -26.77 -40.36 -0.11 -0.61 1.04  11.80 -18.67 -6.00 -33.50 0 0
0.39 -1.16 0.76  -36.75 -43.73 47.49 -62.04 -0.06 -0.70 1.11  22.04 42.41 -12.66 -37.23 0.12 -0.72 1.25  30.49 -11.70 -15.86 -33.73 -0.08 -0.58 1.01  -8.54 -20.12 -4.53 -33.00 743 0
0.03 -0.63 1.09  10.30 29.78 9.57 -36.39 -0.14 -0.58 1.18  31.65 -16.84 -9.55 -29.73 -0.20 -0.60 0.90  43.62 1.36 -12.51 -36.85 -0.04 -0.65 1.23  -17.81 -34.51 -25.68 -31.03 982 0
-0.04 -0.62 1.10  -0.15 -9.95 -1.39 -32.84 -0.16 -0.60 1.21  11.82 14.86 0.81 -29.49 -0.21 -0.62 0.94  28.19 44.12 1.54 -37.34 0.02 -0.65 1.14  -10.10 7.36 10.91 -32.61 983 550
-0.07 -0.60 1.11  1.25 -3.55 -0.32 -31.66 -0.11 -0.60 1.14  20.51 10.60 7.23 -30.53 -0.13 -0.61 0.94  29.04 24.74 7.92 -36.92 -0.01 -0.62 1.08  -7.70 17.69 1.05 -33.08 982 882
0.02 -0.58 1.16  -52.10 -6.15 8.50 -29.74 -0.00 -0.58 1.23  61.15 24.53 24.84 -28.12 -0.08 -0.45 0.96  -11.78 1.67 10.97 -28.75 -0.09 -0.53 1.26  11.88 -18.53 4.10 -25.97 162 903
0.06 -0.34 1.17  12.87 56.42 1.19 -19.17 -0.03 -0.69 0.87  16.96 -35.46 28.68 -40.92 -0.12 -0.57 0.70  -44.56 -54.43 10.03 -41.96 -0.13 -0.59 1.21  -2.20 -41.60 -23.10 -28.32 0 0
0.19 -0.85 0.97  35.12 78.60 -130.26 -43.00 -0.16 -0.65 0.81  -76.47 -121.22 55.03 -42.57 0.06 -0.60 1.06  -25.45 -98.48 -12.00 -33.73 -0.12 -0.63 1.17  -6.49 -65.68 -30.26 -31.11 0 0
0.04 -0.79 0.90  -20.49 48.98 -127.81 -45.89 -0.04 -0.71 0.88  -44.43 -121.84 22.79 -43.17 0.03 -0.68 1.03  2.60 -103.09 -24.16 -36.89 -0.12 -0.62 1.08  1.26 -97.95 -33.30 -33.08 0 0
0.05 -0.74 1.07  -3.50 -16.00 -19.15 -39.31 0.05 -0.61 1.01  5.02 -10.33 -6.64 -35.34 0.09 -0.57 0.97  31.85 -63.80 -8.58 -34.30 -0.08 -0.62 1.16  -3.51 -95.24 -23.58 -31.61 469 0
-0.01 -0.62 1.09  7.09 4.48 -2.71 -33.72 -0.01 -0.59 1.10  -14.27 -9.19 -19.70 -31.84 -0.02 -0.59 0.95  24.15 -56.18 -12.84 -35.33 -0.01 -0.58 1.13  -17.42 -104.38 -45.86 -30.28 978 0
-0.04 -0.62 1.10  -3.52 -2.94 -3.72 -32.97 -0.05 -0.59 1.10  6.12 -9.65 -1.98 -31.41 -0.05 -0.59 0.94  4.32 -49.69 -0.20 -35.82 0.05 -0.59 1.08  -5.02 -92.37 -40.12 -31.83 982 0
0.02 -0.63 1.08  0.01 9.20 2.22 -33.57 -0.09 -0.60 1.08  1.09 -11.65 9.45 -32.29 -0.16 -0.60 0.89  4.60 -28.79 5.03 -37.40 0.09 -0.61 1.18  -10.17 -41.86 -24.89 -30.62 980 0
-0.05 -0.61 1.12  -16.06 -3.75 1.29 -32.14 0.02 -0.58 1.18  17.43 11.10 23.73 -29.52 0.00 -0.57 1.02  -27.41 -39.27 29.62 -33.11 0.04 -0.64 1.19  4.49 -26.41 -19.21 -31.50 714 0
0.41 -0.83 0.85  -24.23 143.44 -163.72 -47.70 -0.59 -0.63 0.85  22.11 -222.93 63.78 -39.67 -0.36 -0.51 1.01  -24.82 -123.65 -16.95 -29.98 -0.11 -0.63 1.27  4.12 -81.79 -46.63 -29.57 18 0
0.20 -0.54 1.15  9.76 53.48 -171.24 -29.89 -0.12 -0.52 0.86  -39.25 -148.75 35.90 -35.14 0.29 -0.52 1.18  -91.09 -68.10 -28.77 -26.64 -0.06 -0.59 1.12  7.59 -71.25 -25.60 -30.99 0 0
0.04 -0.87 0.97  14.71 -1.20 -104.25 -45.00 -0.09 -0.80 0.84  -122.99 -48.97 0.03 -47.37 0.10 -0.92 1.16  21.29 -49.85 -32.91 -41.09 -0.08 -0.57 0.96  6.60 -50.12 -14.42 -34.13 0 0
-0.06 -0.80 1.10  -66.19 3.14 20.48 -40.34 -0.03 -0.57 1.40  28.52 -4.93 -0.89 -26.99 0.09 -0.67 1.24  54.83 23.86 -30.09 -32.40 -0.13 -0.58 1.08  -6.68 -24.85 -15.32 -31.41 962 0
-0.09 -0.63 1.12  8.21 10.92 4.36 -33.33 -0.11 -0.58 1.18  41.78 -18.33 -6.28 -28.93 -0.07 -0.62 1.04  49.94 16.90 -9.58 -33.88 0.10 -0.72 1.24  -16.70 -8.37 -12.76 -33.28 982 0
0.02 -0.65 1.08  -33.79 -17.77 6.94 -34.14 -0.14 -0.60 1.11  36.02 28.04 2.69 -31.36 -0.14 -0.56 0.97  25.93 49.00 9.28 -33.35 0.05 -0.68 1.17  5.63 21.85 6.97 -33.56 122 886
-0.07 -0.76 1.03  -53.58 -4.48 12.53 -39.79 -0.06 -0.61 1.00  47.41 12.61 13.36 -34.65 -0.08 -0.58 0.94  29.85 30.43 15.87 -34.87 -0.09 -0.57 1.04  -4.76 28.29 -6.85 -32.31 0 966
0.40 -1.36 1.72  -140.32 -46.16 63.27 -42.35 -0.35 -0.56 0.84  107.48 24.38 36.38 -37.13 -0.22 -0.44 0.81  -88.94 -6.21 1.21 -32.00 -0.05 -0.79 1.32  16.24 -0.77 32.92 -34.17 0 0
-0.07 -0.94 0.98  153.44 -20.90 -82.42 -47.83 -0.00 -0.73 0.64  -139.89 -16.09 -32.05 -52.91 0.05 -0.67 1.01  -96.29 -29.84 -18.55 -36.76 -0.12 -0.64 1.13  2.33 -22.40 -7.23 -32.80 0 0
-0.14 -1.15 0.74  12.01 3.54 -51.79 -62.01 0.02 -0.72 0.83  -111.42 -16.17 -10.10 -46.27 0.05 -0.74 1.26  8.98 -28.27 -27.11 -34.11 -0.07 -0.54 1.01  4.88 -35.07 -8.36 -31.41 0 0
-0.14 -0.92 1.28  -33.32 83.39 53.00 -41.96 0.07 -0.63 1.30  45.75 -100.61 -0.35 -30.51 -0.16 -0.26 1.46  54.98 -7.54 -26.48 -13.32 0.08 -0.57 1.30  -15.57 10.99 -28.19 -26.89 982 0
-0.02 -0.63 1.09  0.84 3.84 1.46 -34.27 -0.14 -0.58 1.12  23.86 5.04 2.46 -30.31 -0.14 -0.62 0.93  47.63 38.49 -2.20 -34.80 0.02 -0.67 1.17  7.89 11.62 26.81 -32.55 982 0
-0.01 -0.61 1.10  -11.26 -6.71 6.67 -32.44 -0.11 -0.61 1.19  47.75 18.83 8.50 -30.10 -0.10 -0.56 0.99  27.39 36.50 8.25 -33.02 -0.02 -0.63 1.07  -6.09 26.19 1.36 -33.58 789 742
0.03 -0.68 1.11  -103.78 4.94 38.93 -34.62 -0.09 -0.48 1.04  88.33 27.39 24.61 -27.95 -0.22 -0.43 1.05  6.32 35.12 19.98 -25.66 -0.10 -0.48 1.14  8.72 -6.57 8.19 -26.22 0 959
0.33 -0.48 0.95  82.57 51.45 -13.03 -30.26 -0.12 -0.78 0.78  -29.42 -36.35 5.97 -47.81 -0.05 -0.52 0.91  -76.35 -86.83 -4.93 -32.41 -0.18 -0.58 1.22  4.93 -12.04 -11.97 -27.91 0 0
-0.09 -1.08 0.92  117.37 -16.54 -88.74 -52.43 0.07 -0.75 0.61  -159.28 -24.17 -32.68 -55.96 -0.07 -0.77 1.03  -43.93 -1.98 -16.05 -40.11 -0.09 -0.66 1.06  6.17 -10.04 -6.92 -34.86 0 0
-0.22 -1.07 0.70  13.68 -30.22 18.62 -62.27 0.05 -0.73 1.13  -29.76 41.69 -24.68 -38.57 0.09 -0.67 1.32  17.53 -15.20 -23.93 -30.99 -0.07 -0.56 0.98  -1.09 -11.78 5.03 -33.14 0 0
-0.00 -0.67 1.09  0.79 2.00 3.48 -37.95 -0.11 -0.57 1.04  46.14 -14.63 -2.16 -32.63 -0.17 -0.64 0.83  64.65 47.70 -1.65 -40.76 -0.15 -0.72 1.22  -24.28 -16.76 -23.26 -33.99 983 0
-0.02 -0.63 1.09  -2.07 -5.32 1.96 -33.77 -0.12 -0.62 1.19  31.82 16.12 5.80 -30.61 -0.14 -0.59 0.93  38.06 42.48 4.22 -36.40 0.04 -0.67 1.17  -15.53 10.98 11.36 -33.42 966 0
0.00 -0.66 1.09  -34.92 -8.12 9.84 -34.65 -0.12 -0.59 1.07  51.54 17.38 12.39 -31.83 -0.12 -0.60 0.91  23.94 30.66 13.40 -37.21 -0.01 -0.60 1.03  -2.38 25.84 -11.14 -33.32 57 877
-0.03 -0.70 1.10  -248.70 71.79 80.09 -35.92 -0.05 -0.30 1.19  140.38 -5.30 36.88 -17.19 -0.20 -0.44 1.12  -79.44 -69.01 4.95 -25.24 -0.08 -0.69 1.22  17.17 -1.54 28.27 -32.73 0 967
-0.07 -0.71 0.99  169.24 -39.02 -41.94 -39.08 0.10 -0.76 0.70  -137.83 6.18 -24.42 -49.05 0.20 -0.65 0.95  -68.29 -12.23 15.51 -37.23 -0.06 -0.68 1.13  15.78 -9.15 -18.09 -34.29 0 0
-0.11 -1.28 0.90  52.64 -21.16 -48.13 -58.91 0.01 -0.69 0.84  -142.21 -7.95 -8.74 -44.34 0.00 -0.69 1.20  -0.83 -25.59 -17.58 -33.68 -0.18 -0.56 1.06  7.43 -20.17 -3.62 -31.44 0 0
0.41 -0.87 1.24  -92.43 -13.12 80.99 -40.86 -0.34 -0.31 1.48  30.36 40.57 -7.17 -16.26 -0.10 -0.45 1.24  55.59 20.78 -12.29 -23.43 -0.13 -0.54 1.10  -21.08 -19.14 -0.15 -29.35 977 0
-0.11 -0.64 1.11  0.47 2.00 0.08 -34.03 -0.10 -0.58 1.17  37.25 -9.13 -10.83 -27.98 -0.21 -0.59 0.93  43.17 8.39 -6.00 -34.52 0.12 -0.63 1.21  -21.88 -12.76 -20.19 -30.53 976 0
-0.03 -0.67 1.07  -6.00 -0.38 3.84 -35.71 -0.14 -0.62 1.11  23.19 8.35 2.25 -32.10 -0.14 -0.61 0.89  23.49 17.07 1.08 -37.90 0.00 -0.68 1.13  -8.49 5.49 9.52 -34.14 653 0
-0.04 -0.70 1.06  -28.66 -5.67 9.62 -37.06 -0.12 -0.61 1.07  34.72 19.86 8.02 -32.85 -0.10 -0.59 0.92  21.98 23.49 8.75 -36.65 -0.05 -0.61 1.07  -3.77 24.69 -5.68 -33.18 0 885
-0.02 -0.76 1.11  -163.26 -4.86 62.95 -38.08 0.08 -0.35 0.93  122.44 19.62 11.99 -24.08 0.03 -0.45 1.06  -84.05 -41.29 15.42 -26.64 0.00 -0.68 1.25  15.00 0.97 26.27 -31.95 0 862
-0.00 -0.72 0.96  123.41 41.91 -59.23 -40.42 -0.01 -0.74 0.73  -101.05 -38.12 21.44 -47.98 -0.06 -0.61 0.94  -44.11 -62.27 -2.74 -35.67 -0.09 -0.66 1.20  2.58 -12.12 -12.56 -32.13 0 0
0.05 -0.90 0.96  34.14 30.92 -86.56 -47.15 -0.02 -0.65 0.89  -108.15 -57.68 15.94 -40.82 0.03 -0.64 1.12  -14.64 -46.08 -10.59 -33.47 -0.12 -0.61 1.12  2.90 -36.02 -16.25 -31.69 0 0
0.07 -0.82 0.87  -35.49 22.02 -106.11 -48.05 0.00 -0.67 1.19  -24.99 -74.48 -1.45 -33.37 0.01 -0.65 1.19  12.00 -59.22 -16.84 -32.08 -0.15 -0.59 1.11  -7.72 -47.64 -14.81 -31.19 0 0
0.18 -0.66 1.08  -4.03 16.66 9.45 -36.22 -0.01 -0.53 1.33  22.95 -53.65 -18.09 -25.17 0.07 -0.43 1.22  17.69 -100.23 -16.20 -22.47 -0.07 -0.60 1.23  -5.96 -74.70 -26.24 -29.07 949 0
-0.02 -0.66 1.08  0.64 9.32 0.29 -35.22 -0.03 -0.59 1.20  3.58 -24.32 -21.65 -28.61 -0.00 -0.60 0.98  23.81 -65.56 -18.27 -33.91 0.02 -0.65 1.19  -14.20 -87.54 -31.23 -31.66 981 0
-0.03 -0.65 1.08  0.63 5.16 1.26 -34.82 -0.09 -0.59 1.20  7.63 -14.72 -13.28 -29.02 -0.19 -0.61 1.00  6.02 -52.48 -11.55 -34.83 0.07 -0.63 1.13  -6.09 -80.11 -24.03 -32.41 983 0
-0.01 -0.67 1.06  -5.29 -5.43 -3.85 -35.49 -0.12 -0.60 1.17  6.46 -11.47 -0.44 -30.13 -0.17 -0.60 0.93  10.16 -43.93 -3.10 -36.54 0.16 -0.66 1.15  -1.41 -74.73 -37.14 -32.96 982 0
-0.03 -0.67 1.07  -1.85 4.86 0.26 -35.52 -0.09 -0.60 1.15  2.12 -14.88 3.62 -30.51 -0.12 -0.58 0.91  -9.56 -43.65 6.64 -36.11 0.13 -0.66 1.21  -4.05 -40.06 -35.75 -31.81 966 0
0.13 -0.70 1.13  -55.39 14.94 -12.45 -35.35 -0.20 -0.48 1.28  44.28 -20.27 16.29 -23.81 -0.02 -0.55 1.27  -67.11 -34.92 51.86 -26.98 -0.14 -0.65 1.11  6.79 -10.33 -11.42 -33.33 132 0
0.11 -0.61 0.93  -31.56 167.73 -250.51 -36.77 -0.19 -0.70 0.88  -16.13 -248.84 78.17 -40.82 -0.26 -0.62 0.92  1.02 -203.47 -44.07 -36.43 -0.19 -0.65 1.11  0.32 -89.42 -41.36 -33.55 0 0
-0.15 -0.76 1.00  -28.36 78.64 -143.11 -40.91 0.13 -0.68 0.92  -51.97 -118.10 37.13 -40.64 0.15 -0.70 1.05  -0.74 -63.90 -23.82 -37.23 -0.11 -0.62 1.07  7.33 -70.21 -26.48 -33.30 0 0
-0.14 -0.76 1.03  -18.23 12.21 -40.53 -40.51 0.12 -0.64 1.03  -5.48 -37.77 1.87 -36.02 0.13 -0.62 1.06  16.07 -49.64 -10.39 -34.24 -0.11 -0.62 1.14  -6.13 -54.93 -19.32 -32.04 0 0
-0.01 -0.68 1.09  21.25 -14.70 -3.85 -35.87 -0.02 -0.58 1.23  -5.64 22.65 -11.68 -28.71 0.01 -0.57 1.05  26.18 -6.40 -11.33 -31.96 -0.11 -0.62 1.18  -4.05 -28.05 1.16 -30.80 852 0
0.03 -0.63 1.08  1.85 -0.64 -4.16 -33.79 -0.07 -0.58 1.16  3.81 -15.39 -15.65 -29.63 -0.10 -0.60 0.91  8.39 -7.51 -10.04 -36.63 0.00 -0.59 1.17  -2.12 -29.96 -8.17 -29.85 981 0
-0.00 -0.62 1.09  0.14 -0.03 -0.74 -33.10 -0.07 -0.60 1.20  3.50 -6.49 -7.90 -29.46 -0.10 -0.60 0.98  1.95 -10.53 -6.88 -34.88 0.02 -0.63 1.15  -0.07 -14.34 -2.14 -31.73 983 0
-0.00 -0.62 1.09  0.62 4.92 0.82 -33.04 -0.08 -0.60 1.15  0.49 -1.43 -2.02 -30.28 -0.09 -0.59 0.91  2.09 -2.41 -3.43 -36.67 0.05 -0.62 1.18  -1.40 -1.25 0.08 -30.83 983 0
-0.01 -0.62 1.09  -0.64 2.11 0.67 -32.93 -0.08 -0.60 1.19  0.57 3.27 2.23 -29.83 -0.12 -0.59 0.96  -2.37 -6.47 -0.20 -35.45 -0.03 -0.61 1.16  1.68 -0.35 -5.95 -30.89 982 0
-0.02 -0.62 1.09  0.80 4.81 1.54 -32.98 -0.05 -0.60 1.17  0.23 3.06 1.83 -30.18 -0.06 -0.60 0.94  -2.31 -1.60 0.12 -36.13 -0.05 -0.62 1.16  2.13 1.08 -0.76 -31.32 982 0
-0.04 -0.62 1.10  0.66 0.48 0.58 -32.78 -0.03 -0.60 1.16  0.28 2.10 1.03 -30.23 -0.05 -0.60 0.94  -1.22 0.49 0.36 -36.00 -0.03 -0.63 1.16  3.07 0.22 -1.45 -31.50 982 0
-0.04 -0.62 1.10  -0.09 0.47 -0.21 -32.73 -0.03 -0.60 1.16  -0.50 2.04 -0.56 -30.19 -0.05 -0.60 0.95  -1.96 2.45 -1.02 -35.75 -0.04 -0.62 1.16  0.01 4.94 0.62 -31.56 982 0
-0.04 -0.62 1.10  -0.07 1.89 0.00 -32.67 -0.03 -0.60 1.16  -0.79 1.80 -0.50 -30.17 -0.05 -0.60 0.95  -0.55 2.39 -1.08 -35.80 -0.04 -0.61 1.15  0.91 2.63 -0.54 -31.21 982 0
-0.05 -0.62 1.10  -0.45 1.88 -0.49 -32.65 -0.03 -0.60 1.17  -0.54 0.83 -0.86 -30.11 -0.05 -0.60 0.96  -0.61 0.19 -1.23 -35.47 -0.04 -0.62 1.15  -0.73 0.78 -1.87 -31.51 982 0
-0.06 -0.62 1.10  0.01 1.01 -0.12 -32.63 -0.03 -0.60 1.17  0.20 1.30 -0.55 -30.05 -0.05 -0.60 0.96  -1.34 -0.07 -1.10 -35.25 -0.04 -0.62 1.15  -0.17 -0.70 -1.64 -31.55 982 0
-0.06 -0.62 1.10  -0.11 2.21 -0.18 -32.59 -0.03 -0.60 1.17  -0.09 1.24 -0.48 -30.18 -0.05 -0.60 0.96  -0.51 0.55 -0.98 -35.47 -0.04 -0.62 1.15  -0.48 -0.78 -1.70 -31.62 982 0
-0.06 -0.62 1.10  -0.01 -0.43 0.11 -32.57 -0.03 -0.60 1.17  0.11 3.48 0.59 -30.18 -0.05 -0.60 0.96  0.03 2.54 -0.67 -35.47 -0.04 -0.63 1.15  0.15 0.56 -0.81 -31.76 978 0
-0.06 -0.62 1.10  0.60 -5.62 0.70 -32.58 -0.01 -0.60 1.16  0.38 2.88 0.45 -30.31 -0.04 -0.60 0.95  0.47 0.43 -0.36 -35.83 -0.04 -0.62 1.15  -0.49 0.34 -1.12 -31.56 974 0
-0.07 -0.62 1.11  -1.96 -6.82 -2.52 -32.35 0.02 -0.59 1.16  -0.15 5.44 0.30 -30.10 -0.02 -0.59 0.94  1.25 0.15 -0.09 -35.61 -0.03 -0.62 1.17  -2.32 -0.57 -1.50 -31.15 967 0
-0.01 -0.62 1.09  0.55 0.92 0.03 -33.01 -0.02 -0.60 1.17  -0.03 0.25 -1.18 -30.23 -0.04 -0.60 0.95  -0.96 0.75 -2.00 -35.61 -0.04 -0.64 1.17  0.70 2.38 0.15 -31.70 966 0
-0.03 -0.62 1.10  0.17 0.84 -0.08 -32.82 -0.00 -0.60 1.17  -0.43 0.70 -1.67 -30.22 -0.04 -0.60 0.95  -0.96 -0.94 -2.23 -35.71 -0.04 -0.63 1.16  -0.31 1.31 -0.33 -31.44 967 0
-0.03 -0.62 1.10  -0.45 1.15 -0.13 -32.71 -0.01 -0.60 1.17  -0.00 1.43 -1.58 -30.20 -0.04 -0.60 0.95  -1.25 0.19 -1.91 -35.79 -0.03 -0.63 1.16  0.96 1.17 -1.64 -31.50 973 0
-0.03 -0.62 1.10  0.56 0.79 -0.11 -32.78 -0.01 -0.60 1.16  -0.44 0.38 -1.40 -30.28 -0.04 -0.60 0.94  -1.15 -0.75 -1.63 -35.98 -0.04 -0.63 1.16  0.43 -0.03 -1.39 -31.46 967 0
-0.04 -0.62 1.10  0.06 0.35 -0.27 -32.61 -0.01 -0.60 1.17  -0.66 0.09 -1.16 -30.17 -0.04 -0.60 0.95  -1.36 -2.04 -1.39 -35.85 -0.04 -0.62 1.16  0.49 -1.54 -1.81 -31.30 974 0
-0.03 -0.62 1.10  -0.16 0.39 -0.47 -32.68 -0.01 -0.60 1.17  -1.80 0.50 -1.50 -30.15 -0.04 -0.60 0.96  -1.14 -1.27 -1.79 -35.52 -0.03 -0.63 1.16  -0.63 -1.08 -1.12 -31.61 974 0
-0.04 -0.62 1.10  -0.17 0.10 -0.50 -32.66 -0.01 -0.60 1.18  -0.80 0.80 -1.38 -29.98 -0.04 -0.60 0.96  -1.23 -1.26 -1.70 -35.31 -0.04 -0.63 1.16  0.81 -2.39 -1.89 -31.64 977 0
-0.04 -0.62 1.10  0.79 1.29 0.31 -32.62 -0.01 -0.60 1.17  -0.58 -0.48 -2.49 -30.07 -0.04 -0.60 0.95  -1.17 0.12 -1.98 -35.50 -0.04 -0.63 1.16  1.52 0.93 -1.20 -31.49 978 0
-0.04 -0.62 1.10  -0.30 1.25 -0.03 -32.50 -0.02 -0.60 1.17  0.17 -1.06 -0.87 -29.98 -0.05 -0.60 0.95  -0.59 -4.40 -1.02 -35.88 -0.04 -0.61 1.14  0.93 -4.73 -2.69 -31.14 978 0
-0.04 -0.62 1.10  0.04 0.55 -0.16 -32.47 -0.02 -0.60 1.19  -1.25 0.44 -1.58 -29.77 -0.04 -0.59 0.98  0.67 0.32 -2.11 -34.82 -0.02 -0.64 1.17  -1.68 1.17 -0.35 -32.00 977 0