-2.81
-2.82
-2.85
-2.88
-2.90
-2.91
-2.91
-2.91
-2.90
-2.92
-2.92
-2.90
-2.84
-2.83
-2.83
-2.83
-2.84
-2.78
-2.80
-2.83
-2.85
-2.91
-2.92
-2.94
-2.99
-3.01
-2.99
-2.97
-2.97
-2.97
-2.96
-2.92
-2.91
-2.88
-2.87
-2.92
-2.96
-2.98
-2.98
-2.95
-2.91
-2.86
-2.83
-2.80
-2.80
-2.84
-2.86
-2.93
-2.93
-2.94
-2.90
-2.88
-2.83
-2.80
-2.79
-2.82
-2.84
-2.83
-2.82
-2.84
-2.83
-2.83
-2.86
-2.86
-2.90
-2.92
-2.94
-2.96
-2.93
-2.96
-3.00
-2.96
-2.96
-2.94
-2.95
-2.92
-2.91
-2.93
-2.94
-2.96
-2.96
-2.94
-2.93
-2.90
-2.87
-2.83
-2.81
-2.78
-2.78
-2.81
-2.80
-2.81
-2.85
-2.87
-2.89
-2.90
-2.95
-2.98
-2.97
-2.94
-2.94
-2.92
-2.93
-2.94
-2.96
-2.98
-3.04
-3.05
-3.08
-3.06
-3.05
-3.01
-2.99
-2.97
-2.95
-2.95
-2.98
-3.01
-3.01
-3.02
-2.98
-2.95
-2.94
-2.92
-2.89
-2.88
-2.87
-2.84
-2.80
-2.79
-2.80
-2.82
-2.81
-2.84
-2.89
-2.93
-2.93
-2.96
-3.00
-3.01
-3.02
-3.04
-3.04
-3.00
-3.01
-3.02
-3.02
-3.01
-3.00
-3.00
-2.97
-3.00
-3.01
-3.03
-3.02
-2.98
-2.96
-2.94
-2.91
-2.87
-2.90
-2.89
-2.90
-2.90
-2.92
-2.89
-2.92
-2.95
-2.94
-2.95
-2.97
-2.98
-2.92
-2.97
-2.94
-2.94
-2.97
-3.02
-3.02
-3.05
-3.07
-3.09
-3.10
-3.08
-3.10
-3.07
-3.05
-3.01
-3.03
-3.04
-3.04
-3.02
-3.00
-2.96
-2.93
-2.91
-2.88
-2.87
-2.89
-2.85
-2.85
-2.86
-2.87
-2.89
-2.91
-2.94
-2.97
-2.97
-2.99
-2.99
-3.01
-3.01
-2.97
-2.99
-3.03
-3.04
-3.05
-3.05
-3.04
-3.02
-3.03
-3.01
-3.02
-3.01
-2.98
-2.93
-2.90
-2.88
-2.88
-2.88
-2.86
-2.86
-2.90
-2.89
-2.94
-2.98
-3.04
-3.04
-3.01
-3.01
-3.01
-3.01
-2.99
-2.98
-2.94
-2.92
-2.89
-2.89
-2.89
-2.88
-2.88
-2.86
-2.89
-2.90
-2.93
-2.95
-3.01
-3.03
-3.05
-3.08
-3.09
-3.11
-3.10
-3.08
-3.06
-3.08
-3.04
-2.99
-2.98
-2.95
-2.92
-2.90
-2.89
-2.90
-2.88
-2.87
-2.87
-2.88
-2.89
-2.92
-2.91
-2.91
-2.94
-2.98
-2.98
-2.98
-3.01
-3.06
-3.10
-3.11
-3.08
-3.07
-3.05
-3.05
-3.07
-3.09
-3.14
-3.18
-3.22
-3.20
-3.18
-3.20
-3.16
-3.10
-3.08
-3.06
-2.98
-2.94
-2.91
-2.88
-2.91
-2.92
-2.92
-2.94
-2.93
-2.88
-2.88
-2.86
-2.88
-2.95
-3.01
-3.05
-3.10
-3.14
-3.14
-3.15
-3.13
-3.14
-3.11
-3.08
-3.04
-3.00
-3.02
-3.04
-3.05
-3.06
-3.06
-3.06
-3.11
-3.13
-3.12
-3.09
-3.12
-3.16
-3.19
-3.21
-3.21
-3.18
-3.15
-3.09
-3.04
-3.02
-2.98
-2.98
-2.99
-2.99
-2.99
-3.03
-3.06
-3.14
-3.19
-3.23
-3.22
-3.21
-3.18
-3.16
-3.13
-3.09
-3.07
-3.07
-3.06
-3.10
-3.11
-3.14
-3.16
-3.17
-3.16
-3.14
-3.13
-3.16
-3.15
-3.17
-3.13
-3.11
-3.09
-3.09
-3.08
-3.10
-3.14
-3.14
-3.10
-3.15
-3.16
-3.15
-3.15
-3.17
-3.17
-3.16
-3.13
-3.07
-3.06
-3.05
-3.06
-3.09
-3.11
-3.07
-3.04
-3.05
-3.03
-3.04
-3.09
-3.09
-3.10
-3.09
-3.10
-3.10
-3.09
-3.08
-3.08
-3.12
-3.17
-3.17
-3.15
-3.12
-3.11
-3.12
-3.13
-3.11
-3.10
-3.09
-3.11
-3.12
-3.13
-3.15
-3.16
-3.18
-3.17
-3.09
-3.06
-3.06
-3.07
-3.12
-3.15
-3.17
-3.18
-3.18
-3.17
-3.12
-3.10
-3.16
-3.14
-3.12
-3.13
-3.16
-3.17
-3.18
-3.20
-3.20
-3.21
-3.21
-3.23
-3.20
-3.20
-3.20
-3.20
-3.18
-3.16
-3.15
-3.11
-3.07
-3.08
-3.09
-3.10
-3.08
-3.07
-3.07
-3.06
-3.07
-3.08
-3.11
-3.11
-3.11
-3.13
-3.14
-3.21
-3.21
-3.24
-3.24
-3.23
-3.20
-3.22
-3.22
-3.19
-3.19
-3.18
-3.15
-3.14
-3.14
-3.12
-3.08
-3.09
-3.08
-3.08
-3.07
-3.12
-3.11
-3.11
-3.10
-3.04
-3.06
-3.02
-3.05
-3.04
-3.04
-3.04
-3.04
-3.02
-3.04
-3.07
-3.10
-3.14
-3.15
-3.11
-3.11
-3.12
-3.13
-3.12
-3.13
-3.09
-3.10
-3.07
-3.05
-3.03
-2.99
-2.96
-2.93
-3.00
-3.00
-3.00
-2.98
-2.97
-2.92
-2.86
-2.82
-2.81
-2.78
-2.78
-2.84
-2.96
-3.07
-3.15
-3.30
-3.47
-3.56
-3.60
-3.60
-3.49
-3.29
-3.01
-2.81
-2.67
-2.69
-2.78
-2.91
-3.02
-3.12
-3.16
-3.21
-3.30
-3.39
-3.43
-3.44
-3.33
-3.27
-3.21
-3.26
-3.27
-3.32
-3.37
-3.38
-3.44
-3.51
-3.49
-3.44
-3.37
-3.30
-3.20
-3.05
-2.93
-2.81
-2.64
-2.53
-2.43
-2.44
-2.50
-2.61
-2.70
-2.79
-2.90
-2.98
-3.07
-3.11
-3.13
-3.11
-3.08
-3.03
-3.02
-3.05
-3.11
-3.23
-3.38
-3.51
-3.63
-3.71
-3.79
-3.81
-3.76
-3.65
-3.56
-3.44
-3.33
-3.20
-3.03
-2.91
-2.73
-2.59
-2.45
-2.35
-2.30
-2.29
-2.34
-2.43
-2.55
-2.64
-2.71
-2.81
-2.81
-2.83
-2.84
-2.81
-2.78
-2.75
-2.68
-2.63
-2.60
-2.58
-2.56
-2.55
-2.48
-2.45
-2.46
-2.47
-2.48
-2.53
-2.51
-2.50
-2.46
-2.43
-2.37
-2.26
-2.16
-2.10
-2.04
-1.96
-1.90
-1.88
-1.91
-1.94
-2.02
-2.09
-2.19
-2.28
-2.38
-2.48
-2.53
-2.55
-2.59
-2.64
-2.67
-2.73
-2.81
-2.81
-2.82
-2.85
-2.86
-2.87
-2.82
-2.77
-2.72
-2.68
-2.62
-2.59
-2.52
-2.49
-2.47
-2.45
-2.44
-2.44
-2.40
-2.42
-2.41
-2.40
-2.38
-2.39
-2.41
-2.42
-2.46
-2.54
-2.57
-2.60
-2.65
-2.68
-2.65
-2.69
-2.71
-2.70
-2.70
-2.67
-2.67
-2.67
-2.67
-2.68
-2.68
-2.66
-2.66
-2.61
-2.60
-2.62
-2.59
-2.56
-2.51
-2.46
-2.44
-2.41
-2.39
-2.39
-2.41
-2.43
-2.43
-2.37
-2.36
-2.39
-2.40
-2.37
-2.38
-2.39
-2.40
-2.41
-2.43
-2.46
-2.49
-2.48
-2.47
-2.50
-2.55
-2.60
-2.65
-2.64
-2.64
-2.61
-2.59
-2.58
-2.55
-2.51
-2.52
-2.53
-2.50
-2.51
-2.52
-2.54
-2.56
-2.57
-2.58
-2.58
-2.56
-2.53
-2.50
-2.50
-2.50
-2.47
-2.48
-2.46
-2.46
-2.48
-2.51
-2.49
-2.51
-2.52
-2.54
-2.54
-2.57
-2.60
-2.64
-2.61
-2.58
-2.56
-2.52
-2.54
-2.55
-2.54
-2.55
-2.55
-2.56
-2.55
-2.53
-2.53
-2.52
-2.54
-2.55
-2.54
-2.54
-2.55
-2.54
-2.57
-2.57
-2.53
-2.52
-2.59
-2.56
-2.55
-2.54
-2.53
-2.51
-2.50
-2.50
-2.51
-2.54
-2.54
-2.52
-2.48
-2.48
-2.48
-2.48
-2.50
-2.50
-2.51
-2.53
-2.55
-2.57
-2.60
-2.60
-2.59
-2.58
-2.55
-2.52
-2.54
-2.58
-2.60
-2.59
-2.60
-2.61
-2.63
-2.63
-2.62
-2.58
-2.58
-2.59
-2.63
-2.61
-2.61
-2.60
-2.58
-2.58
-2.54
-2.50
-2.52
-2.54
-2.56
-2.56
-2.58
-2.58
-2.57
-2.61
-2.58
-2.58
-2.58
-2.56
-2.57
-2.57
-2.57
-2.60
-2.62
-2.63
-2.63
-2.62
-2.63
-2.61
-2.61
-2.60
-2.63
-2.66
-2.66
-2.66
-2.67
-2.67
-2.65
-2.66
-2.67
-2.66
-2.66
-2.63
-2.60
-2.57
-2.54
-2.52
-2.52
-2.55
-2.56
-2.58
-2.59
-2.60
-2.61
-2.63
-2.65
-2.64
-2.66
-2.66
-2.70
-2.70
-2.69
-2.71
-2.70
-2.70
-2.65
-2.60
-2.54
-2.52
-2.54
-2.54
-2.55
-2.52
-2.55
-2.56
-2.60
-2.60
-2.60
-2.61
-2.59
-2.63
-2.65
-2.63
-2.61
-2.64
-2.66
-2.69
-2.68
-2.66
-2.67
-2.65
-2.64
-2.64
-2.63
-2.63
-2.63
-2.62
-2.59
-2.56
-2.55
-2.50
-2.51
-2.51
-2.47
-2.48
-2.50
-2.50
-2.48
-2.45
-2.41
-2.40
-2.39
-2.42
-2.42
-2.45
-2.47
-2.52
-2.52
-2.53
-2.53
-2.54
-2.59
-2.56
-2.57
-2.55
-2.56
-2.55
-2.53
-2.53
-2.53
-2.55
-2.56
-2.51
-2.51
-2.54
-2.54
-2.54
-2.52
-2.47
-2.44
-2.44
-2.45
-2.46
-2.45
-2.46
-2.48
-2.50
-2.54
-2.52
-2.52
-2.52
-2.54
-2.59
-2.64
-2.66
-2.68
-2.69
-2.71
-2.73
-2.71
-2.70
-2.68
-2.64
-2.61
-2.63
-2.64
-2.59
-2.55
-2.54
-2.53
-2.51
-2.46
-2.47
-2.44
-2.43
-2.41
-2.38
-2.39
-2.39
-2.39
-2.36
-2.40
-2.44
-2.47
-2.50
-2.52
-2.52
-2.54
-2.57
-2.54
-2.54
-2.56
-2.56
-2.57
-2.56
-2.55
-2.55
-2.56
-2.58
-2.57
-2.57
-2.57
-2.53
-2.51
-2.52
-2.50
-2.53
-2.53
-2.53
-2.53
-2.52
-2.55
-2.55
-2.55
-2.51
-2.51
-2.51
-2.50
-2.49
-2.47
-2.49
-2.51
-2.53
-2.54
-2.54
-2.55
-2.60
-2.62
-2.65
-2.64
-2.63
-2.64
-2.66
-2.67
-2.67
-2.65
-2.64
-2.60
-2.57
-2.55
-2.55
-2.56
-2.54
-2.52
-2.54
-2.55
-2.57
-2.59
-2.55
-2.55
-2.57
-2.57
-2.62
-2.65
-2.66
-2.71
-2.70
-2.67
-2.68
-2.68
-2.66
-2.63
-2.59
-2.60
-2.59
-2.59
-2.61
-2.57
-2.57
-2.53
-2.50
-2.50
-2.50
-2.50
-2.51
-2.49
-2.52
-2.55
-2.56
-2.53
-2.57
-2.57
-2.59
-2.58
-2.60
-2.61
-2.61
-2.62
-2.65
-2.63
-2.64
-2.67
-2.66
-2.66
-2.64
-2.63
-2.63
-2.65
-2.64
-2.66
-2.66
-2.64
-2.62
-2.57
-2.53
-2.47