=~=~=~=~=~=~=~=~=~=~=~= PuTTY log 2021.09.16 23:00:02 =~=~=~=~=~=~=~=~=~=~=~=
.97
1.02
1.11
1.14
1.17
1.11
1.10
1.10
1.07
1.02
0.92
0.88
0.85
0.86
0.90
0.89
0.83
0.76
0.72
0.74
0.79
0.82
0.82
0.81
0.76
0.69
0.66
0.64
0.62
0.66
0.64
0.62
0.63
0.68
0.74
0.78
0.76
0.77
0.78
0.78
0.79
0.74
0.73
0.75
0.79
0.77
0.74
0.66
0.65
0.64
0.64
0.64
0.66
0.68
0.71
0.71
0.68
0.71
0.75
0.81
0.83
0.84
0.92
0.96
1.00
1.04
1.05
1.03
0.97
0.90
0.85
0.82
0.82
0.83
0.83
0.83
0.80
0.78
0.80
0.81
0.82
0.82
0.83
0.86
0.87
0.84
0.79
0.75
0.74
0.74
0.77
0.78
0.75
0.75
0.76
0.74
0.75
0.70
0.73
0.72
0.76
0.85
0.85
0.81
0.80
0.77
0.79
0.80
0.82
0.83
0.82
0.78
0.77
0.75
0.74
0.77
0.76
0.73
0.73
0.70
0.69
0.70
0.69
0.70
0.68
0.70
0.71
0.73
0.74
0.76
0.77
0.79
0.79
0.78
0.77
0.76
0.73
0.74
0.77
0.80
0.82
0.80
0.79
0.76
0.72
0.73
0.73
0.76
0.75
0.77
0.77
0.79
0.75
0.72
0.71
0.73
0.73
0.73
0.72
0.74
0.84
0.88
0.89
0.87
0.83
0.83
0.85
0.91
0.91
0.90
0.87
0.86
0.83
0.80
0.82
0.86
0.91
0.95
0.99
0.99
1.00
0.98
0.95
0.92
0.89
0.83
0.78
0.76
0.78
0.84
0.88
0.93
0.93
0.96
0.93
0.81
0.67
0.65
0.66
0.67
0.70
0.73
0.75
0.79
0.79
0.83
0.85
0.84
0.83
0.85
0.88
0.86
0.88
0.87
0.90
0.93
0.94
0.93
0.96
0.90
0.85
0.80
0.80
0.82
0.81
0.74
0.68
0.68
0.74
0.79
0.72
0.75
0.73
0.69
0.55
0.45
0.38
0.36
0.32
0.32
0.42
0.50
0.54
0.46
0.41
0.45
0.48
0.46
0.35
0.25
0.24
0.27
0.25
0.15
0.13
0.16
0.23
0.28
0.28
0.16
0.04
-0.02
-0.03
-0.01
0.07
0.13
0.20
0.24
0.20
0.10
-0.04
-0.14
-0.17
-0.20
-0.21
-0.18
-0.19
-0.17
-0.11
-0.01
0.12
0.17
0.14
0.09
0.04
0.03
0.05
0.05
0.06
0.07
0.04
-0.03
-0.08
-0.15
-0.21
-0.32
-0.45
-0.47
-0.55
-0.78
-0.90
-0.93
-0.99
-1.06
-1.19
-1.23
-1.16
-1.06
-0.91
-0.91
-1.06
-1.34
-1.40
-1.38
-1.44
-1.38
-1.38
-1.60
-1.69
-1.58
-1.49
-1.42
-1.48
-1.49
-1.52
-1.61
-1.71
-1.81
-1.84
-1.95
-2.11
-2.21
-2.26
-2.39
-2.59
-2.74
-2.86
-3.00
-3.18
-3.36
-3.50
-3.50
-2.87
-0.87
1.83
3.80
4.69
4.72
4.72
5.16
6.33
8.04
9.84
12.29
15.40
18.94
22.36
25.19
27.01
27.96
27.64
27.05
27.31
28.19
28.26
26.01
21.40
15.29
8.92
4.11
1.60
0.29
0.21
-0.25
-2.71
-6.42
-11.05
-15.96
-19.46
-21.58
-22.27
-21.81
-21.24
-21.07
-22.41
-24.94
-27.91
-30.20
-30.76
-29.66
-27.54
-24.49
-20.86
-16.61
-12.61
-9.42
-7.54
-6.07
-4.11
-0.99
3.42
7.96
12.07
15.15
16.69
14.44
8.05
1.74
-4.40
-11.11
-18.06
-23.62
-27.25
-29.44
-31.06
-32.90
-35.20
-37.09
-37.69
-36.05
-28.72
-15.71
12.28
30.04
33.32
26.21
16.72
10.24
7.93
8.46
8.36
6.15
6.02
6.91
9.44
13.74
15.83
13.32
8.64
4.74
1.82
-0.14
-0.57
0.55
1.66
1.88
1.32
0.75
0.75
0.95
0.97
0.90
0.98
1.25
1.65
2.23
2.93
3.37
3.24
2.67
1.91
1.42
1.19
1.03
0.84
0.58
0.23
-0.20
-1.08
-1.35
-1.83
-2.21
-2.29
-2.29
-2.18
-1.91
-1.57
-1.30
-1.19
-1.10
-1.00
-0.93
-0.72
-0.62
-0.79
-1.18
-1.40
-1.40
-1.18
-0.87
-0.60
-0.29
0.22
0.63
0.75
0.54
0.29
-0.01
-0.28
-0.60
-0.85
-1.01
-0.59
1.32
3.78
6.03
6.94
6.98
6.86
7.32
8.81
10.60
12.46
14.07
15.51
16.94
18.58
20.08
20.80
21.75
23.94
26.06
26.85
26.04
23.08
18.66
15.60
10.67
5.94
3.11
4.18
8.13
12.16
13.97
10.90
4.41
-2.53
-11.20
-18.46
-24.17
-29.83
-35.04
-36.95
-39.03
-41.63
-44.45
-48.25
-52.31
-55.63
-57.07
-57.05
-55.43
-52.96
-50.14
-46.95
-43.48
-39.03
-32.84
-24.34
-15.58
-7.99
-2.26
2.30
8.94
14.86
17.52
17.43
16.83
18.72
21.77
21.68
16.43
2.98
-9.97
-20.43
-26.44
-28.86
-29.94
-31.61
-33.88
-36.13
-37.70
-37.23
-30.23
-14.45
15.75
32.55
33.36
24.47
14.42
7.07
4.19
5.82
9.28
9.98
7.14
3.24
3.60
8.36
13.85
15.26
12.03
7.35
3.66
1.51
0.64
1.21
1.47
1.31
0.42
-0.28
-0.46
0.02
0.46
0.88
0.84
0.49
0.18
0.20
0.41
0.69
1.01
1.22
1.47
1.84
2.25
2.52
2.55
2.33
1.95
1.12
0.73
-0.20
-0.90
-1.53
-2.18
-2.63
-2.75
-2.56
-2.34
-2.33
-2.31
-2.33
-2.19
-2.05
-1.84
-1.61
-1.29
-1.03
-0.93
-1.00
-1.30
-1.65
-1.83
-1.87
-1.75
-1.33
-0.69
0.02
0.42
0.35
-0.07
-0.76
-1.21
-1.20
-0.41
1.84
4.33
5.93
6.02
5.23
4.64
4.97
5.99
7.48
8.91
9.97
10.71
11.41
12.30
13.79
15.80
18.35
20.06
21.32
23.16
26.71
29.73
31.30
31.90
33.52
35.01
32.94
24.38
16.52
13.67
14.55
17.13
19.38
16.31
8.38
-0.88
-9.97
-17.50
-24.04
-29.79
-34.29
-36.99
-38.58
-39.81
-42.43
-47.57
-54.79
-60.66
-64.04
-65.30
-64.09
-60.18
-53.51
-44.33
-33.81
-24.41
-16.64
-9.54
-2.79
3.19
14.04
18.71
16.11
9.79
6.65
8.01
11.98
14.10
10.95
3.06
-6.05
-15.31
-23.51
-28.95
-32.59
-35.01
-36.99
-38.47
-39.13
-39.28
-38.65
-36.71
-33.39
-28.90
-20.60
-10.42
19.51
35.50
41.31
40.56
32.98
21.09
6.21
-3.48
-6.41
-4.73
1.44
6.85
10.05
9.24
5.24
1.24
-0.86
-0.49
-0.14
-0.50
-0.71
-0.54
0.83
1.94
2.53
3.05
3.23
2.81
1.78
0.39
-0.89
-1.70
-1.99
-1.86
-1.59
-1.44
-1.17
-0.74
-0.17
0.35
0.81
1.21
1.57
1.72
1.46
0.92
0.57
0.39
0.61
0.87
1.09
1.49
1.71
1.80
1.92
2.32
2.71
2.68
2.43
2.16
1.94
1.75
1.49
1.10
0.75
0.56
0.51
0.54
0.64
0.65
0.44
0.03
-0.31
-0.45
-0.35
0.25
0.05
-0.87
-2.09
-3.14
-3.91
-4.19
-4.18
-3.83
-3.29
-2.78
-2.32
-1.69
-1.09
-0.84
-0.60
-0.37
-0.20
-0.21
-0.24
-0.03
0.33
0.55
0.62
0.48
0.34
0.29
0.47
0.54
0.50
0.53
0.63
0.56
0.32
0.04
-0.07
-0.05
-0.22
-0.59
-0.62
-0.65
-0.84
-0.87
-0.42
0.48
1.38
2.02
2.54
3.00
3.33
3.40
3.18
2.76
2.18
1.69
1.46
1.42
1.44
1.35
1.23
1.04
0.87
0.59
0.12
-0.69
-2.19
-4.38
-7.33
-10.72
-15.33
-20.30
-25.12
-28.34
-29.18
-27.64
-24.57
-21.17
-18.14
-15.41
-12.82
-10.44
-8.35
-6.91
-5.96
-5.46
-5.10
-4.80
-4.49
-4.15
-3.83
-3.58
-3.46
-3.55
-3.63
-4.04
-4.38
-4.53
-4.44
-4.37
-4.57
-5.03
-5.57
-6.04
-6.68
-7.75
-10.02
-13.08
-14.89
-13.74
-9.76
-5.11
-1.29
1.53
4.95
9.67
14.40
16.66
14.37
8.45
2.43
-1.86
-3.59
-3.60
-2.88
-2.01
-1.57
-0.75
0.05
0.50
0.70
0.46
-0.13
-0.86
-1.32
-1.14
-0.58
0.50
1.03
1.14
0.88
0.32
-0.25
-0.52
-0.54
-0.37
-0.14
0.08
0.25
0.35
0.39
0.38
0.24
0.21
0.22
0.17
0.04
-0.13
-0.26
-0.31
-0.30
-0.21
-0.18
-0.24
-0.37
-0.63
-0.87
-0.96
-0.88
-0.67
-0.40
-0.11
0.06
0.19
0.30
0.38
0.39
0.37
0.37
0.41
0.43
0.38
0.26
0.03
-0.22
-0.51
-0.89
-1.25
-1.55
-1.76
-1.90
-1.96
-2.02
-2.12
-1.96
-2.11
-2.74
-3.44
-4.27
-4.99
-5.33
-4.91
-3.68
-2.12
-0.23
2.19
4.99
8.50
12.69
17.87
22.26
25.22
27.57
30.09
32.87
35.13
35.67
33.53
28.27
20.33
9.87
-1.53
-14.98
-29.10
-36.36
-36.55
-32.95
-27.87
-22.77
-18.58
-16.00
-14.84
-14.72
-15.25
-16.05
-16.36
-15.91
-14.65
-12.95
-10.96
-8.86
-7.03
-5.40
-3.87
-2.37
-0.89
0.49
1.79
3.10
4.65
5.96
7.01
7.54
7.54
7.30
6.91
6.65
6.47
6.61
6.56
5.94
4.65
2.89
0.65
-1.95
-5.24
-8.41
-11.90
-15.11
-17.81
-19.60
-20.67
-21.18
-21.25
-20.97
-20.52
-19.66
-14.34
-4.69
11.47
21.92
21.39
15.09
7.79
2.10
0.21
2.70
6.52
8.58
7.73
6.28
5.82
7.24
8.17
7.12
4.73
3.08
2.51
3.29
4.52
5.00
4.05
2.31
0.33
-1.28
-1.63
-1.09
-0.46
0.28
0.44
0.41
0.21
-0.04
-0.34
-0.64
-0.66
-0.48
0.07
0.66
1.08
1.46
1.65
1.70
1.51
1.22
0.76
-0.02
-0.87
-1.49
-1.90
-2.07
-2.16
-2.17
-2.25
-2.38
-2.41
-2.44
-2.38
-2.23
-2.10
-2.12
-2.09
-2.17
-1.97
-2.01
-2.17
-2.46
-2.80
-3.05
-3.24
-3.38
-3.49
-3.47
-3.22
-2.99
-2.91
-3.10
-3.35
-3.57
-3.80
-3.90
-3.80
-3.66
-3.52
-3.40
-2.85
-0.99
2.76
6.71
9.92
11.86
13.11
14.36
16.20
18.95
22.19
25.89
30.65
35.58
39.18
40.03
38.03
34.96
30.16
22.75
6.27
-12.80
-22.62
-19.44
-12.03
-3.81
0.77
-1.08
-8.31
-17.70
-27.44
-34.97
-40.90
-44.51
-46.11
-46.10
-45.69
-46.34
-49.16
-53.15
-56.81
-59.06
-59.10
-56.63
-51.88
-45.39
-38.40
-31.49
-24.49
-17.35
-9.66
-1.50
6.88
15.76
26.71
32.12
33.25
32.04
28.57
23.38
14.84
6.42
-1.80
-8.36
-14.52
-21.97
-29.53
-35.40
-38.08
-37.18
-34.08
-31.06
-29.14
-27.70
-25.22
-17.37
-4.07
12.83
31.68
34.52
26.48
10.88
1.83
6.45
13.23
8.19
1.40
3.03
11.25
15.57
11.72
3.22
-2.37
-4.53
-2.90
0.62
2.46
1.79
0.32
-0.04
1.19
2.66
3.48
3.54
2.94
1.60
0.73
-0.38
-0.51
-0.00
0.65
0.85
0.53
-0.08
-0.58
-0.70
-0.57
-0.43
-0.41
-0.74
-1.51
-3.02
-3.69
-4.00
-3.88
-3.66
-3.58
-3.36
-3.32
-3.27
-3.28
-3.24
-3.23
-3.33
-3.47
-3.55
-3.65
-3.77
-3.91
-4.01
-3.85
-3.76
-3.58
-3.45
-3.34
-3.35
-3.40
-3.26
-2.78
-2.27
-2.02
-1.88
-1.57
-1.78
-1.83
-1.86
-1.63
-0.42
3.00
7.87
12.81
16.22
17.41
17.08
16.89
17.89
21.07
26.95
34.19
40.32
42.84
41.92
40.18
36.63
28.96
4.14
-30.20
-38.98
-31.08
-19.34
-8.30
-4.63
-8.54
-15.27
-24.06
-31.73
-38.92
-44.40
-48.51
-53.20
-54.45
-55.37
-55.21
-55.05
-54.52
-53.66
-51.50
-47.62
-42.23
-36.08
-30.19
-24.15
-18.09
-12.29
-7.01
-2.49
0.81
4.04
7.01
10.47
13.95
16.93
19.39
20.98
21.15
19.54
16.01
10.71
3.85
-4.29
-15.66
-30.51
-42.42
-47.22
-46.22
-41.60
-36.10
-32.47
-31.27
-28.12
-11.28
8.23
33.45
38.95
30.84
14.49
-1.87
-8.73
-3.62
5.00
9.46
10.03
13.92
18.85
18.18
11.99
3.44
-3.18
-6.38
-5.55
-2.46
0.79
1.52
0.45
-1.18
-1.11
0.76
2.41
3.23
3.25
2.60
1.47
0.47
-0.38
-0.73
-0.58
0.21
0.96
1.58
1.97
2.12
2.14
2.12
2.05
1.81
1.46
0.98
0.37
-0.35
-1.09
-1.68
-1.95
-1.91
-1.70
-1.51
-1.43
-1.46
-1.56
-1.66
-1.72
-1.70
-1.58
-1.44
-1.37
-1.31
-1.30
-1.49
-1.58
-1.61
-1.57
-1.60
-1.59
-1.55
-1.57
-1.54
-1.48
-1.51
-1.78
-2.10
-2.28
-2.29
-2.08
-1.80
-1.62
-1.53
-1.59
-1.36
-0.58
0.62
1.61
2.32
2.89
3.46
3.94
4.31
4.72
5.16
5.31
5.42
5.56
5.75
5.71
5.39
4.84
3.92
2.80
1.75
1.04
0.77
0.96
1.45
2.33
3.23
3.99
4.48
4.53
3.88
2.21
-0.63
-4.68
-9.70
-14.81
-20.67
-26.95
-32.44
-35.89
-36.62
-35.01
-32.05
-29.23
-27.28
-25.55
-23.49
-20.98
-18.55
-16.75
-15.51
-14.75
-14.11
-13.59
-12.88
-12.48
-12.07
-11.86
-11.74
-11.76
-11.78
-11.94
-12.01
-11.98
-11.77
-11.16
-10.51
-9.98
-9.69
-9.42
-9.23
-9.07
-8.87
-8.69
-8.63
-8.67
-8.72
-9.23
-9.28
-9.19
-9.22
-9.13
-9.23
-9.23
-9.02
-7.74
-5.38
-1.48
4.11
9.52
13.21
13.84
10.50
5.13
0.17
-3.27
-4.94
-4.79
-3.62
-2.27
-1.14
0.19
1.76
3.01
3.76
4.18
4.21
3.96
3.46
2.62
1.77
1.09
0.64
0.27
-0.03
-0.49
-1.11
-1.46
-1.58
-1.40
-1.00
-0.50
-0.34
-0.33
-0.48
-0.44
-0.42
-0.33
-0.21
-0.06
0.04
0.06
0.20
0.42
0.67
0.92
1.11
1.22
1.07
0.85
0.62
0.46
0.38
0.24
0.03
-0.13
-0.22
-0.40
-0.77
-1.01
-1.19
-1.28
-1.19
-0.97
-0.76
-0.63
-0.62
-0.68
-0.77
-0.82
-0.82
-1.01
-1.25
-1.37
-1.54
-1.65
-1.68
-1.70
-1.62
-1.48
-1.37
-1.20
-0.91
-0.65
-0.60
-0.65
-0.70
-0.67
-0.58
-0.41
-0.28
-0.19
-0.01
-0.07
-0.20
-0.29
-0.41
-0.53
-0.75
-0.98
-1.02
-1.03
-1.12
-1.24
-1.36
-1.36
-1.30
-1.33
-1.45
-1.62
-1.80
-1.90
-1.75
-1.27
-0.19
1.69
3.82
4.90
4.66
3.73
2.77
2.32
2.40
2.68
2.88
2.96
2.86
2.86
3.30
4.22
5.48
7.01
8.21
9.04
9.33
9.21
8.71
7.75
6.61
5.42
4.17
2.77
1.38
-0.01
-1.58
-3.34
-6.10
-9.73
-13.99
-17.98
-21.10
-23.69
-25.31
-25.83
-25.48
-23.01
-19.28
-16.12
-13.85
-12.35
-11.47
-10.58
-9.72
-8.78
-7.80
-6.97
-6.37
-6.07
-6.14
-6.46
-6.80
-6.88
-6.02
-4.37
-2.27
-0.29
1.25
1.94
1.69
1.56
4.12
12.87
24.92
30.24
28.75
21.64
9.09
-2.43
-10.60
-15.22
-15.68
-13.21
-7.73
-1.95
2.24
4.54
4.68
3.14
0.01
-2.70
-5.44
-7.14
-7.45
-6.75
-5.42
-4.04
-3.02
-2.41
-2.37
-2.85
-3.65
-4.38
-4.95
-4.80
-4.34
-3.85
-3.02
-1.74
-1.46
-2.86
-4.94
-6.63
-7.29
-6.95
-6.26
-5.57
-4.91
-4.53
-4.39
-4.39
-4.34
-4.56
-4.93
-5.32
-5.36
-5.15
-5.13
-5.14
-5.15
-5.06
-4.77
-4.27
-3.74
-3.44
-3.43
-3.52
-3.81
-4.14
-4.26
-4.29
-4.41
-4.48
-4.53
-4.54
-4.43
-4.31
-4.21
-3.93
-3.76
-3.95
-4.23
-4.32
-4.05
-3.90
-3.66
-3.59
-3.56
-3.62
-3.49
-3.36
-3.37
-3.50
-3.71
-3.97
-4.09
-4.16
-4.31
-4.61
-4.71
-4.76
-4.69
-4.39
-4.17
-3.99
-3.77
-3.60
-3.43
-3.11
-2.81
-2.51
-2.49
-2.46
-2.42
-2.35
-2.25
-2.19
-2.11
-2.25
-2.25
-2.34
-2.39
-2.50
-2.47
-2.53
-2.42
-2.30
-2.53
-2.73
-2.90
-3.16
-3.16
-3.10
-2.85
-2.56
-2.13
-1.75
-1.43
-1.12
-0.91
-0.84
-0.98
-1.31
-1.70
-1.98
-2.19
-2.33
-2.23
-2.27
-2.20
-2.01
-1.92
-2.01
-2.06
-2.09
-2.04
-1.99
-1.97
-1.99
-1.92
-1.86
-1.81
-1.82
-1.80
-1.87
-1.97
-2.02
-2.14
-2.47
-2.71
-2.88
-2.82
-2.59
-2.28
-1.95
-1.75
-1.01
-0.73
-0.51
-0.49
-0.43
-0.49
-0.53
-0.54
-0.57
-0.72
-0.75
-0.97
-1.27
-1.56
-1.86
-1.60
-1.43
-1.12
-0.68
-0.26
0.04
0.33
0.44
0.45
0.33
0.36
0.29
0.14
-0.03
-0.13
-0.20
-0.25
-0.13
-0.26
-0.22
-0.28
-0.52
-0.70
-0.85
-1.10
-1.42
-1.93
-2.44
-2.91
-3.40
-3.93
-4.37
-4.78
-5.14
-5.29
-4.51
-3.37
-1.67
-0.13
1.10
2.00
2.50
2.72
2.79
2.59
2.27
0.67
-0.16
-0.63
-0.73
-0.32
0.16
0.61
0.92
0.91
0.70
0.48
0.50
0.76
1.04
0.91
0.90
0.86
0.85
0.90
1.00
0.83
0.69
0.49
0.36
0.29
0.23
0.13
0.07
-0.01
-0.03
-0.06
-0.10
-0.09
-0.04
0.01
0.05
0.05
-0.03
-0.17
-0.30
-0.42
-0.48
-0.48
-0.36
-0.38
-0.29
-0.10
-0.38
-0.57
-0.54
-0.55
-0.47
-0.44
-0.42
-0.45
-0.50
-0.48
-0.42
-0.37
-0.29
-0.23
-0.07
0.00
0.10
0.12
0.14
0.16
0.18
0.25
0.31
0.36
0.40
0.42
0.42
0.38
0.34
0.29
0.28
0.27
0.27
0.32
0.35
0.41
0.37
0.31
0.34
0.34
0.34
0.34
0.34
0.35
0.34
0.36
0.40
0.44
0.41
0.36
0.34
0.34
0.31
0.31
0.27
0.28
0.25
0.25
0.23
0.22
0.20
0.17
0.15
0.17
0.15
0.12
0.06
0.03
-0.03
-0.02
0.00
0.01
0.02
0.03
0.00
-0.00
-0.01
-0.00
0.01
0.02
0.01
0.01
-0.00
0.02
0.03
-0.00
-0.04
-0.03
-0.04
-0.02
-0.05
-0.03
-0.02
-0.03
-0.07
-0.07
-0.05
-0.07
-0.06
-0.06
-0.07
-0.06
-0.07
-0.02
-0.02
-0.02
-0.05
-0.00
0.05
0.04
0.03
0.02
0.03
0.03
0.02
0.01
0.04
0.05
0.03
0.00
-0.01
-0.00
-0.06
-0.10
-0.12
-0.08
-0.08
-0.04
-0.01
-0.06
-0.12
-0.12
-0.18
-0.19
-0.17
-0.19
-0.15
-0.14
-0.17
-0.16
-0.13
-0.15
-0.11
-0.07
-0.05
-0.04
-0.05
-0.08
-0.10
-0.03
-0.00
-0.00
-0.04
-0.04
-0.06
-0.09
-0.09
-0.05
-0.05
-0.05
0.01
0.02
0.03
0.02
0.05
0.02
0.01
-0.02
0.01
0.03
0.05
0.04
-0.01
-0.09
-0.07
-0.09
-0.13
-0.14
-0.09
-0.04
-0.03
0.02
0.02
0.00
-0.06
-0.08
-0.08
-0.04
-0.01
-0.01
-0.05
-0.05
-0.08
-0.06
-0.07
-0.06
-0.03
-0.04
-0.08
-0.16
-0.16
-0.16
-0.16
-0.15
-0.10
-0.07
-0.06
-0.04
-0.05
-0.06
-0.11
-0.09
-0.04
0.01
0.06
0.11
0.13
0.10
0.09
0.10
0.07
0.02
-0.01
-0.04
-0.05
-0.02
-0.02
-0.06
-0.05
-0.04
-0.05
-0.06
-0.05
-0.04
-0.08
-0.07
-0.11
-0.08
-0.11
-0.14
-0.14
-0.13
-0.13
-0.10
-0.01
0.03
0.04
0.07
0.09
0.06
0.07
0.07
0.05
0.02
-0.05
-0.08
-0.08
-0.09
-0.13
-0.13
-0.13
-0.09
-0.08
-0.06