=~=~=~=~=~=~=~=~=~=~=~= PuTTY log 2021.09.16 23:05:15 =~=~=~=~=~=~=~=~=~=~=~=

0.18
0.23
0.28
0.30
0.25
0.17
0.15
0.16
0.21
0.23
0.25
0.24
0.32
0.38
0.37
0.30
0.20
0.16
0.16
0.19
0.26
0.26
0.20
0.24
0.26
0.23
0.19
0.16
0.17
0.23
0.30
0.35
0.32
0.33
0.35
0.33
0.36
0.40
0.41
0.42
0.42
0.39
0.34
0.30
0.30
0.32
0.32
0.32
0.32
0.29
0.32
0.34
0.31
0.34
0.36
0.40
0.46
0.51
0.49
0.48
0.47
0.48
0.48
0.45
0.45
0.43
0.43
0.43
0.37
0.38
0.46
0.53
0.58
0.56
0.52
0.36
0.25
0.30
0.34
0.42
0.47
0.51
0.48
0.42
0.36
0.34
0.31
0.33
0.41
0.45
0.48
0.49
0.45
0.38
0.35
0.32
0.28
0.27
0.29
0.35
0.41
0.38
0.37
0.32
0.29
0.33
0.35
0.37
0.38
0.36
0.30
0.29
0.32
0.34
0.42
0.43
0.45
0.41
0.35
0.27
0.19
0.19
0.23
0.30
0.36
0.36
0.33
0.32
0.31
0.32
0.36
0.44
0.54
0.56
0.55
0.52
0.44
0.32
0.21
0.19
0.17
0.13
0.17
0.31
0.41
0.48
0.53
0.53
0.52
0.47
0.42
0.44
0.47
0.47
0.43
0.39
0.42
0.40
0.39
0.33
0.33
0.40
0.44
0.42
0.42
0.41
0.39
0.32
0.25
0.22
0.15
0.15
0.18
0.17
0.15
0.16
0.15
0.14
0.18
0.21
0.21
0.28
0.40
0.42
0.34
0.30
0.21
0.09
0.02
0.00
0.05
0.13
0.22
0.23
0.19
0.11
0.00
-0.07
-0.19
-0.24
-0.30
-0.38
-0.42
-0.42
-0.49
-0.56
-0.57
-0.55
-0.47
-0.44
-0.35
-0.29
-0.44
-0.68
-0.74
-0.79
-0.74
-0.49
-0.30
-0.19
-0.22
-0.24
-0.21
-0.22
-0.25
-0.06
0.04
-0.02
-0.19
-0.18
-0.13
-0.07
0.11
0.06
-0.05
0.07
0.11
0.10
0.15
0.44
0.65
0.76
0.82
0.73
0.51
0.24
0.10
-0.16
-0.68
-1.09
-1.30
-1.23
-1.03
-0.75
-0.54
-0.42
-0.25
0.04
0.21
0.12
0.07
0.32
0.50
0.60
0.66
0.54
0.25
-0.03
-0.32
-0.61
-0.98
-1.09
-0.92
-0.56
-0.37
-0.52
-0.67
-0.88
-1.03
-1.15
-0.96
-0.69
-0.43
0.09
0.58
1.04
1.69
2.26
2.17
1.72
1.21
0.66
0.53
0.81
0.73
-0.11
0.41
2.09
4.40
6.53
8.05
9.56
10.66
11.49
12.05
12.53
12.29
11.74
11.00
10.10
9.22
8.46
7.55
6.56
5.74
5.34
5.35
5.92
6.98
8.53
10.20
11.70
13.00
14.03
14.77
14.54
13.40
11.00
8.70
6.37
4.52
3.11
1.88
0.87
-0.12
-1.03
-1.73
-2.18
-2.67
-3.18
-3.99
-5.28
-6.08
-7.23
-8.34
-9.52
-10.64
-11.90
-13.12
-14.23
-15.39
-16.62
-17.50
-17.86
-17.90
-17.51
-16.45
-15.14
-13.76
-12.52
-11.49
-10.24
-8.92
-7.45
-5.88
-5.02
-4.14
-3.63
-3.63
-3.78
-3.46
-3.16
-3.37
-4.01
-4.73
-4.41
-2.97
-1.00
2.14
4.64
4.75
2.47
-0.50
-1.82
-3.15
-6.41
-10.15
-12.04
-11.21
-8.74
-6.29
-3.95
-1.85
-0.38
0.71
1.28
1.47
1.39
1.09
0.50
0.03
-0.07
0.08
0.49
1.01
1.27
1.38
1.32
1.38
1.38
0.85
0.37
-0.57
-1.68
-2.22
-2.44
-2.36
-2.00
-1.79
-0.88
-1.16
-1.20
-0.76
-1.11
-0.12
-0.36
0.05
0.57
0.82
0.66
0.19
-0.00
-0.24
-0.74
-1.08
-1.07
-1.22
-1.33
-1.47
-0.27
-0.26
0.79
2.42
3.28
3.59
4.41
4.39
3.64
3.19
2.92
2.86
2.71
2.55
2.25
2.25
3.02
4.62
6.48
8.00
9.09
9.88
10.78
11.37
11.40
10.96
10.13
9.06
8.17
7.41
6.95
6.53
6.16
5.96
6.33
7.85
10.56
13.20
14.75
15.21
15.10
15.14
15.62
16.28
16.15
14.16
10.95
7.20
4.23
2.12
1.18
0.95
1.22
1.59
1.79
1.71
1.05
-0.01
-1.31
-2.35
-3.29
-3.98
-4.94
-5.90
-6.78
-7.75
-8.78
-9.89
-10.97
-12.00
-12.97
-13.58
-13.63
-13.30
-12.66
-11.92
-11.28
-10.88
-10.84
-10.68
-10.34
-9.79
-8.82
-7.63
-6.27
-4.85
-3.49
-2.24
-1.44
-1.13
-1.35
-1.83
-2.31
-2.74
-3.43
-4.31
-5.21
-6.07
-6.38
-5.91
-4.28
-1.98
0.34
1.19
-0.29
-2.87
-3.83
-3.77
-5.27
-8.65
-11.47
-12.83
-11.24
-8.46
-6.55
-5.40
-4.27
-2.96
-1.60
-0.23
-0.05
-0.29
-0.68
-1.13
-1.64
-1.89
-1.93
-1.57
-1.20
-0.85
-0.58
-0.65
-0.98
-1.36
-1.66
-1.97
-2.09
-1.97
-1.70
-1.11
-0.40
0.14
0.35
0.36
0.23
-0.09
-0.62
-1.04
-1.23
-1.17
-0.99
-0.67
-0.70
-1.00
-1.22
-1.73
-2.69
-2.62
-1.98
-1.81
-1.59
-1.30
-0.57
0.75
1.31
1.74
2.30
2.46
2.16
2.01
2.16
2.09
1.81
1.35
0.88
1.01
3.08
6.49
8.95
10.24
11.07
11.92
12.80
13.60
14.03
13.99
13.31
12.15
11.01
9.81
8.46
7.02
5.91
5.46
5.84
6.89
8.45
10.45
13.15
15.82
17.38
18.08
18.07
17.52
16.06
14.26
12.95
11.22
9.59
7.82
6.18
4.65
3.29
2.27
1.56
0.90
0.05
-1.13
-2.84
-4.60
-6.33
-7.92
-9.34
-10.64
-12.07
-13.40
-14.38
-15.29
-16.30
-17.52
-19.12
-20.82
-22.36
-23.64
-24.67
-25.08
-24.26
-22.14
-19.13
-15.70
-11.93
-7.83
-4.88
-2.44
-0.27
1.17
2.20
2.89
3.00
3.10
3.16
2.72
1.57
-0.25
-3.12
-6.52
-7.49
-7.31
-6.77
-4.94
-0.85
2.65
4.64
6.17
6.50
4.50
0.57
-3.78
-7.90
-10.36
-10.48
-8.87
-7.36
-6.66
-5.72
-3.99
-1.93
-0.42
0.52
0.67
0.21
-0.51
-1.72
-2.45
-2.30
-2.02
-2.09
-2.16
-2.44
-2.75
-2.91
-2.72
-2.13
-1.60
-1.47
-1.72
-2.08
-2.30
-2.18
-1.75
-1.25
-0.84
-0.57
-0.38
-0.33
-0.25
-0.11
-0.23
-0.43
-0.59
-0.72
-0.69
-0.63
-0.58
-0.49
-0.23
-0.01
0.53
0.84
0.62
0.70
1.00
1.29
1.35
1.29
1.21
1.32
1.51
1.44
0.98
0.41
-0.03
-0.09
-0.09
0.01
0.33
0.75
0.97
1.03
0.99
0.82
0.64
0.56
0.58
0.63
0.61
0.43
0.25
0.33
0.37
0.16
-0.16
-0.50
-0.69
-0.77
-0.91
-1.07
-1.17
-1.15
-1.06
-0.89
-0.76
-0.44
0.02
0.44
0.93
1.45
1.97
2.40
2.71
2.93
3.11
3.29
3.55
3.79
4.00
4.12
4.09
3.77
3.68
3.03
1.82
0.65
-0.75
-2.17
-3.50
-4.53
-5.52
-6.36
-7.05
-7.54
-7.70
-7.70
-7.42
-6.91
-6.32
-5.81
-5.47
-5.10
-4.80
-4.55
-4.41
-4.47
-4.51
-4.61
-4.57
-4.32
-3.79
-3.14
-2.60
-2.63
-3.43
-4.49
-5.45
-5.90
-5.77
-4.84
-3.64
-2.26
-1.09
-0.36
-0.54
-1.43
-2.88
-4.10
-5.44
-6.83
-6.64
-3.11
4.43
12.56
17.92
17.33
13.09
7.89
3.34
-0.38
-4.11
-6.91
-8.45
-8.22
-6.95
-4.89
-2.35
-0.10
1.11
1.24
0.87
0.42
0.10
-0.10
-0.21
-0.44
-0.92
-1.55
-2.14
-2.52
-2.64
-2.55
-2.30
-1.88
-1.62
-1.44
-1.07
-0.63
-0.08
0.30
0.40
0.34
-0.01
-0.26
-0.22
-0.18
0.05
0.43
0.84
0.99
0.97
0.87
0.89
0.95
1.07
1.05
0.84
0.64
0.35
0.26
0.39
0.10
-0.07
0.27
0.10
0.18
0.02
0.19
0.33
0.04
-0.48
-0.81
-0.89
-0.69
-0.34
0.13
0.62
1.04
1.32
1.51
1.51
1.35
0.95
0.28
-0.62
-1.50
-1.76
-1.54
-0.79
0.49
2.20
4.09
6.08
7.70
8.91
9.65
9.85
9.63
10.14
9.31
8.05
7.12
6.40
6.10
5.72
5.25
4.79
4.45
4.01
3.18
1.59
-0.41
-2.45
-4.37
-5.86
-6.24
-6.31
-5.92
-4.92
-3.91
-2.99
-2.42
-2.25
-2.68
-3.62
-4.91
-6.19
-7.48
-8.57
-9.56
-9.91
-10.04
-9.68
-9.27
-9.07
-9.21
-9.66
-10.37
-11.35
-12.34
-13.29
-14.10
-14.62
-14.71
-14.41
-14.03
-13.75
-13.59
-13.41
-13.16
-12.69
-11.80
-10.49
-9.05
-7.74
-6.40
-5.38
-4.55
-3.98
-3.50
-3.36
-3.70
-4.25
-4.84
-5.63
-6.56
-7.49
-8.44
-7.11
-2.82
-0.67
-0.61
0.35
1.77
2.97
4.65
5.98
4.91
0.85
-4.55
-10.10
-15.37
-17.47
-16.24
-13.39
-9.74
-6.24
-2.89
0.04
2.15
3.37
3.62
3.04
1.96
0.68
-0.19
-1.05
-1.32
-1.00
-0.41
-0.19
-0.44
-0.62
-1.03
-1.44
-2.03
-2.48
-2.62
-2.45
-2.11
-1.57
-0.72
-0.05
0.46
0.64
0.51
0.20
-0.34
-0.98
-1.44
-1.79
-1.74
-1.92
-1.79
-1.83
-1.96
-2.41
-2.56
-2.43
-3.25
-3.04
-3.70
-2.54
-1.70
-1.40
-0.49
-0.28
0.33
0.78
0.88
0.71
0.38
0.20
0.23
0.41
0.84
1.36
1.80
1.99
2.06
2.04
1.70
1.20
0.69
0.08
0.42
3.19
7.42
10.88
13.77
16.00
17.22
17.06
16.28
15.02
13.35
11.56
10.00
8.40
7.94
8.97
11.04
14.77
19.62
24.10
25.95
24.99
23.18
21.35
19.17
17.58
16.67
15.09
12.72
9.50
6.29
3.21
0.37
-1.98
-3.63
-4.88
-6.10
-7.63
-9.63
-11.86
-14.81
-18.19
-21.48
-24.34
-26.68
-28.41
-29.46
-30.15
-30.60
-30.87
-30.92
-30.72
-30.41
-29.32
-26.49
-20.63
-13.08
-5.13
0.59
3.83
5.07
5.04
3.99
2.94
2.33
2.27
2.50
2.64
2.32
1.33
-0.31
-3.32
-8.03
-11.85
-12.02
-8.40
-3.00
1.21
3.84
6.13
6.53
3.11
-3.00
-9.02
-13.53
-17.82
-19.37
-16.38
-10.98
-5.52
-0.88
2.92
5.37
6.21
5.91
4.84
3.27
1.55
1.09
0.73
1.04
1.30
1.30
1.43
1.24
0.89
0.51
0.13
-0.25
-0.78
-1.31
-1.72
-1.71
-1.18
-0.46
0.58
1.16
1.14
0.65
0.27
-0.24
-0.63
-0.95
-1.32
-1.28
-1.34
-1.32
-1.81
-2.10
-2.41
-2.90
-3.33
-2.70
-1.93
-1.82
-0.54
0.75
1.42
1.88
2.10
2.02
1.66
1.32
1.20
1.59
2.33
2.98
3.45
3.51
3.14
2.42
1.05
0.07
0.94
4.16
8.74
14.32
18.98
21.35
21.40
19.80
17.52
15.26
13.47
12.14
12.36
13.88
16.85
20.33
23.03
24.72
24.98
24.19
22.86
20.56
17.62
14.69
11.67
8.23
4.88
1.76
-0.93
-3.24
-4.89
-5.94
-6.79
-7.59
-8.18
-8.70
-9.61
-11.08
-13.17
-15.50
-17.55
-19.33
-20.94
-22.11
-22.70
-22.62
-22.22
-21.78
-21.59
-21.70
-21.85
-21.83
-21.48
-20.85
-19.78
-18.13
-16.17
-14.47
-12.32
-8.81
-4.17
0.67
4.50
6.86
7.48
7.01
5.78
3.92
1.66
-1.12
-5.34
-10.51
-16.56
-14.99
-12.91
-13.00
-7.12
2.04
9.22
11.38
11.34
8.41
2.75
-4.15
-11.24
-18.21
-23.34
-22.75
-18.24
-12.80
-7.62
-2.79
1.68
4.55
5.58
5.18
3.74
2.14
0.31
-1.04
-1.83
-2.38
-2.01
-1.89
-1.49
-0.90
-0.31
-0.17
-0.68
-1.52
-2.30
-2.80
-2.74
-2.19
-1.29
-0.48
-0.07
0.15
0.18
0.12
0.05
0.04
0.10
0.25
0.47
0.44
0.27
-0.16
-0.79
-1.22
-1.27
-1.99
-2.39
-2.20
-2.01
-1.90
-1.98
-1.68
-1.34
-0.98
-0.72
-0.22
0.32
0.56
0.63
0.43
0.23
0.21
0.22
0.38
0.59
0.75
0.74
0.88
1.02
1.24
1.19
0.91
0.71
0.58
0.81
2.06
4.43
7.35
10.11
12.19
13.62
14.20
13.99
13.02
12.09
11.42
10.97
10.39
9.24
8.16
7.08
6.35
6.24
6.87
7.62
9.16
10.51
10.57
10.85
11.47
12.74
14.37
15.43
16.23
14.63
12.70
10.45
7.66
5.14
2.69
0.19
-2.38
-5.09
-7.51
-9.57
-10.96
-12.70
-14.16
-15.55
-17.00
-18.57
-20.09
-21.39
-22.07
-21.77
-20.48
-18.54
-16.10
-13.27
-10.69
-8.56
-6.94
-5.87
-4.89
-3.63
-2.06
0.55
4.04
7.47
9.71
10.36
9.17
6.91
3.43
-1.12
-6.13
-8.80
-8.55
-6.71
-4.16
-2.47
-2.15
-2.17
-1.88
-1.47
-1.38
-1.60
-1.73
-1.51
-0.86
0.10
0.90
1.33
1.24
0.52
-0.79
-2.42
-3.60
-3.94
-3.51
-2.69
-1.86
-1.32
-1.03
-0.99
-1.30
-1.84
-2.38
-2.79
-2.99
-3.05
-3.03
-2.98
-3.02
-3.14
-3.26
-3.45
-3.71
-3.98
-4.23
-4.37
-4.31
-4.16
-3.87
-3.54
-3.30
-3.31
-3.58
-4.04
-4.65
-5.23
-5.67
-5.95
-6.11
-6.28
-6.53
-6.89
-7.08
-7.16
-7.17
-6.89
-6.44
-5.96
-5.66
-5.67
-6.02
-6.57
-7.14
-7.56
-7.82
-7.95
-7.98
-8.00
-8.07
-8.25
-8.50
-8.62
-8.65
-8.62
-8.65
-8.74
-8.97
-9.28
-9.54
-9.66
-9.45
-8.95
-8.08
-6.67
-4.65
-2.35
-0.27
1.20
1.84
1.54
0.23
-1.26
-2.83
-4.02
-4.90
-5.40
-5.92
-6.91
-8.11
-8.53
-8.00
-6.67
-4.97
-3.30
-1.59
-0.63
-0.06
-0.05
-0.31
-0.57
-0.78
-0.90
-1.10
-1.33
-1.51
-1.68
-1.73
-1.82
-1.80
-1.59
-1.26
-1.05
-0.82
-0.66
-0.58
-0.50
-0.45
-0.50
-0.75
-0.82
-0.61
-0.47
-0.31
-0.12
-0.15
-0.25
-0.40
-0.57
-0.67
-0.62
-0.56
-0.63
-0.83
-1.09
-1.48
-1.84
-2.18
-2.47
-2.48
-2.49
-2.49
-2.60
-2.80
-2.84
-2.86
-2.81
-2.65
-2.57
-2.33
-2.04
-1.89
-1.67
-1.55
-1.57
-1.69
-1.83
-1.77
-1.60
-1.47
-1.50
-1.54
-1.54
-1.53
-1.57
-1.69
-1.96
-2.30
-2.55
-2.74
-2.88
-2.89
-2.67
-1.84
-0.29
1.25
1.95
2.07
2.06
2.30
2.83
3.63
4.67
5.68
6.56
7.28
8.06
8.91
9.86
10.73
11.27
11.29
11.01
10.38
9.29
7.91
6.40
4.90
3.42
2.31
1.48
0.83
0.47
0.32
0.36
0.31
0.24
-0.04
-0.54
-1.34
-2.47
-3.72
-4.99
-5.88
-6.49
-6.98
-7.22
-7.24
-7.37
-7.45
-7.59
-7.80
-8.29
-8.63
-9.27
-10.06
-10.64
-11.39
-12.18
-12.65
-12.77
-12.32
-11.28
-10.00
-8.54
-7.09
-5.92
-5.15
-4.87
-4.95
-5.14
-5.03
-4.29
-2.87
-0.88
0.22
-0.71
-2.62
-4.46
-5.71
-6.65
-7.20
-7.52
-7.95
-8.44
-9.23
-10.03
-10.31
-10.09
-9.12
-8.30
-7.70
-7.03
-6.88
-6.93
-7.45
-7.70
-7.51
-7.98
-8.17
-8.26
-7.83
-8.09
-8.40
-9.05
-10.04
-10.56
-10.92
-11.21
-11.20
-11.20
-10.86
-10.82
-10.95
-10.78
-10.85
-11.34
-11.89
-12.59
-13.29
-14.25
-15.63
-16.47
-16.23
-15.56
-14.81
-14.61
-14.97
-15.01
-15.66
-16.03
-15.91
-15.72
-15.47
-15.96
-16.15
-16.83
-18.14
-18.34
-18.38
-18.29
-18.37
-18.84
-19.49
-20.05
-20.65
-21.26
-21.72
-22.13
-22.58
-22.97
-23.45
-23.86
-24.28
-24.65
-25.12
-25.52
-26.00
-26.28
-26.59
-26.98
-27.34
-27.64
-27.81
-27.83
-28.04
-28.17
-28.40
-28.76
-29.44
-30.22
-30.78
-31.08
-31.29
-31.57
-31.87
-32.22
-32.54
-32.96
-33.55
-34.01
-34.38
-34.65
-34.92
-35.07
-35.37
-35.55
-35.64
-35.66
-35.59
-35.57
-35.77
-35.88
-35.96
-36.09
-36.13
-36.20
-36.29
-36.38
-36.62
-36.65
-36.67
-36.75
-36.90
-37.03
-37.00
-36.87
-36.77
-36.80
-36.87
-36.98
-37.00
-37.10
-37.16
-37.30
-37.25
-37.08
-36.90
-36.77
-36.70
-36.86
-37.02
-36.88
-36.64
-36.38
-36.05
-36.14
-36.20
-36.13
-35.98
-35.80
-35.65
-35.57
-35.50
-35.52
-35.52
-35.62
-35.71
-34.72
-34.35
-33.88
-33.52
-32.90
-33.44
-34.54
-35.59
-36.06
-35.97
-35.83
-35.78
-35.73
-35.62
-35.47
-35.35
-35.27
-35.20
-35.12
-35.04
-35.00
-34.96
-34.95
-34.96
-34.98
-35.00
-34.98
-34.94
-34.88
-34.78
-34.67
-34.58
-34.44
-34.31
-34.18
-34.11
-34.11
-34.13
-34.19
-34.23
-34.27
-34.30
-34.34
-34.41
-34.47
-34.55
-34.65
-34.79
-34.91
-35.03
-35.13
-35.22
-35.32
-35.41
-35.47
-35.54
-35.58
-35.60
-35.60
-35.56
-35.51
-35.46
-35.39
-35.32
-35.29
-35.26
-35.23
-35.22
-35.22
-35.18
-35.15
-35.14
-35.15
-35.12
-35.10
-35.07
-35.04
-35.00
-34.99
-35.00
-35.03
-35.06
-35.09
-35.12
-35.14
-35.13
-35.14
-35.12
-35.09
-35.09
-35.08
-35.09
-35.09
-35.11
-35.11
-35.08
-34.99
-34.87
-34.77
-34.72
-34.74
-34.82
-34.93
-35.05
-35.14
-35.18
-35.24
-35.28
-35.34
-35.41
-35.48
-35.59
-35.71
-35.75
-35.80
-35.83
-35.78
-35.74
-35.68
-35.63
-35.60
-35.56
-35.55
-35.53
-35.56
-35.60
-35.67
-35.73
-35.75
-35.79
-35.81
-35.83
-35.85
-35.89
-35.93
-35.99
-36.07
-36.10
-36.08
-36.09
-36.06
-36.02
-35.96
-35.94
-35.94
-35.93
-35.94
-35.97
-35.99
-35.97
-35.95
-35.92
-35.91
-35.93
-35.91
-35.89
-35.88
-35.87
-35.88
-35.91
-35.92
-35.95
-35.98
-35.98
-36.02
-36.05
-36.07
-36.08
-36.05
-36.00
-35.95
-35.95
-35.96
-35.96
-35.97
-35.97
-35.98
-35.99
-35.98
-35.98
-35.99
-35.99
-36.00
-36.00
-36.02
-36.03
-36.07
-36.08
-36.08
-36.09
-36.09
-36.11
-36.12
-36.12
-36.13
-36.13
-36.14
-36.18
-36.19
-36.20
-36.22
-36.23
-36.21
-36.19
-36.19
-36.20
-36.22
-36.28
-36.31
-36.33
-36.29
-36.23
-36.19
-36.14
-36.12
-36.12
-36.15
-36.15
-36.16
-36.17
-36.19
-36.19
-36.17
-36.15
-36.13
-36.10
-36.06
-36.07
-36.09
-36.16
-36.22
-36.26
-36.29
-36.24
-36.22
-36.21
-36.19
-36.18
-36.19
-36.20
-36.21
-36.24
-36.26
-36.25
-36.23
-36.19
-36.16
-36.13
-36.14
-36.16
-36.20
-36.23
-36.24
-36.20
-36.15
-36.11
-36.08
-36.05
-36.07
-36.11
-36.18
-36.26
-36.33
-36.39
-36.40
-36.36
-36.31
-36.25
-36.17
-36.13
-36.15
-36.21
-36.28
-36.32
-36.36
-36.35
-36.30
-36.22
-36.12
-36.02
-35.98
-35.96
-35.99
-36.03
-36.07
-36.10
-36.11
-36.12
-36.13
-36.12
-36.12
-36.13
-36.16
-36.16
-36.17
-36.14
-36.10
-36.10
-36.13
-36.16
-36.17
-36.19
-36.18
-36.18
-36.16
-36.13
-36.12
-36.09
-36.09
-36.09
-36.12
-36.11
-36.12
-36.11
-36.10
-36.09
-36.08
-36.08
-36.09
-36.10
-36.09
-36.11
-36.12
-36.11
-36.12
-36.13
-36.15
-36.15
-36.16
-36.18
-36.17
-36.18
-36.19
-36.17
-36.17
-36.15
-36.12
-36.11
-36.13
-36.13
-36.14
-36.16
-36.17
-36.16
-36.12