0.22
0.26
0.33
0.31
0.35
0.38
0.37
0.36
0.40
0.40
0.42
0.42
0.45
0.46
0.38
0.31
0.27
0.25
0.26
0.28
0.29
0.27
0.30
0.29
0.31
0.29
0.27
0.25
0.22
0.20
0.21
0.23
0.25
0.24
0.20
0.16
0.22
0.22
0.22
0.25
0.27
0.25
0.23
0.20
0.23
0.24
0.23
0.18
0.16
0.15
0.20
0.29
0.36
0.41
0.42
0.41
0.40
0.40
0.40
0.41
0.47
0.48
0.46
0.44
0.45
0.41
0.43
0.44
0.45
0.41
0.39
0.36
0.36
0.36
0.33
0.33
0.37
0.40
0.40
0.40
0.38
0.36
0.38
0.37
0.36
0.36
0.40
0.40
0.40
0.40
0.43
0.42
0.42
0.44
0.42
0.37
0.35
0.38
0.37
0.38
0.40
0.45
0.49
0.49
0.53
0.58
0.58
0.60
0.58
0.54
0.51
0.51
0.51
0.49
0.50
0.51
0.50
0.48
0.48
0.50
0.49
0.45
0.48
0.55
0.56
0.58
0.64
0.70
0.71
0.75
0.78
0.80
0.81
0.77
0.72
0.70
0.74
0.74
0.77
0.79
0.83
0.89
0.93
0.96
0.92
0.93
0.91
0.85
0.81
0.76
0.67
0.48
0.31
0.17
0.04
-0.06
-0.14
-0.25
-0.29
-0.29
-0.27
-0.31
-0.33
-0.38
-0.36
-0.38
-0.37
-0.41
-0.43
-0.49
-0.52
-0.55
-0.55
-0.55
-0.56
-0.55
-0.55
-0.51
-0.48
-0.45
-0.40
-0.34
-0.33
-0.40
-0.42
-0.38
-0.41
-0.47
-0.52
-0.59
-0.62
-0.66
-0.70
-0.74
-0.78
-0.87
-0.88
-0.87
-0.83
-0.84
-0.86
-0.87
-0.92
-0.94
-0.93
-0.98
-0.98
-0.95
-0.94
-0.94
-0.95
-0.94
-0.96
-1.04
-1.22
-1.47
-1.93
-2.40
-2.71
-2.85
-3.02
-3.26
-3.44
-3.52
-4.42
-5.31
-6.45
-6.89
-6.94
-7.16
-7.44
-7.74
-8.53
-9.01
-8.87
-8.34
-6.94
-5.20
-2.88
2.30
9.21
17.13
25.02
29.92
32.59
35.34
34.80
27.45
17.27
12.93
10.44
5.57
0.38
-3.19
-6.12
-8.57
-10.69
-12.58
-14.09
-15.51
-15.59
-14.07
-11.16
-7.00
-4.06
-2.10
-0.19
2.15
4.40
6.54
8.50
10.11
11.49
13.07
14.77
16.55
18.25
19.94
21.51
22.51
22.62
22.11
20.89
18.28
16.87
17.40
18.95
21.07
24.01
27.57
31.43
36.36
43.28
50.58
57.05
62.58
67.73
72.92
77.89
82.30
85.78
88.26
89.53
90.74
93.69
84.02
44.10
21.55
21.94
19.79
22.39
29.36
26.58
20.81
18.85
16.05
13.15
10.69
9.76
7.90
6.26
4.75
3.66
3.02
2.52
2.17
2.06
1.97
1.66
1.56
1.48
1.44
1.36
1.32
1.19
0.95
0.72
0.60
0.41
0.29
0.21
0.16
0.21
0.29
0.37
0.40
0.42
0.52
0.60
0.67
0.69
0.72
0.78
0.92
0.99
0.99
0.94
0.88
0.81
0.81
0.78
0.69
0.63
0.58
0.45
0.27
0.11
-0.08
-0.32
-0.57
-0.62
-0.57
-0.60
-0.65
-0.69
-0.66
-0.66
-0.50
-0.62
-0.69
-0.65
-0.69
-0.59
-0.81
-0.76
-0.47
-0.20
-0.23
-0.66
-1.16
-1.26
-1.35
-1.68
-2.15
-2.74
-3.71
-4.70
-6.00
-7.24
-8.20
-8.50
-8.25
-7.16
-6.36
-3.26
1.09
8.17
16.78
26.37
35.09
40.62
42.28
35.05
22.05
17.83
17.25
13.89
9.86
7.05
3.51
-0.60
-3.77
-5.25
-6.70
-9.01
-11.20
-11.43
-9.88
-6.89
-4.36
-1.81
1.26
4.93
8.80
11.96
15.26
17.29
18.85
20.27
21.57
22.95
24.50
26.86
29.19
31.74
34.14
35.73
36.36
36.29
33.97
32.71
34.41
37.78
42.11
46.75
50.74
54.27
57.58
61.23
65.17
69.84
73.91
77.99
82.20
86.56
90.28
92.57
93.16
92.13
90.78
90.17
78.97
42.48
17.95
19.88
23.53
16.48
23.23
29.21
26.21
20.09
16.72
14.80
13.53
12.35
10.70
9.33
7.45
5.73
4.28
3.23
2.61
2.00
1.57
1.26
1.22
0.94
0.73
0.71
0.58
0.51
0.38
0.18
0.05
-0.10
-0.11
-0.18
-0.12
-0.08
-0.09
-0.09
-0.14
-0.18
-0.04
0.12
0.23
0.38
0.53
0.60
0.66
0.63
0.57
0.50
0.45
0.41
0.32
0.21
0.18
0.08
-0.07
-0.23
-0.29
-0.37
-0.45
-0.57
-0.74
-0.93
-0.95
-1.04
-1.13
-1.11
-1.12
-1.26
-1.29
-1.20
-1.14
-1.14
-1.05
-0.91
-0.86
-0.87
-0.92
-1.17
-1.62
-2.04
-2.41
-2.42
-2.17
-1.77
-1.70
-1.88
-2.02
-2.22
-2.70
-3.76
-4.82
-6.05
-6.68
-7.02
-7.09
-6.63
-4.47
-2.58
-0.67
3.22
8.27
13.76
20.65
30.45
36.97
35.43
27.52
20.36
18.96
18.36
16.46
13.17
9.72
6.57
4.07
2.16
0.12
-1.59
-3.90
-5.30
-6.29
-7.13
-6.99
-6.71
-4.86
-1.59
1.67
4.50
6.96
9.09
10.95
12.60
14.07
15.77
17.74
19.75
21.91
24.12
26.06
27.62
28.70
29.31
29.62
29.67
27.69
27.07
27.98
28.90
30.81
33.75
36.31
37.80
38.67
39.59
41.16
44.27
47.95
51.80
55.60
59.71
64.70
70.10
74.83
79.03
81.82
83.51
83.61
82.43
79.81
76.41
72.02
67.32
57.26
26.32
-21.94
-37.60
3.66
23.22
20.52
24.57
30.49
26.46
20.47
17.24
14.31
12.73
12.96
11.45
9.22
7.99
6.41
5.50
5.07
4.64
3.67
3.09
2.59
2.12
1.79
1.44
1.17
1.22
1.27
1.42
1.56
1.48
1.56
1.55
1.56
1.55
1.60
1.60
1.69
1.83
1.97
2.08
2.25
2.36
2.43
2.51
2.57
2.57
2.53
2.58
2.63
2.62
2.53
2.42
2.30
2.23
2.17
2.12
2.00
1.91
1.75
1.64
1.53
1.40
1.27
1.18
1.08
1.11
1.29
1.63
1.95
2.19
2.31
2.42
2.46
2.49
2.57
2.68
2.75
2.78
2.77
2.84
3.04
3.33
3.67
3.99
4.28
4.53
4.82
5.07
5.31
5.44
5.32
5.08
4.51
3.67
2.69
1.77
0.90
0.11
-0.75
-1.43
-1.66
-1.49
-0.62
0.64
1.96
3.79
5.89
8.30
10.26
10.74
11.74
12.67
10.85
8.56
4.83
0.25
-2.53
-4.57
-6.65
-8.17
-9.50
-10.94
-12.41
-13.71
-14.76
-15.37
-15.44
-14.90
-13.92
-12.75
-11.55
-9.91
-7.41
-4.70
-1.93
1.45
4.44
7.15
9.67
12.40
15.30
18.00
19.66
22.17
26.16
32.29
37.70
42.67
47.79
51.11
53.06
54.82
55.48
55.80
55.40
54.22
52.23
48.67
43.44
46.48
54.53
56.35
51.37
47.10
32.10
2.61
0.01
4.22
3.64
1.91
0.24
0.21
1.26
2.32
3.28
3.94
4.11
3.66
3.07
2.14
2.25
2.19
2.42
1.87
1.55
0.97
0.88
0.83
0.82
1.09
1.35
1.68
2.01
2.28
2.57
2.73
2.78
2.80
2.76
2.68
2.67
2.66
2.62
2.57
2.50
2.36
2.41
2.37
2.44
2.39
2.42
2.52
2.59
2.68
2.92
2.80
2.92
2.94
2.88
2.69
2.41
2.37
2.20
2.11
2.02
1.99
1.76
1.72
1.79
1.92
1.82
1.85
1.88
1.79
1.85
1.78
1.80
1.82
1.85
1.91
2.02
2.06
2.17
2.29
2.37
2.46
2.54
2.69
2.73
2.78
2.66
2.31
1.87
1.62
1.70
1.66
1.61
1.63
1.80
2.07
2.24
2.34
2.16
2.05
1.78
1.38
0.91
0.43
-0.22
-0.99
-1.30
-1.89
-3.45
-3.33
-2.94
-1.70
-1.20
-1.15
-1.05
-1.46
-1.90
-1.04
0.60
1.15
0.67
0.63
-0.14
-1.44
-1.94
-2.84
-4.46
-6.59
-8.33
-9.60
-10.65
-11.29
-10.97
-10.11
-8.93
-8.22
-7.97
-7.74
-7.23
-7.14
-7.42
-7.69
-7.87
-8.00
-8.30
-9.11
-10.33
-10.43
-8.32
-6.28
-4.52
-3.11
-1.94
-1.22
-0.92
-1.05
-1.71
-2.84
-4.10
-3.28
-0.13
3.68
6.69
8.74
9.71
9.76
9.53
9.39
9.40
9.55
9.91
10.49
12.54
16.01
20.19
24.18
27.60
30.34
31.99
32.57
32.98
33.93
35.77
38.52
41.30
43.73
45.68
46.81
47.43
47.84
38.84
16.50
-25.47
-37.26
-14.21
6.06
19.60
26.79
23.23
18.08
14.57
14.26
16.40
19.21
22.22
18.33
16.81
14.39
11.66
9.68
7.76
6.37
5.30
4.60
4.12
3.88
3.62
3.45
3.42
3.47
3.48
3.35
3.25
3.20
3.21
3.08
2.82
2.69
2.50
2.37
2.28
2.32
2.46
2.57
2.77
2.89
3.03
3.14
3.18
3.27
3.33
3.37
3.34
3.25
3.15
2.97
2.86
2.76
2.66
2.60
2.49
2.37
2.19
1.99
1.70
1.41
1.15
1.00
0.93
0.95
1.02
1.09
1.07
1.10
1.21
1.13
1.20
1.18
1.01
1.28
1.61
1.90
2.04
1.59
0.54
-0.30
-1.13
-1.93
-3.29
-5.68
-7.78
-9.37
-11.69
-12.71
-10.50
-7.92
-4.78
1.46
7.51
13.23
22.99
34.30
38.44
35.88
22.13
10.79
6.47
5.85
5.42
4.53
2.33
-0.32
-2.89
-5.31
-7.87
-11.37
-13.59
-13.45
-12.51
-11.25
-9.38
-7.20
-4.90
-2.05
1.21
3.97
6.03
7.81
9.39
10.91
12.71
15.03
17.94
20.23
21.09
20.83
20.63
20.69
22.06
23.84
25.53
28.07
32.01
36.89
41.88
47.01
51.25
55.02
58.66
62.28
65.91
69.48
73.23
76.70
79.37
80.49
80.38
78.26
74.16
66.57
62.16
51.68
31.97
-23.12
-29.49
7.69
21.86
26.70
27.24
19.48
17.79
17.19
15.95
14.53
11.67
8.92
8.19
7.01
6.59
6.15
5.91
5.58
5.04
4.44
4.00
3.71
3.59
3.48
3.31
3.37
3.38
3.50
3.43
3.35
3.24
3.10
3.10
3.25
3.39
3.40
3.43
3.47
3.50
3.58
3.59
3.56
3.59
3.64
3.71
3.75
3.71
3.63
3.47
3.25
3.11
2.92
2.76
2.58
2.42
2.30
2.22
2.05
1.95
1.93
2.00
2.06
2.12
2.20
2.38
2.37
2.30
2.18
2.07
2.02
1.87
1.53
0.83
-0.16
-0.66
-1.40
-2.34
-2.69
-2.85
-3.79
-5.03
-8.01
-10.05
-10.61
-9.45
-8.58
-5.71
-1.52
2.38
7.13
12.74
19.32
24.61
28.29
30.39
26.54
11.18
2.51
-0.86
-4.10
-5.87
-7.80
-11.41
-15.77
-18.15
-19.08
-19.24
-19.24
-17.80
-15.94
-14.75
-13.97
-12.56
-11.03
-10.05
-8.75
-6.83
-4.65
-3.15
-2.72
-3.11
-3.84
-4.43
-4.73
-4.13
-1.48
3.94
9.62
14.11
18.09
22.74
27.90
32.92
38.02
43.82
49.32
54.59
60.81
68.20
76.20
84.17
91.24
96.20
97.52
94.76
89.09
81.47
71.90
49.76
14.65
-36.74
-54.66
-1.80
22.66
28.22
22.67
15.61
15.77
19.10
18.97
17.30
15.07
14.78
11.64
9.43
8.11
6.93
6.14
5.70
5.20
4.62
4.16
3.53
2.82
2.63
2.45
2.23
2.23
2.19
2.13
1.92
1.86
1.81
1.89
1.96
2.05
2.15
2.26
2.31
2.28
2.37
2.47
2.49
2.49
2.49
2.53
2.62
2.64
2.62
2.58
2.48
2.44
2.33
2.08
1.67
1.83
1.58
1.28
1.14
1.07
1.07
1.23
1.38
1.47
1.61
1.73
1.76
1.69
1.60
1.51
1.39
1.29
1.13
1.07
1.01
0.88
0.60
0.44
0.29
0.16
0.19
0.29
0.28
0.41
0.67
0.96
1.20
1.23
0.98
0.44
0.05
-0.23
-0.51
-1.21
-2.32
-3.56
-4.57
-5.24
-4.97
-4.28
-3.29
-1.28
0.60
2.55
4.88
8.75
15.03
22.81
27.10
31.10
35.13
39.97
45.11
47.28
44.31
34.29
18.93
9.50
12.01
15.22
9.12
0.66
-3.31
-4.63
-6.05
-5.31
-3.19
-2.78
-1.28
-0.22
3.24
5.82
7.77
8.65
10.71
14.18
17.41
19.95
22.23
24.06
24.58
24.33
24.07
24.25
25.01
25.57
25.68
25.70
25.11
25.78
22.18
19.37
18.16
18.07
17.43
15.81
14.97
16.80
19.37
22.91
26.58
29.37
30.29
30.47
31.05
31.76
32.12
31.75
31.40
31.11
31.55
31.89
33.03
33.43
32.58
31.44
30.29
28.35
24.75
21.26
14.34
4.02
-6.39
-10.41
-8.11
3.01
23.02
25.43
15.13
9.03
5.85
3.89
4.46
5.36
5.58
5.77
5.32
3.74
3.66
3.16
3.30
3.46
3.56
3.30
3.32
3.25
3.16
3.05
2.84
2.83
2.52
2.51
2.35
2.39
2.52
2.59
2.67
2.63
2.45
2.43
2.20
2.07
1.97
1.93
1.74
1.67
1.72
1.71
1.67
1.65
1.63
1.57
1.47
1.44
1.30
1.29
1.36
1.35
1.47
1.61
1.66
1.67
1.78
1.81
1.31
1.57
1.72
1.67
1.73
1.60
1.36
1.20
1.19
1.11
0.96
0.87
1.08
1.14
1.03
0.61
0.68
0.49
0.12
-0.05
-0.10
-0.04
0.22
0.37
0.45
0.36
0.35
0.46
0.30
0.37
0.39
0.37
0.26
0.13
-0.06
-0.21
-0.46
-0.71
-0.80
-0.81
-0.85
-0.80
-0.70
-0.72
-0.64
-0.72
-0.75
-0.82
-1.53
-1.75
-1.69
-2.08
-2.29
-2.55
-2.72
-3.04
-3.63
-3.83
-3.93
-3.51
-3.07
-4.38
-4.58
-4.20
-3.39
-2.12
0.36
1.90
3.33
4.97
5.61
6.59
7.85
8.05
8.85
10.70
13.03
12.83
10.21
7.72
6.89
6.52
6.16
5.86
6.61
7.41
8.25
8.50
8.91
9.81
10.04
10.26
9.84
9.46
9.47
9.11
8.55
8.04
7.48
6.50
5.00
3.20
1.57
0.05
-1.35
-2.46
-3.69
-4.94
-5.81
-5.95
-6.40
-7.06
-7.42
-6.80
-6.26
-6.11
-6.11
-5.62
-5.41
-5.85
-6.27
-6.47
-7.42
-8.25
-8.56
-8.32
-8.85
-9.73
-11.34
-14.20
-17.72
-21.01
-18.90
-12.50
-9.34
-7.86
-3.66
0.51
2.45
3.55
4.67
5.83
6.20
5.96
5.74
4.95
3.80
2.55
1.85
1.72
2.02
2.62
3.41
3.39
3.57
3.47
3.50
3.93
3.71
3.77
4.38
4.71
4.64
4.29
3.74
3.57
3.62
3.55
3.24
3.41
3.68
3.92
4.29
4.43
4.34
4.24
4.15
3.97
4.17
4.61
4.81
4.51
4.36
4.41
4.36
4.19
4.45
4.87
5.40
5.88
6.37
6.35
6.13
5.72
5.08
4.77
4.65
4.82
4.99
5.04
5.17
5.37
5.59
5.82
5.99
5.80
5.48
5.16
4.86
4.63
4.56
4.58
4.65
4.74
4.97
5.18
5.63
5.80
5.61
5.32
4.89
4.55
4.44
4.41
4.50
4.54
4.71
4.98
5.15
5.27
5.39
5.54
5.64
5.69
5.74
5.75
5.74
5.78
5.83
5.89
6.03
6.06
6.16
6.21
6.18
6.17
6.16
6.11
6.15
6.12
6.08
6.00
5.94
5.82
5.79
5.82
5.82
5.84
5.92
5.95
5.94
5.92
5.92
5.94
5.97
5.98
5.97
5.95
5.91
5.91
5.86
5.79
5.78
5.78
5.77
5.71
5.71
5.74
5.75
5.69
5.67
5.62
5.59
5.55
5.45
5.38
5.37
5.34
5.38
5.42
5.43
5.42
5.42
5.39
5.36
5.33
5.27
5.21
5.13
5.09
5.10
5.07
5.02
4.96
4.85
4.72
4.67
4.65
4.63
4.66
4.70
4.67
4.63
4.60
4.61
4.67
4.78
4.82
4.85
4.84
4.79
4.73
4.66
4.56
4.56
4.61
4.62
4.65
4.69
4.71
4.72
4.57
4.51
4.62
4.71
4.79
4.85
4.89
4.92
4.85
4.92
4.90
4.86
4.87
4.89
4.93
4.93
4.96
4.98
4.96
4.95
4.95
4.98
5.02
5.08
5.10
5.09
5.02
4.96
4.91
4.89
4.89
4.85
4.84
4.85
4.85
4.88
4.87
4.86
4.83
4.85
4.85
4.84
4.86
4.88
4.91
4.88
4.88
4.88
4.83
4.78
4.73
4.73
4.72
4.73
4.70
4.64
4.59
4.58
4.57
4.56
4.57
4.59
4.60
4.56
4.55
4.51
4.45
4.44
4.41
4.32
4.26
4.20
4.15
4.11
4.10
4.06
3.96
3.93
3.90
3.84
3.82
3.76
3.79
3.80
3.81
3.80
3.80
3.79
3.77
3.73
3.68
3.67
3.64
3.65
3.62
3.59
3.56
3.57
3.56
3.53
3.50
3.49
3.47
3.48
3.52
3.52
3.51
3.55
3.58
3.58
3.57
3.59
3.62
3.62
3.62
3.62
3.64
3.63
3.62
3.63
3.62
3.62
3.57
3.58
3.61
3.58
3.59
3.60
3.62
3.59
3.60
3.59
3.60
3.58
3.56
3.54
3.52
3.54
3.54
3.57
3.58
3.59
3.61
3.59
3.61
3.62
3.62
3.60
3.63
3.62
3.60
3.59
3.60
3.61
3.60
3.58
3.55
3.53
3.52
3.51
3.49
3.48
3.50
3.54
3.61
3.65
3.69
3.67
3.67
3.62
3.58
3.54
3.55
3.53
3.52
3.50
3.47
3.48
3.49
3.48
3.47
3.48
3.50
3.54
3.55
3.56
3.54
3.57
3.54
3.52
3.51
3.51
3.53
3.53
3.52
3.53
3.51
3.55
3.56
3.59
3.63
3.64
3.61
3.62
3.62
3.64
3.65
3.65
3.67
3.65
3.62
3.62
3.64
3.66
3.68
3.66
3.63
3.62
3.60
3.59
3.59
3.56
3.56
3.58
3.62
3.62
3.60
3.54
3.51
3.51
3.49
3.51
3.52
3.51
3.52
3.54
3.53
3.52
3.49
3.51
3.52
3.53
3.56
3.55
3.56
3.53
3.54
3.53
3.55
3.55
3.55
3.54
3.51
3.55
3.56
3.57
3.60
3.62
3.64
3.64
3.65
3.65
3.60
3.58
3.57
3.55
3.55
3.56
3.56
3.54
3.54
3.54
3.55
3.53
3.55
3.54
3.52
3.52
3.51
3.49
3.47
3.44
3.44
3.42
3.43
3.44
3.45
3.48
3.53
3.53
3.57
3.58
3.60
3.60
3.58
3.62
3.63
3.60
3.59
3.54
3.51
3.51
3.51
3.53
3.53
3.54
3.59
3.62
3.65
3.65
3.63
3.63
3.62
3.58
3.57
3.56
3.57
3.57
3.54
3.52
3.49
3.47
3.48
3.50
3.51
3.52
3.52
3.51
3.52
3.50
3.50
3.51
3.52
3.53
3.52
3.58
3.59
3.59
3.57
3.57
3.56
3.55
3.58
3.59
3.59
3.58
3.61
3.60
3.56
3.54
3.52
3.50
3.48
3.48
3.50
3.52
3.53
3.56
3.54
3.52
3.53
3.52
3.52
3.49
3.49
3.49
3.47
3.48
3.48
3.51
3.55
3.55
3.54
3.53
3.52
3.56
3.60
3.59
3.59
3.59
3.58
3.59
3.58
3.62
3.61
3.60
3.62
3.60
3.55
3.54
3.53
3.51
3.49
3.49
3.48
3.53
3.55
3.58
3.61
3.64
3.65
3.62
3.57
3.53
3.53