-0.48
-0.44
-0.40
-0.41
-0.43
-0.47
-0.47
-0.49
-0.47
-0.47
-0.51
-0.51
-0.53
-0.51
-0.52
-0.52
-0.52
-0.48
-0.47
-0.50
-0.54
-0.55
-0.55
-0.52
-0.50
-0.50
-0.52
-0.53
-0.56
-0.59
-0.58
-0.54
-0.57
-0.56
-0.50
-0.48
-0.49
-0.49
-0.49
-0.53
-0.55
-0.55
-0.54
-0.53
-0.49
-0.50
-0.47
-0.46
-0.48
-0.49
-0.52
-0.52
-0.50
-0.50
-0.51
-0.51
-0.52
-0.55
-0.52
-0.52
-0.53
-0.53
-0.51
-0.50
-0.51
-0.55
-0.57
-0.57
-0.56
-0.57
-0.57
-0.58
-0.59
-0.57
-0.57
-0.58
-0.63
-0.58
-0.54
-0.55
-0.53
-0.52
-0.51
-0.49
-0.48
-0.45
-0.47
-0.48
-0.50
-0.51
-0.49
-0.48
-0.49
-0.54
-0.53
-0.55
-0.54
-0.55
-0.57
-0.53
-0.53
-0.51
-0.52
-0.50
-0.49
-0.48
-0.46
-0.51
-0.55
-0.53
-0.54
-0.54
-0.51
-0.50
-0.48
-0.47
-0.51
-0.55
-0.52
-0.48
-0.47
-0.49
-0.51
-0.50
-0.56
-0.63
-0.65
-0.70
-0.67
-0.70
-0.77
-0.74
-0.73
-0.78
-0.82
-0.83
-0.88
-0.92
-0.92
-0.88
-0.85
-0.86
-0.87
-0.89
-0.85
-0.77
-0.77
-0.80
-0.77
-0.75
-0.70
-0.71
-0.70
-0.71
-0.75
-0.68
-0.57
-0.48
-0.42
-0.38
-0.36
-0.34
-0.28
-0.26
-0.21
-0.21
-0.23
-0.30
-0.36
-0.37
-0.38
-0.38
-0.32
-0.26
-0.19
-0.13
-0.10
-0.08
-0.03
-0.00
-0.03
0.03
0.09
0.15
0.16
0.10
0.04
-0.02
-0.04
-0.07
-0.09
-0.08
-0.06
-0.10
-0.13
-0.21
-0.25
-0.30
-0.28
-0.23
-0.17
-0.14
-0.08
-0.06
0.06
0.07
0.11
0.16
0.22
0.23
0.22
0.30
0.27
0.30
0.27
0.29
0.35
0.21
0.80
0.30
0.32
0.41
0.32
0.33
0.42
0.45
0.41
0.41
0.43
0.52
0.68
0.87
0.97
0.95
0.92
1.33
1.05
1.25
1.73
1.80
2.18
2.48
2.76
3.52
4.30
5.49
6.00
6.36
6.98
7.60
7.89
7.51
6.81
5.46
3.80
1.51
-1.53
-5.58
-9.57
-11.71
-11.32
-20.59
-25.72
-22.92
-13.85
-4.73
0.31
2.41
3.34
5.41
8.74
12.21
14.78
16.35
17.47
18.37
18.59
18.23
17.63
16.48
14.78
12.68
11.55
10.59
9.19
7.64
5.95
4.58
3.33
1.84
0.24
-1.55
-3.27
-4.69
-5.56
-6.04
-6.48
-7.31
-8.72
-10.68
-13.75
-17.32
-21.07
-25.63
-32.76
-40.55
-47.97
-54.12
-59.51
-64.20
-70.73
-78.85
-87.24
-95.47
-100.80
-104.03
-105.79
-109.91
-113.53
-55.12
-18.55
-33.30
-34.33
-36.83
-34.93
-27.91
-20.09
-15.67
-14.10
-12.42
-10.80
-8.68
-7.08
-5.65
-4.36
-3.47
-2.89
-2.52
-2.10
-1.64
-1.46
-1.35
-1.29
-1.16
-1.14
-1.09
-1.08
-0.96
-0.81
-0.78
-0.73
-0.66
-0.69
-0.79
-0.79
-0.82
-0.83
-0.83
-0.84
-0.90
-0.93
-1.02
-0.98
-1.01
-1.03
-0.87
-0.62
-0.39
-0.26
-0.12
0.07
0.23
0.44
0.54
0.57
0.64
0.76
0.91
1.10
1.22
1.04
1.44
1.35
1.28
1.35
1.25
1.25
1.29
1.37
1.46
1.58
1.90
2.38
2.59
2.52
2.19
1.85
1.52
1.43
1.42
1.46
1.63
2.20
3.02
3.74
4.82
5.72
6.62
5.46
5.14
5.49
2.92
0.05
-2.02
-6.61
-17.43
-24.88
-41.25
-54.09
-59.93
-59.64
-56.23
-49.73
-41.64
-37.68
-33.10
-24.06
-15.35
-10.43
-7.15
-4.79
-2.89
1.21
6.02
6.20
14.62
18.41
15.27
11.06
7.75
5.40
3.35
0.66
-3.69
-10.84
-18.69
-24.20
-27.28
-29.78
-32.62
-32.83
-33.43
-34.86
-36.81
-39.81
-42.66
-45.25
-46.83
-44.96
-46.43
-50.33
-53.02
-60.33
-65.03
-69.30
-77.55
-85.14
-90.78
-96.46
-100.54
-105.41
-109.02
-107.63
-121.37
-122.48
-106.65
-51.03
-11.82
-20.91
-27.09
-36.67
-33.38
-24.14
-15.34
-12.20
-10.54
-9.47
-8.75
-7.42
-6.20
-4.82
-3.45
-2.46
-1.67
-1.07
-0.71
-0.48
-0.26
-0.23
-0.22
-0.17
0.09
0.17
0.15
0.32
0.27
0.57
0.69
0.81
0.83
0.87
0.88
0.73
0.54
0.42
0.42
0.44
0.36
0.23
0.21
0.16
0.09
0.11
-0.03
-0.05
-0.03
0.03
0.21
0.37
0.61
0.78
1.04
1.25
1.36
1.49
1.74
1.69
1.71
1.45
1.66
1.67
1.63
1.72
1.70
1.67
1.66
1.66
2.01
1.74
1.69
1.54
1.55
1.53
1.35
1.31
1.21
1.35
1.59
2.10
2.39
2.39
2.32
2.22
2.16
2.19
2.41
2.70
3.24
3.99
4.84
5.81
6.17
5.94
5.23
5.22
4.38
2.16
-1.16
-6.56
-13.13
-20.49
-21.29
-39.45
-50.65
-51.54
-40.52
-26.33
-23.62
-21.87
-16.19
-10.61
-5.57
1.06
6.61
10.65
13.37
15.92
18.74
21.14
23.54
22.14
21.67
19.65
15.23
5.96
2.81
-0.56
-5.98
-10.11
-13.94
-10.48
-19.78
-22.73
-23.87
-26.65
-30.24
-34.62
-38.93
-43.19
-45.42
-46.60
-47.81
-48.10
-50.61
-55.35
-60.19
-63.95
-66.10
-68.38
-72.52
-77.01
-85.44
-91.63
-90.60
-97.54
-102.40
-104.58
-105.58
-103.23
-99.10
-98.59
-94.64
-67.09
-24.66
-15.88
-22.31
-26.09
-28.20
-21.49
-17.15
-11.43
-8.64
-8.23
-6.91
-5.67
-4.38
-3.70
-2.94
-2.10
-1.60
-0.96
-0.93
-0.58
-0.33
-0.09
0.07
0.19
0.30
0.37
0.47
0.43
0.44
0.48
0.55
0.57
0.56
0.53
0.42
0.37
0.36
0.23
0.32
0.42
0.54
0.53
0.43
0.35
0.21
0.17
0.14
0.18
0.19
0.26
0.30
0.22
0.04
0.07
0.07
0.07
0.05
0.12
0.25
0.40
0.51
0.55
0.62
0.66
0.66
0.68
0.72
0.76
0.76
0.74
0.80
0.80
0.81
0.69
0.61
0.56
0.45
0.27
0.15
0.20
0.38
0.52
0.70
0.88
1.00
0.82
0.73
0.71
0.57
0.49
0.54
0.65
0.95
1.42
2.15
3.09
4.50
5.72
6.46
7.12
7.46
6.88
5.61
3.70
0.91
-2.20
-5.40
-7.95
-10.76
-11.79
-8.57
-5.58
-5.04
-4.48
-1.61
2.20
5.45
7.13
9.00
10.49
12.64
14.29
14.83
16.27
16.52
15.96
15.24
14.17
12.66
11.08
9.43
8.16
6.92
5.30
3.32
1.08
-1.48
-4.06
-5.32
-7.10
-8.61
-10.41
-11.88
-13.67
-16.05
-18.57
-22.23
-27.65
-30.97
-33.92
-37.89
-42.13
-46.17
-51.15
-60.77
-61.86
-65.38
-69.41
-78.32
-83.02
-83.28
-82.15
-81.60
-78.69
-74.18
-61.29
-46.95
-37.82
-28.32
-11.72
-10.10
-3.33
-2.18
-1.16
-0.09
0.63
0.97
0.09
-0.94
-2.00
-2.53
-2.74
-2.46
-2.40
-2.18
-2.04
-1.94
-1.73
-1.37
-1.13
-0.94
-0.73
-0.55
-0.65
-0.75
-0.83
-0.84
-0.77
-0.77
-0.71
-0.95
-0.58
-0.52
-0.53
-0.62
-0.52
-0.59
-0.49
-0.46
-0.50
-0.40
-0.81
-1.32
-0.55
-0.94
-1.08
-0.80
-0.90
-0.84
-0.89
-0.90
-0.84
-0.73
-0.64
-0.70
-0.70
-0.71
-0.64
-0.55
-0.42
-0.39
-0.42
-0.43
-0.34
-0.13
0.04
0.18
0.12
0.11
0.04
-0.11
-0.29
-0.47
-0.55
-0.69
-0.66
-0.54
-0.40
-0.31
-0.15
-0.01
0.28
0.69
1.08
1.67
2.45
3.28
4.39
5.86
7.58
8.97
7.72
4.85
1.61
-1.50
-5.07
-8.17
-9.80
-10.41
-6.95
-4.52
-5.00
-4.64
-3.12
-1.57
-0.74
-0.49
-0.10
1.30
3.27
6.25
9.43
12.50
15.40
17.61
19.45
20.91
21.99
22.29
22.15
20.65
18.71
16.49
14.94
13.91
12.97
12.83
12.85
12.95
13.29
13.40
14.59
14.45
12.21
8.37
3.23
-3.33
-10.52
-15.89
-19.12
-21.93
-24.94
-27.15
-28.16
-28.79
-30.59
-35.15
-43.25
-53.86
-63.87
-71.99
-78.42
-83.20
-86.64
-88.50
-88.87
-87.07
-83.62
-67.51
-36.17
27.88
24.29
-3.26
-20.14
-32.02
-26.74
-19.30
-19.13
-16.94
-15.98
-16.06
-14.61
-12.69
-10.53
-9.05
-7.54
-6.53
-5.53
-4.91
-4.45
-4.17
-3.86
-3.54
-3.24
-3.04
-2.99
-3.03
-3.10
-3.04
-2.94
-2.75
-2.65
-2.63
-2.46
-2.37
-2.40
-2.30
-2.42
-2.50
-2.56
-2.56
-2.63
-2.65
-2.52
-2.85
-2.76
-2.60
-2.66
-2.60
-2.45
-2.41
-2.15
-1.96
-1.84
-1.30
-1.72
-1.15
-1.11
-0.81
-0.58
-0.52
-0.50
-0.68
-1.00
-0.68
-0.69
-0.48
-0.26
0.17
0.81
1.65
2.07
2.86
2.74
2.12
1.68
1.97
3.01
4.51
6.02
8.42
10.38
10.96
10.61
9.23
5.76
-0.90
-12.87
-29.52
-34.13
-45.37
-49.34
-46.16
-30.77
-18.06
-15.53
-8.93
-1.64
2.06
6.11
11.57
17.04
20.68
23.35
25.92
27.95
29.61
30.35
28.11
29.81
26.02
22.16
18.64
13.05
7.55
3.12
-0.14
-4.63
-6.84
-10.24
-13.43
-17.23
-21.44
-24.80
-27.55
-29.25
-30.36
-31.49
-33.56
-36.23
-39.81
-42.87
-46.00
-51.47
-59.82
-68.81
-77.71
-85.37
-91.37
-95.44
-98.61
-99.08
-102.75
-101.72
-83.58
-59.35
12.11
27.06
-7.28
-30.03
-34.49
-25.02
-13.10
-10.61
-11.83
-12.39
-10.80
-9.35
-7.96
-6.97
-6.42
-5.80
-5.44
-5.08
-4.59
-4.03
-3.62
-3.27
-3.11
-2.92
-2.88
-2.89
-3.01
-3.07
-3.04
-3.02
-2.96
-2.96
-2.97
-3.02
-2.97
-2.88
-2.90
-2.74
-2.80
-3.02
-2.93
-3.01
-3.08
-2.97
-2.94
-2.86
-2.62
-2.48
-2.27
-2.09
-1.96
-1.87
-2.44
-1.85
-2.22
-2.37
-2.41
-2.62
-1.62
-2.53
-1.81
-1.62
-1.37
-1.25
-1.02
-0.91
-1.10
-1.32
-1.93
-2.27
-2.29
-2.31
-2.12
-1.81
-0.59
0.74
1.30
1.43
1.72
2.26
3.33
4.45
5.23
5.77
5.44
4.79
3.72
2.92
1.40
-0.55
-4.49
-9.43
-17.80
-29.32
-38.10
-47.27
-49.61
-48.80
-44.52
-36.69
-27.53
-17.23
-6.30
1.12
4.58
8.33
14.01
20.09
23.01
22.62
22.05
20.62
18.03
17.59
14.22
13.07
11.90
10.10
8.72
7.17
5.60
4.06
1.45
1.40
-2.08
-4.73
-7.38
-9.62
-9.79
-10.51
-11.66
-14.85
-19.35
-24.60
-30.19
-35.62
-41.03
-46.57
-51.70
-56.38
-62.09
-69.12
-77.28
-85.63
-92.96
-100.60
-114.71
-120.56
-125.33
-123.51
-90.26
-17.67
-22.75
-27.05
-20.65
-36.79
-21.96
-12.60
-6.20
-5.56
-6.83
-8.04
-9.04
-8.51
-7.16
-6.23
-5.06
-4.22
-3.81
-3.41
-3.08
-2.81
-2.06
-1.45
-1.10
-0.99
-1.07
-1.33
-1.54
-1.64
-1.56
-1.31
-1.06
-0.96
-0.77
-0.75
-0.88
-0.93
0.26
-0.74
-1.15
-1.07
-1.14
-1.23
-1.35
-1.39
-1.42
-1.48
-1.48
-1.74
-1.61
-1.47
-1.47
-1.32
-1.18
-1.06
-0.89
-0.73
-0.42
-0.32
-0.17
0.01
0.03
-0.07
-0.26
-0.40
-0.58
-0.80
-0.88
-0.91
-0.91
-0.99
-0.78
-1.63
-1.57
-1.79
-1.67
-1.50
-0.68
-0.33
-0.08
0.16
0.43
0.86
1.27
1.61
1.74
1.78
1.67
1.48
1.50
1.08
1.09
1.45
1.78
2.36
2.84
3.31
3.34
3.27
2.22
0.28
-2.39
-5.76
-10.30
-16.18
-23.02
-27.06
-27.21
-28.97
-32.37
-38.07
-31.84
-23.63
-17.81
-9.52
-3.57
0.35
1.72
3.37
5.12
6.55
7.30
7.61
5.85
3.61
1.09
-0.81
-2.17
-3.24
-6.28
-9.65
-12.94
-17.17
-21.67
-23.89
-24.84
-24.10
-26.74
-27.83
-28.04
-28.10
-27.89
-27.87
-30.55
-34.91
-36.15
-38.43
-42.65
-49.29
-46.28
-35.99
-26.67
-18.75
-10.17
-2.88
1.92
4.22
4.36
3.63
3.06
2.46
1.25
-0.32
-1.89
-3.02
-3.51
-3.49
-3.04
-2.36
-1.68
-1.15
-0.71
-0.49
-0.34
-0.14
0.07
0.34
0.65
0.87
1.03
0.96
0.81
0.79
0.74
0.57
0.67
0.65
0.57
0.52
0.16
-0.20
-1.16
-1.85
-2.02
-1.88
-2.08
-1.54
0.05
1.78
2.90
3.76
4.10
4.61
4.97
4.32
4.19
5.26
7.19
8.84
10.15
10.18
8.66
11.19
11.36
11.60
12.23
12.95
8.88
13.55
11.61
11.82
11.12
10.12
8.72
7.10
5.35
3.76
2.58
1.67
1.21
0.83
0.24
-0.66
-2.04
-4.06
-6.66
-10.01
-13.17
-15.68
-17.57
-19.74
-22.51
-25.02
-26.67
-26.86
-29.70
-47.66
-78.17
-73.22
-55.64
-28.32
-13.97
-11.45
-11.66
-10.26
-8.62
-6.39
-5.05
-4.26
-5.17
-5.65
-4.22
-3.39
-2.47
-2.03
-1.76
-1.68
-1.58
-1.47
-1.34
-1.30
-1.18
-1.05
-0.89
-0.73
-0.64
-0.61
-0.58
-0.59
-0.59
-0.64
-0.89
-0.79
-0.49
-0.41
-0.28
-0.10
-0.07
-0.09
-0.15
-0.10
-0.08
-0.11
-0.14
-0.09
-0.05
-0.16
-0.22
-0.23
-0.15
-0.03
0.05
0.04
0.02
-0.01
-0.08
-0.11
-0.06
0.09
0.22
0.37
0.35
0.18
0.19
0.24
0.28
0.29
0.32
0.31
0.33
0.40
0.32
0.40
0.49
0.63
0.79
0.88
0.97
1.00
1.09
0.91
0.89
0.92
0.90
0.86
0.89
0.90
1.13
1.56
1.72
1.41
1.15
1.12
1.23
1.45
1.65
1.90
2.31
2.87
3.48
4.21
4.82
5.15
4.85
3.65
0.79
-5.51
-11.06
-17.69
-26.99
-33.04
-35.40
-37.11
-36.31
-32.21
-27.14
-21.87
-17.24
-13.75
-11.10
-9.56
-8.80
-8.62
-8.54
-8.62
-9.21
-9.88
-10.27
-9.62
-8.32
-6.16
-3.54
-0.88
1.42
3.17
4.63
6.04
7.23
8.32
9.00
9.59
9.81
10.19
10.83
11.40
11.94
12.25
12.45
12.50
12.52
12.37
12.19
12.22
12.24
12.38
12.52
12.72
12.89
13.20
13.65
13.81
13.79
13.54
12.99
12.54
11.50
10.77
9.84
9.30
9.06
8.56
7.17
5.23
3.07
1.79
1.65
1.42
0.57
0.99
3.04
3.80
2.09
-0.08
-1.89
-3.14
-1.85
-2.34
-3.52
-4.38
-4.99
-5.28
-5.08
-4.68
-4.42
-4.19
-4.11
-4.08
-3.98
-3.72
-3.79
-3.73
-3.24
-3.46
-3.62
-3.68
-3.90
-4.16
-4.45
-4.61
-4.49
-4.34
-4.18
-3.88
-3.69
-3.66
-3.99
-4.02
-6.52
-5.41
-3.53
-3.61
-4.00
-3.95
-3.78
-3.71
-3.61
-3.51
-3.59
-3.65
-3.45
-6.96
0.33
-1.74
-2.76
-3.58
-4.23
-4.88
-5.48
-5.61
-5.62
-5.08
-3.97
-2.73
-2.55
-2.24
-2.44
-2.91
-3.24
-3.21
-3.15
-3.34
-2.71
-2.54
-2.30
-2.23
-2.19
-2.02
-2.19
-2.57
-3.04
-3.25
-3.72
-4.05
-4.21
-4.21
-4.19
-4.04
-4.05
-3.90
-3.76
-3.70
-3.78
-3.82
-3.86
-3.93
-4.07
-4.27
-4.29
-4.26
-4.34
-4.40
-4.37
-4.55
-4.36
-4.33
-4.40
-4.37
-4.36
-4.39
-4.42
-4.32
-4.26
-4.48
-4.34
-4.39
-4.23
-4.56
-4.09
-4.27
-4.38
-4.29
-4.22
-4.16
-4.20
-4.20
-4.24
-4.14
-3.97
-4.07
-4.33
-4.37
-4.29
-4.06
-3.87
-3.79
-3.57
-3.52
-3.55
-3.58
-3.58
-3.76
-3.61
-3.48
-3.58
-3.66
-3.71
-3.83
-3.93
-4.04
-4.08
-4.07
-4.13
-4.16
-4.11
-3.89
-4.04
-4.00
-4.08
-4.07
-3.93
-4.22
-4.14
-4.30
-4.18
-4.29
-4.13
-3.95
-3.79
-4.07
-4.32
-4.37
-4.42
-4.37
-4.34
-4.35
-4.38
-4.41
-4.51
-4.52
-4.58
-4.56
-4.61
-4.58
-4.81
-4.56
-4.44
-4.36
-4.41
-4.57
-4.55
-4.55
-4.55
-4.34
-4.91
-4.38
-4.40
-4.60
-4.48
-4.62
-4.43
-4.36
-4.14
-4.16
-4.20
-4.19
-4.20
-4.18
-4.14
-4.07
-4.05
-3.98
-3.86
-3.79
-3.77
-3.80
-3.79
-3.75
-3.74
-3.79
-3.85
-3.84
-3.78
-3.74
-3.7