-0.00 0.00 1.00 0.04 -0.05 0.09 0.25 0.00 -0.00 1.00 0.01 0.01 0.09 -0.01 0.00 -0.00 1.00 0.01 -0.01 -0.69 -0.00 0.00 -0.00 1.00 0.01 0.01 -1.33 -0.04 0 0
0.00 0.00 1.00 0.03 -0.05 0.10 0.18 0.00 0.00 1.00 0.02 0.01 0.09 0.02 -0.00 -0.00 1.00 0.01 0.00 -0.70 -0.07 0.00 0.00 1.00 -0.00 0.02 -1.32 0.03 0 0
0.00 0.00 1.00 0.02 -0.06 0.08 0.19 0.00 0.00 1.00 0.05 -0.00 0.07 0.03 -0.00 0.00 1.00 -0.00 -0.01 -0.67 0.02 0.00 0.00 1.00 -0.02 0.02 -1.29 0.06 0 0
-0.00 0.00 1.00 0.01 -0.03 0.10 0.16 -0.00 0.00 1.00 0.01 -0.03 0.11 0.04 -0.00 -0.00 1.00 0.01 -0.01 -0.68 -0.00 0.00 -0.00 1.00 0.01 0.01 -1.33 -0.02 0 0
0.00 0.00 1.00 0.00 -0.03 0.09 0.21 -0.00 0.00 1.00 0.01 -0.00 0.09 0.02 -0.00 0.00 1.00 -0.01 0.02 -0.65 0.04 -0.00 0.00 1.00 -0.02 0.02 -1.34 0.05 0 0
0.00 0.00 1.00 0.03 -0.06 0.11 0.18 0.00 0.00 1.00 -0.03 0.01 0.09 0.02 -0.00 -0.00 1.00 -0.02 -0.01 -0.68 -0.00 0.00 -0.00 1.00 -0.02 0.00 -1.35 -0.03 0 0
-0.00 0.00 1.00 0.02 -0.03 0.11 0.15 0.00 0.00 1.00 0.01 -0.03 0.10 0.08 -0.00 -0.00 1.00 -0.00 0.00 -0.67 -0.01 -0.00 0.00 1.00 -0.02 -0.02 -1.31 0.01 0 0
0.00 0.00 1.00 0.03 -0.03 0.07 0.18 0.00 0.00 1.00 -0.01 -0.01 0.08 0.04 -0.00 0.00 1.00 -0.01 0.02 -0.68 0.00 -0.00 0.00 1.00 -0.01 0.00 -1.33 0.01 0 0
-0.00 0.00 1.00 -0.00 -0.05 0.10 0.22 0.00 -0.00 1.00 0.03 0.00 0.08 -0.00 -0.00 -0.00 1.00 0.01 -0.01 -0.68 -0.01 -0.00 -0.00 1.00 -0.01 0.01 -1.32 -0.04 0 0
-0.00 0.00 1.00 0.01 -0.02 0.08 0.23 -0.00 -0.00 1.00 -0.01 -0.01 0.10 -0.00 0.00 0.00 1.00 0.01 -0.01 -0.68 0.06 -0.00 -0.00 1.00 -0.02 0.00 -1.33 -0.03 0 0
0.00 0.00 1.00 0.02 -0.02 0.11 0.15 0.00 0.00 1.00 -0.02 -0.02 0.10 0.04 -0.00 0.00 1.00 -0.03 0.00 -0.70 0.04 0.00 0.00 1.00 0.01 -0.01 -1.31 0.03 0 0
0.00 0.00 1.00 0.04 -0.02 0.08 0.17 0.00 -0.00 1.00 -0.00 -0.00 0.07 0.00 -0.00 -0.00 1.00 0.01 -0.01 -0.70 -0.01 -0.00 0.00 1.00 0.01 0.01 -1.33 0.06 0 0
0.00 0.00 1.00 0.01 -0.05 0.11 0.16 0.00 -0.00 1.00 0.02 0.01 0.07 -0.03 -0.00 0.00 1.00 -0.01 0.00 -0.65 0.06 0.00 0.00 1.00 -0.02 0.01 -1.31 0.02 0 0
-0.00 0.00 1.00 0.01 -0.05 0.10 0.20 0.00 0.00 1.00 -0.00 -0.03 0.09 0.03 0.00 -0.00 1.00 -0.02 0.00 -0.68 -0.04 0.00 -0.00 1.00 -0.00 -0.01 -1.33 -0.03 0 0
0.00 0.00 1.00 0.04 -0.08 0.11 0.22 -0.00 -0.00 1.00 0.01 -0.03 0.10 -0.02 -0.00 0.00 1.00 0.01 -0.01 -0.67 0.02 0.00 -0.00 1.00 -0.00 0.01 -1.32 -0.00 0 0
0.00 0.00 1.00 0.03 -0.08 0.11 0.19 0.00 -0.00 1.00 0.04 -0.00 0.07 -0.05 -0.00 -0.00 1.00 -0.01 -0.01 -0.68 -0.02 -0.00 0.00 1.00 0.01 0.00 -1.34 0.01 0 0
0.00 0.00 1.00 0.04 -0.03 0.11 0.18 0.00 -0.01 0.98 1.08 -4.58 -7.24 -0.48 0.00 0.00 1.00 0.01 0.00 -0.68 0.05 0.00 -0.00 1.00 -0.02 0.00 -1.30 -0.05 0 0
-0.00 0.00 1.00 0.05 -0.11 0.14 0.15 -0.03 0.03 0.94 51.21 4.67 -9.42 1.51 -0.00 -0.00 1.00 -0.01 0.03 -0.68 -0.00 -0.00 0.00 1.00 0.24 0.40 -1.77 0.03 0 0
0.00 0.00 1.00 0.00 -0.02 0.07 0.18 -0.01 -0.07 0.62 111.04 -6.20 5.39 -6.25 0.00 -0.00 1.00 -0.01 -0.01 -0.68 -0.03 -0.00 0.00 1.00 0.10 0.10 -1.48 0.06 0 0
0.00 0.00 1.00 0.01 -0.07 0.11 0.18 0.00 -0.21 0.31 77.23 0.06 3.62 -34.42 0.00 -0.00 1.00 0.01 0.01 -0.65 -0.04 -0.00 0.00 1.00 0.04 0.06 -1.44 0.04 0 0
0.00 0.00 1.00 0.01 -0.02 0.08 0.21 0.04 -0.39 0.21 65.66 11.87 12.39 -64.84 -0.00 0.00 1.00 0.01 0.00 -0.65 0.02 -0.00 -0.00 1.00 0.02 -0.04 -1.36 -0.01 0 0
0.00 0.00 1.00 0.01 -0.07 0.08 0.17 0.07 -0.51 0.05 38.06 -8.17 10.64 -90.51 0.00 -0.00 1.00 0.01 -0.02 -0.66 -0.03 -0.00 -0.00 1.00 -0.02 0.02 -1.29 -0.00 0 0
-0.00 0.00 1.00 0.04 -0.05 0.11 0.14 0.07 -0.65 0.05 26.03 3.05 10.26 -95.01 -0.00 -0.00 1.00 0.01 -0.01 -0.68 -0.04 -0.00 0.00 1.00 -0.03 0.02 -1.26 0.04 0 0
0.00 0.00 1.00 0.03 -0.04 0.08 0.21 0.09 -0.69 0.02 18.13 8.96 6.26 -97.67 0.00 0.00 1.00 -0.01 -0.02 -0.68 0.01 -0.00 -0.00 1.00 0.05 0.09 -1.49 -0.00 0 0
-0.00 0.00 1.00 0.03 -0.04 0.11 0.11 0.13 -0.76 0.01 8.69 2.06 6.23 -98.80 0.00 -0.00 1.00 -0.01 0.01 -0.68 -0.01 -0.00 -0.00 1.00 0.05 0.03 -1.41 -0.02 0 0
0.00 0.00 1.00 0.02 -0.06 0.09 0.22 0.15 -0.80 -0.01 9.79 2.78 0.56 -100.50 -0.00 0.00 1.00 -0.01 -0.02 -0.66 0.01 -0.00 0.00 1.00 0.03 0.05 -1.41 0.04 0 0
0.00 0.00 1.00 0.03 -0.06 0.11 0.19 0.12 -0.80 0.00 2.30 -2.03 0.88 -99.88 -0.00 0.00 1.00 0.01 -0.01 -0.67 0.02 -0.00 -0.00 1.00 0.01 0.01 -1.36 0.00 0 0
-0.00 0.00 1.00 0.03 -0.09 0.11 0.17 0.15 -0.82 -0.01 3.05 6.60 -2.93 -100.67 -0.00 0.00 1.00 0.01 0.00 -0.68 0.03 -0.00 -0.00 1.00 0.03 -0.05 -1.36 -0.04 0 0
-0.00 0.00 1.00 0.01 -0.05 0.09 0.20 0.12 -0.80 -0.01 -0.11 -0.74 0.21 -100.51 0.00 -0.00 1.00 -0.01 0.01 -0.65 -0.00 -0.00 0.00 1.00 -0.05 0.05 -1.23 0.04 0 0
0.00 0.00 1.00 0.04 -0.06 0.10 0.19 0.13 -0.82 -0.01 -2.88 -0.77 4.49 -100.76 0.00 -0.00 1.00 -0.02 0.02 -0.65 -0.01 -0.00 0.00 1.00 0.01 0.00 -1.34 0.04 0 0
0.00 0.00 1.00 0.03 -0.02 0.11 0.19 0.14 -0.81 -0.01 -0.31 0.65 0.08 -100.79 -0.00 -0.00 1.00 -0.04 0.01 -0.65 -0.02 -0.00 0.00 1.00 -0.02 0.02 -1.33 0.05 0 0
0.00 0.00 1.00 0.02 -0.05 0.11 0.20 0.14 -0.81 0.00 0.15 -0.12 -0.71 -100.08 0.00 -0.00 1.00 0.01 0.02 -0.65 -0.05 -0.00 0.00 1.00 -0.00 0.00 -1.33 0.02 0 0
-0.00 0.00 1.00 0.04 -0.04 0.12 0.15 0.13 -0.81 -0.01 0.99 -1.12 -0.42 -101.00 -0.00 -0.00 1.00 0.01 0.02 -0.68 -0.02 -0.00 0.00 1.00 0.26 0.20 -1.68 0.03 0 0
0.00 0.00 1.00 0.00 -0.05 0.14 0.19 0.13 -0.81 -0.00 -0.18 -0.78 -1.51 -100.32 -0.00 0.00 1.00 -0.01 -0.01 -0.68 0.04 -0.01 0.00 1.00 0.16 0.22 -1.52 0.06 0 0
-0.00 0.00 1.00 0.03 -0.06 0.11 0.12 0.12 -0.81 -0.00 -1.52 0.17 0.50 -100.09 -0.00 0.00 1.00 -0.01 0.01 -0.68 0.05 -0.00 0.00 1.00 0.24 0.38 -1.46 0.01 0 0
-0.00 0.00 1.00 0.04 -0.04 0.12 0.14 0.14 -0.81 0.00 -3.34 0.96 -0.07 -99.96 0.00 0.00 1.00 -0.00 0.02 -0.68 0.05 -0.00 0.00 0.99 0.32 1.02 -1.61 0.06 0 0
-0.00 0.00 1.00 0.04 -0.04 0.08 0.18 0.14 -0.80 -0.01 -0.72 -1.00 2.52 -100.64 0.00 0.00 1.00 0.01 -0.01 -0.67 0.03 -0.00 0.00 0.99 0.45 0.93 -1.59 0.10 0 0
-0.00 0.00 1.00 0.01 -0.06 0.08 0.17 0.14 -0.80 -0.00 0.75 1.88 -1.41 -100.40 -0.00 -0.00 1.00 -0.00 -0.01 -0.66 -0.06 -0.01 0.00 0.99 0.09 0.34 -1.37 0.10 0 0
0.00 0.00 1.00 0.02 -0.06 0.11 0.17 0.13 -0.80 -0.01 2.32 -0.58 -2.82 -100.83 -0.00 -0.00 1.00 -0.00 0.00 -0.70 -0.02 -0.01 -0.00 0.99 0.82 4.85 -1.58 -0.05 0 0
-0.00 0.00 1.00 0.03 -0.08 0.09 0.21 0.13 -0.80 -0.01 0.22 -1.06 -3.80 -100.85 -0.00 0.00 1.00 0.01 -0.01 -0.69 0.04 -0.01 0.00 0.98 0.18 5.83 -1.30 0.13 0 0
0.00 0.00 1.00 0.04 -0.03 0.10 0.21 0.12 -0.79 0.00 -1.39 -1.43 0.22 -100.06 -0.00 0.00 1.00 -0.02 0.02 -0.65 0.03 -0.00 0.00 0.99 0.23 2.31 -1.48 0.05 0 0
-0.00 0.00 1.00 0.02 -0.03 0.11 0.18 0.13 -0.79 -0.01 -0.73 -0.09 1.06 -100.97 -0.00 -0.00 1.00 -0.00 -0.01 -0.68 -0.00 -0.01 0.00 0.99 -0.06 0.23 -1.30 0.06 0 0
0.00 0.00 1.00 0.03 -0.04 0.10 0.17 0.12 -0.78 -0.00 -0.77 -1.51 0.44 -100.28 0.00 0.00 1.00 -0.00 0.00 -0.66 0.04 -0.00 0.00 0.99 0.48 3.47 -1.45 0.05 0 0
0.00 0.00 1.00 -0.01 -0.06 0.10 0.23 0.12 -0.79 -0.02 2.06 -0.39 1.45 -101.53 0.00 0.00 1.00 0.01 -0.01 -0.66 0.02 -0.01 0.00 0.99 -0.01 0.37 -1.29 0.01 0 0
-0.00 0.00 1.00 0.03 -0.05 0.09 0.20 0.12 -0.79 -0.01 2.59 2.52 -3.64 -100.54 -0.00 -0.00 1.00 0.01 0.02 -0.70 -0.02 -0.00 -0.00 0.99 2.49 5.00 -1.49 -0.03 0 0
0.00 0.00 1.00 0.01 -0.06 0.09 0.23 0.12 -0.79 -0.01 -1.22 -1.23 -0.25 -100.87 -0.00 0.00 1.00 0.01 0.00 -0.67 0.02 -0.01 -0.00 0.99 -0.64 -0.27 -1.25 -0.00 0 0
-0.00 0.00 1.00 0.04 -0.02 0.10 0.17 0.12 -0.78 -0.00 -3.02 0.17 -3.96 -100.39 -0.00 -0.00 1.00 -0.00 0.00 -0.66 -0.02 -0.01 0.00 0.99 0.34 1.28 -1.36 0.01 0 0
-0.00 0.00 1.00 0.01 -0.06 0.14 0.17 0.10 -0.75 -0.01 -9.84 -5.55 -0.39 -100.93 -0.00 -0.00 1.00 -0.01 0.00 -0.69 -0.01 -0.00 -0.00 0.99 0.27 0.15 -1.33 -0.01 0 0
0.00 0.00 1.00 0.02 -0.04 0.13 0.18 0.10 -0.73 0.00 -10.43 -3.06 2.82 -99.80 0.00 0.00 1.00 -0.00 -0.02 -0.68 0.02 -0.01 -0.00 0.98 -0.13 2.22 -1.33 -0.07 0 0
-0.00 0.00 1.00 0.03 -0.07 0.11 0.13 0.12 -0.69 0.01 -3.81 -1.17 -2.15 -99.09 -0.00 -0.00 1.00 0.01 -0.03 -0.69 -0.02 -0.01 -0.00 0.97 -0.03 5.13 -1.65 -0.17 0 0
0.00 0.00 1.00 0.03 -0.03 0.12 0.17 0.09 -0.67 0.00 -7.32 -7.58 -0.61 -99.54 0.00 0.00 1.00 -0.00 0.00 -0.65 0.01 -0.00 -0.01 1.00 -3.89 -0.56 -1.22 -0.52 0 0
0.00 0.00 1.00 0.03 -0.04 0.10 0.15 0.05 -0.63 0.01 -9.27 -3.39 -2.78 -98.93 -0.00 -0.00 1.00 -0.02 0.00 -0.70 -0.02 -0.01 -0.00 0.99 1.63 0.98 -1.38 -0.20 0 0
-0.00 0.00 1.00 0.03 -0.04 0.10 0.18 0.03 -0.58 0.03 -36.57 -10.81 -1.57 -96.91 0.00 0.00 1.00 0.01 0.00 -0.69 0.02 -0.01 -0.00 0.99 -1.35 -0.65 -1.26 -0.15 0 0
0.00 0.00 1.00 0.01 -0.02 0.09 0.16 0.01 -0.48 0.09 -34.06 -8.88 -5.62 -89.15 0.00 0.00 1.00 0.01 0.02 -0.68 0.04 -0.01 -0.00 0.99 -1.26 -0.75 -1.30 -0.04 0 0
0.00 0.00 1.00 0.03 -0.04 0.10 0.15 -0.02 -0.24 0.28 -117.60 11.48 -5.14 -49.63 0.00 0.00 1.00 -0.02 0.01 -0.68 0.03 -0.01 -0.00 1.00 1.33 2.03 -1.30 -0.18 0 0
-0.00 0.00 1.00 0.02 -0.04 0.08 0.19 -0.03 -0.11 0.55 -72.51 12.68 -19.61 -15.87 0.00 0.00 1.00 0.01 0.02 -0.67 0.05 -0.00 -0.00 0.97 -7.32 7.52 -1.50 -0.16 0 0
-0.00 0.00 1.00 0.00 -0.03 0.08 0.18 -0.05 -0.00 0.77 -80.52 16.35 -4.14 -1.95 -0.00 0.00 1.00 -0.02 0.00 -0.66 0.04 -0.01 -0.00 0.99 -0.22 2.08 -1.30 -0.03 0 0
0.00 0.00 1.00 -0.00 -0.06 0.12 0.15 -0.09 -0.03 1.03 -43.04 19.69 -7.69 -1.92 0.00 -0.00 1.00 -0.03 -0.01 -0.68 -0.03 -0.01 -0.00 0.99 -0.57 0.09 -0.94 -0.05 0 0
0.00 0.00 1.00 0.03 -0.05 0.09 0.18 -0.09 0.00 1.09 -7.89 8.88 5.12 -0.13 -0.00 -0.00 1.00 -0.00 -0.01 -0.66 -0.01 -0.00 0.00 0.99 -0.40 -0.91 -1.52 0.08 0 0
0.00 0.00 1.00 0.04 -0.02 0.08 0.13 -0.14 0.00 1.12 -1.15 -0.54 -12.71 0.13 -0.00 -0.00 1.00 -0.02 -0.02 -0.67 -0.02 -0.00 -0.00 0.99 -0.67 -1.29 -1.02 -0.07 0 0
0.00 0.00 1.00 0.04 -0.06 0.08 0.18 -0.16 -0.01 1.08 3.33 1.71 6.08 -0.45 -0.00 0.00 1.00 -0.01 0.03 -0.67 0.05 -0.00 0.00 0.99 0.01 -0.27 -1.45 0.05 0 0
-0.00 0.00 1.00 0.01 -0.02 0.05 0.20 -0.13 -0.02 1.06 13.85 -2.26 5.70 -0.88 -0.00 0.00 1.00 0.01 -0.01 -0.69 0.08 -0.00 0.00 0.99 -0.31 -0.40 -1.26 0.03 0 0
0.00 0.00 1.00 0.04 -0.04 0.09 0.19 -0.11 -0.05 1.05 3.59 -1.38 6.89 -2.54 -0.00 -0.00 1.00 0.01 0.03 -0.65 -0.02 -0.01 0.00 0.99 -0.35 -1.31 -1.23 0.06 0 0
0.00 0.00 1.00 0.00 -0.04 0.14 0.17 -0.07 -0.01 1.03 14.75 0.38 -0.19 -0.80 0.00 -0.00 1.00 0.01 0.01 -0.68 -0.05 0.00 -0.00 1.00 0.01 -2.20 -1.62 -0.04 0 0
-0.00 0.00 1.00 -0.00 -0.02 0.11 0.17 -0.08 -0.00 1.01 2.02 -0.67 -0.99 -0.32 -0.00 -0.00 1.00 -0.01 0.00 -0.68 -0.01 -0.00 0.00 1.00 0.04 -0.07 -1.39 0.02 0 0
-0.00 0.00 1.00 0.03 -0.02 0.09 0.20 -0.08 0.00 0.99 0.75 -0.39 -0.49 0.14 -0.00 0.00 1.00 0.01 0.04 -0.68 0.03 -0.00 0.00 0.99 -0.02 -0.04 -1.29 0.03 0 0
-0.00 0.00 1.00 0.01 -0.05 0.10 0.21 -0.08 0.00 1.00 -0.30 -0.16 0.07 0.03 -0.00 0.00 1.00 0.01 -0.02 -0.66 0.00 -0.00 0.00 1.00 0.01 -0.01 -1.31 0.03 0 0
0.00 0.00 1.00 0.03 -0.04 0.09 0.10 -0.08 0.00 1.00 0.13 -0.17 -0.14 0.05 0.00 -0.00 1.00 -0.02 -0.01 -0.68 -0.03 -0.00 -0.00 0.99 0.01 -0.02 -1.30 -0.01 0 0
0.00 0.00 1.00 0.03 -0.05 0.08 0.17 -0.08 -0.00 1.00 0.08 -0.19 -0.07 -0.02 0.00 -0.00 1.00 -0.02 0.00 -0.66 -0.03 -0.00 -0.00 1.00 -0.01 0.00 -1.33 -0.01 0 0
-0.00 0.00 1.00 0.01 -0.03 0.11 0.21 -0.08 0.00 1.00 0.01 -0.19 -0.03 0.09 0.00 0.00 1.00 -0.02 0.01 -0.65 -0.00 -0.00 -0.00 1.00 0.01 0.01 -1.34 -0.00 0 0
0.00 0.00 1.00 0.02 -0.03 0.10 0.20 -0.08 0.00 1.00 0.03 -0.15 -0.01 0.08 -0.00 -0.00 1.00 -0.00 -0.01 -0.68 -0.02 -0.00 0.00 1.00 -0.01 0.00 -1.30 0.02 0 0
0.00 0.00 1.00 0.03 -0.06 0.11 0.13 -0.08 0.00 1.00 0.01 -0.13 -0.01 0.06 -0.00 -0.00 1.00 -0.02 0.03 -0.69 -0.01 -0.00 0.00 1.00 0.01 0.00 -1.32 0.06 0 0
-0.00 0.00 1.00 0.03 -0.06 0.11 0.21 -0.08 0.00 1.00 -0.00 -0.13 -0.00 0.05 -0.00 -0.00 1.00 -0.00 -0.01 -0.68 -0.03 -0.00 -0.00 1.00 -0.02 -0.01 -1.31 -0.02 0 0
0.00 0.00 1.00 -0.00 -0.03 0.07 0.11 -0.08 0.00 1.00 -0.05 -0.15 0.03 0.04 -0.00 0.00 1.00 -0.02 -0.01 -0.69 0.03 -0.00 0.00 0.99 0.01 0.02 -1.32 0.04 0 0
0.00 0.00 1.00 0.01 -0.03 0.08 0.13 -0.08 0.00 1.00 0.01 -0.11 0.04 0.06 0.00 -0.00 1.00 -0.03 0.00 -0.68 -0.01 -0.00 0.00 0.99 -0.01 0.01 -1.31 0.05 0 0
0.00 0.00 1.00 0.03 -0.04 0.10 0.22 -0.08 0.00 1.00 -0.02 -0.10 0.06 0.07 -0.00 -0.00 1.00 0.01 -0.01 -0.65 -0.01 -0.00 0.00 1.00 0.02 0.01 -1.31 0.02 0 0
0.00 0.00 1.00 -0.00 -0.04 0.12 0.22 -0.09 0.00 1.00 -0.02 -0.11 0.03 0.08 -0.00 -0.00 1.00 -0.01 -0.01 -0.65 -0.01 -0.00 0.00 0.99 0.01 0.01 -1.31 0.01 0 0
-0.00 0.00 1.00 0.03 -0.02 0.11 0.17 -0.09 0.00 1.00 -0.02 -0.13 0.05 0.07 0.00 0.00 1.00 0.01 -0.02 -0.66 0.01 -0.00 0.00 1.00 -0.00 0.02 -1.32 0.02 0 0
-0.00 0.00 1.00 0.03 -0.03 0.10 0.17 -0.09 0.00 1.00 -0.01 -0.10 0.04 0.07 0.00 0.00 1.00 -0.02 0.00 -0.67 0.04 -0.00 0.00 1.00 -0.00 -0.01 -1.32 0.01 0 0
-0.00 0.00 1.00 -0.01 -0.02 0.11 0.21 -0.09 0.00 1.00 0.01 -0.06 0.05 0.13 -0.00 0.00 1.00 -0.00 -0.01 -0.68 0.02 -0.00 -0.00 1.00 0.01 -0.02 -1.32 -0.01 0 0
0.00 0.00 1.00 0.05 -0.06 0.10 0.18 -0.09 -0.00 1.00 -0.02 -0.10 0.04 0.01 0.00 0.00 1.00 0.01 0.00 -0.68 0.00 -0.00 -0.00 1.00 0.01 -0.01 -1.30 -0.04 0 0
-0.00 0.00 1.00 0.01 -0.03 0.11 0.20 -0.09 0.00 1.00 -0.01 -0.09 0.04 0.09 -0.00 -0.00 1.00 0.01 0.01 -0.70 -0.00 -0.00 0.00 1.00 -0.02 -0.01 -1.32 0.02 0 0
0.00 0.00 1.00 0.01 -0.05 0.11 0.20 -0.09 0.00 1.00 -0.02 -0.09 0.04 0.06 -0.00 0.00 1.00 0.01 -0.01 -0.69 0.03 -0.00 -0.00 0.99 -0.00 0.00 -1.32 -0.01 0 0
-0.00 0.00 1.00 0.03 -0.07 0.11 0.16 -0.08 0.00 1.00 -0.01 -0.06 0.07 0.09 0.00 0.00 1.00 0.02 0.00 -0.70 0.04 -0.00 0.00 1.00 0.04 -0.02 -1.29 0.01 0 0
-0.00 0.00 1.00 0.03 -0.05 0.11 0.21 -0.09 0.00 1.00 -0.03 -0.07 0.06 0.08 -0.00 -0.00 1.00 -0.00 0.01 -0.67 -0.03 -0.00 0.00 1.00 -0.00 0.01 -1.34 0.03 0 0
0.00 0.00 1.00 0.03 -0.05 0.12 0.19 -0.09 0.00 1.00 0.02 -0.07 0.06 0.03 -0.00 -0.00 1.00 0.02 -0.02 -0.68 -0.01 -0.00 0.00 0.99 -0.02 0.02 -1.33 0.03 0 0
0.00 0.00 1.00 0.02 -0.04 0.09 0.18 -0.09 0.00 1.00 -0.00 -0.06 0.09 0.02 -0.00 -0.00 1.00 0.02 0.00 -0.69 -0.01 -0.00 0.00 0.99 0.01 0.05 -1.31 0.04 0 0
0.00 0.00 1.00 0.02 -0.04 0.11 0.19 -0.09 0.00 1.00 0.01 -0.08 0.07 0.06 0.00 -0.00 1.00 -0.02 0.01 -0.67 -0.01 -0.00 0.00 0.99 0.01 -0.01 -1.32 0.03 0 0
0.00 0.00 1.00 0.01 -0.03 0.11 0.21 -0.09 0.00 1.00 -0.02 -0.06 0.05 0.02 -0.00 0.00 1.00 -0.01 -0.02 -0.67 0.02 -0.00 -0.00 1.00 -0.02 -0.01 -1.33 0.00 0 0
0.00 0.00 1.00 0.02 -0.02 0.08 0.19 -0.09 0.00 1.00 -0.02 -0.08 0.08 0.07 -0.03 0.01 1.05 4.55 -3.10 -1.87 0.64 -0.00 -0.00 1.00 -0.01 -0.01 -1.29 -0.02 0 0
0.00 0.00 1.00 0.03 -0.05 0.06 0.19 -0.09 0.00 1.00 -0.01 -0.05 0.06 0.09 -0.01 -0.00 1.00 -0.64 4.36 -4.30 -0.14 -0.00 0.00 0.99 0.01 -0.01 -1.33 0.01 0 0
-0.00 0.00 1.00 0.02 -0.03 0.11 0.19 -0.09 0.00 1.00 -0.05 -0.06 0.07 0.06 0.02 0.04 1.07 -32.47 5.72 -10.52 2.12 -0.00 -0.00 0.99 -0.00 -0.01 -1.33 -0.02 0 0
-0.00 0.00 1.00 0.01 -0.04 0.11 0.13 -0.08 0.00 1.01 -1.40 -0.13 0.61 0.14 -0.05 -0.02 1.24 -60.39 3.62 -24.76 -0.74 -0.00 -0.00 1.00 0.05 0.08 -1.35 -0.01 0 0
0.00 0.00 1.00 -0.02 -0.04 0.11 0.16 -0.09 0.00 1.00 -0.06 -0.03 0.10 0.04 -0.10 -0.14 1.42 -44.80 15.52 -2.71 -5.57 -0.00 -0.00 1.00 0.01 0.00 -1.30 -0.01 0 0
-0.00 0.00 1.00 0.03 -0.05 0.11 0.16 -0.09 0.00 1.00 0.08 -0.06 0.02 0.02 -0.13 -0.22 1.54 -66.57 9.20 11.03 -8.54 -0.00 0.00 1.00 -0.00 -0.02 -1.33 0.07 0 0
-0.00 0.00 1.00 0.03 -0.03 0.15 0.17 -0.09 0.00 1.00 -0.02 -0.04 0.05 0.04 -0.17 -0.34 1.74 -71.80 8.34 -13.49 -12.10 -0.00 0.00 1.00 -0.01 -0.01 -1.34 0.02 0 0
-0.00 0.00 1.00 0.02 -0.01 0.09 0.20 -0.09 0.00 1.00 0.01 -0.06 0.04 0.11 -0.22 -0.72 1.78 -86.78 5.11 -13.91 -23.31 -0.00 -0.00 1.00 -0.00 -0.01 -1.32 0.00 0 0
0.00 0.00 1.00 -0.00 -0.02 0.10 0.19 -0.09 0.00 1.00 -0.02 -0.04 0.10 0.02 -0.20 -0.90 1.92 -51.00 -10.34 -29.41 -27.43 -0.00 0.00 0.99 0.01 0.02 -1.33 0.06 0 0
0.00 0.00 1.00 0.00 -0.07 0.09 0.20 -0.09 0.00 1.00 0.04 -0.06 0.07 0.03 -0.23 -1.08 1.91 -15.01 9.88 -14.60 -32.28 -0.00 0.00 1.00 -0.02 0.00 -1.31 0.04 0 0
0.00 0.00 1.00 0.03 -0.02 0.12 0.22 -0.09 0.00 1.00 0.01 -0.04 0.06 0.07 -0.22 -1.05 1.89 -4.42 1.74 -0.84 -32.37 -0.00 0.00 1.00 0.01 -0.02 -1.31 0.09 0 0
0.00 0.00 1.00 0.00 -0.04 0.10 0.19 -0.09 0.00 1.00 0.03 -0.04 0.05 0.05 -0.25 -1.12 1.90 -4.82 3.15 -0.39 -33.70 -0.00 0.00 1.00 -0.02 0.00 -1.30 0.06 0 0
0.00 0.00 1.00 -0.00 -0.06 0.08 0.17 -0.09 0.00 1.00 -0.01 -0.05 0.07 0.07 -0.25 -1.10 1.91 2.38 -0.46 -0.59 -33.37 -0.00 0.00 1.00 -0.02 0.00 -1.33 0.06 0 0
0.00 0.00 1.00 0.02 -0.04 0.10 0.13 -0.09 0.00 1.00 -0.00 -0.04 0.08 0.05 -0.24 -1.08 1.91 4.09 0.44 0.41 -32.85 -0.00 0.00 1.00 -0.01 0.01 -1.32 0.06 0 0
0.00 0.00 1.00 0.01 -0.02 0.10 0.20 -0.09 0.00 1.00 0.02 -0.03 0.06 0.03 -0.24 -1.06 1.91 5.65 0.56 -1.63 -32.26 -0.00 -0.00 0.99 -0.01 0.00 -1.32 -0.01 0 0
0.00 0.00 1.00 0.01 -0.02 0.10 0.17 -0.09 0.00 1.00 -0.02 -0.06 0.07 0.05 -0.25 -1.03 1.91 3.47 0.31 -0.46 -31.60 -0.00 -0.00 1.00 -0.01 0.00 -1.29 -0.01 0 0
0.00 0.00 1.00 -0.01 -0.05 0.11 0.21 -0.09 0.00 1.00 -0.03 -0.02 0.10 0.05 -0.25 -1.04 1.91 3.78 0.01 0.74 -31.67 -0.00 0.00 1.00 -0.01 0.01 -1.32 0.03 0 0
0.00 0.00 1.00 0.02 -0.02 0.11 0.18 -0.09 0.00 1.00 -0.02 -0.06 0.09 0.02 -0.24 -1.02 1.91 2.32 -0.01 1.22 -31.37 -0.00 0.00 1.00 0.01 0.00 -1.31 0.02 0 0
0.00 0.00 1.00 0.03 -0.05 0.09 0.19 -0.09 0.00 1.00 -0.00 -0.05 0.07 0.01 -0.25 -1.02 1.90 0.50 -0.08 -0.10 -31.28 -0.00 0.00 0.99 0.01 0.02 -1.34 0.02 0 0
-0.00 0.00 1.00 0.04 -0.04 0.09 0.19 -0.09 0.00 1.00 -0.01 -0.05 0.10 0.03 -0.25 -1.00 1.91 4.74 -0.05 1.26 -30.82 -0.00 -0.00 0.99 -0.02 0.02 -1.32 -0.01 0 0
-0.00 0.00 1.00 -0.02 -0.05 0.08 0.21 -0.09 -0.00 1.00 -0.02 -0.03 0.12 -0.01 -0.25 -1.00 1.90 0.33 -0.31 0.12 -30.85 -0.00 -0.00 1.00 -0.00 0.02 -1.30 -0.02 0 0
0.00 0.00 1.00 0.04 -0.04 0.10 0.18 -0.09 0.00 1.00 0.01 -0.05 0.07 0.05 -0.24 -0.99 1.91 -2.25 -0.35 -1.13 -30.61 -0.00 -0.00 1.00 0.01 -0.01 -1.33 -0.07 0 0
0.00 0.00 1.00 0.00 -0.06 0.10 0.18 -0.09 0.00 1.00 0.02 -0.03 0.08 0.05 -0.24 -1.00 1.90 0.53 -0.73 -0.65 -30.75 -0.00 0.00 1.00 -0.00 0.03 -1.34 0.03 0 0
-0.00 0.00 1.00 0.03 -0.02 0.14 0.16 -0.09 0.00 1.00 -0.00 -0.05 0.09 0.06 -0.25 -1.01 1.91 12.11 -1.76 4.14 -31.00 -0.00 -0.00 0.99 -0.00 -0.01 -1.33 -0.01 0 0
0.00 0.00 1.00 0.00 -0.04 0.09 0.19 -0.09 0.00 1.00 0.01 -0.03 0.08 0.07 -0.25 -0.91 1.90 48.36 6.23 11.84 -28.69 -0.00 -0.00 1.00 -0.02 -0.01 -1.33 -0.01 0 0
0.00 0.00 1.00 0.03 -0.02 0.11 0.21 -0.09 0.00 1.00 0.01 -0.03 0.10 0.03 -0.27 -0.64 1.76 116.80 -15.51 -16.65 -22.64 -0.00 0.00 1.00 -0.00 -0.01 -1.31 0.06 0 0
0.00 0.00 1.00 0.03 -0.05 0.10 0.20 -0.09 0.00 1.00 0.03 0.00 0.06 0.05 -0.12 -0.27 1.57 126.98 -29.98 42.18 -11.73 -0.00 -0.00 0.99 -0.00 0.02 -1.30 -0.04 0 0
0.00 0.00 1.00 0.03 -0.02 0.09 0.22 -0.09 0.00 1.00 0.02 -0.03 0.06 0.05 -0.02 -0.06 1.33 63.22 -9.12 24.32 -3.79 -0.00 0.00 1.00 0.01 0.01 -1.34 0.04 0 0
0.00 0.00 1.00 0.03 -0.05 0.10 0.23 -0.09 0.00 1.00 0.01 -0.02 0.06 0.04 0.07 -0.04 1.15 33.87 -7.62 9.39 -2.42 -0.00 0.00 1.00 -0.00 0.02 -1.33 0.05 0 0
0.00 0.00 1.00 0.05 -0.06 0.09 0.15 -0.09 0.00 1.00 -0.05 -0.04 0.05 0.04 0.07 -0.04 1.12 6.43 -9.76 11.41 -2.37 -0.00 0.00 1.00 0.02 0.00 -1.30 0.07 0 0
0.00 0.00 1.00 0.03 -0.04 0.08 0.16 -0.09 0.00 1.00 -0.02 -0.03 0.07 0.08 0.13 0.01 1.07 8.88 4.75 13.27 0.05 -0.00 0.00 1.00 -0.00 -0.01 -1.32 0.03 0 0
-0.00 0.00 1.00 0.00 -0.03 0.09 0.18 -0.09 0.00 1.00 0.01 -0.02 0.08 0.06 0.09 0.07 0.96 28.69 -2.06 -54.55 4.18 -0.00 -0.00 0.99 -0.00 0.00 -1.29 0.00 0 0
0.00 0.00 1.00 0.04 -0.01 0.11 0.15 -0.09 0.00 1.00 -0.01 -0.04 0.10 0.02 -0.02 0.01 0.99 -4.09 0.96 -2.35 0.90 -0.00 0.00 1.00 -0.01 -0.01 -1.31 0.01 0 0
-0.00 0.00 1.00 0.01 -0.07 0.13 0.19 -0.09 0.00 1.00 -0.02 -0.05 0.09 0.01 -0.01 0.00 0.99 0.84 -4.03 -2.10 0.35 -0.00 0.00 1.00 -0.01 0.01 -1.32 0.01 0 0
0.00 0.00 1.00 0.01 -0.04 0.09 0.19 -0.09 0.00 1.00 0.01 -0.03 0.07 0.01 -0.01 0.00 0.99 -0.16 -0.30 -0.73 0.09 -0.00 -0.00 0.99 0.01 0.00 -1.32 -0.04 0 0
-0.00 0.00 1.00 0.04 -0.05 0.08 0.19 -0.09 0.00 1.00 -0.02 -0.03 0.11 0.05 -0.01 0.00 0.99 -0.09 -0.17 -0.71 0.04 -0.00 -0.00 1.00 0.01 -0.01 -1.32 -0.01 0 0
-0.00 0.00 1.00 0.00 -0.04 0.11 0.20 -0.09 0.00 1.00 0.01 0.00 0.07 0.04 -0.01 0.00 1.00 -0.06 -0.09 -0.70 0.02 -0.00 0.00 1.00 -0.00 0.02 -1.32 0.04 0 0
-0.00 0.00 1.00 0.00 -0.05 0.11 0.20 -0.09 0.00 1.00 -0.02 -0.04 0.05 0.06 -0.01 0.00 1.00 -0.02 -0.08 -0.68 0.06 -0.00 -0.00 0.99 0.01 0.02 -1.31 0.00 0 0
0.00 0.00 1.00 0.03 -0.05 0.12 0.19 -0.09 0.00 1.00 -0.00 -0.01 0.07 0.06 -0.01 0.00 0.99 -0.02 -0.04 -0.67 0.06 -0.00 0.00 1.00 -0.00 0.00 -1.33 0.03 0 0
-0.00 0.00 1.00 0.04 -0.04 0.11 0.17 -0.09 0.00 1.00 -0.01 -0.04 0.11 0.09 -0.02 0.00 0.99 -0.04 -0.07 -0.66 0.04 -0.00 0.00 1.00 -0.01 0.01 -1.31 0.02 0 0
0.00 0.00 1.00 0.00 -0.03 0.11 0.20 -0.09 0.00 1.00 0.01 -0.02 0.10 0.09 -0.01 0.00 0.99 -0.01 -0.04 -0.67 0.01 -0.00 0.00 1.00 -0.02 0.01 -1.32 0.04 0 0
0.00 0.00 1.00 0.01 -0.05 0.10 0.15 -0.09 0.00 1.00 0.01 -0.00 0.08 0.02 -0.02 -0.00 1.00 -0.00 -0.03 -0.68 -0.00 -0.00 -0.00 1.00 0.01 0.02 -1.33 -0.00 0 0
-0.00 0.00 1.00 0.03 -0.02 0.10 0.16 -0.09 0.00 1.00 0.01 -0.03 0.10 0.01 -0.01 -0.00 0.99 -0.00 -0.04 -0.69 -0.03 -0.00 0.00 0.99 -0.01 0.02 -1.28 0.03 0 0
-0.00 0.00 1.00 0.02 -0.02 0.10 0.21 -0.09 0.00 1.00 -0.02 -0.04 0.09 0.01 -0.01 0.00 0.99 -0.01 -0.01 -0.70 0.06 -0.00 0.00 1.00 0.01 0.02 -1.30 0.02 0 0
0.00 0.00 1.00 0.03 -0.03 0.11 0.18 -0.09 0.00 1.00 0.03 0.01 0.07 0.05 -0.01 0.00 0.99 -0.00 -0.03 -0.66 0.06 -0.00 -0.00 0.99 -0.02 -0.03 -1.30 -0.02 0 0
0.00 0.00 1.00 0.05 -0.01 0.11 0.17 -0.09 0.00 1.00 -0.02 -0.04 0.07 0.06 -0.01 0.00 0.99 -0.02 -0.02 -0.68 0.05 -0.00 0.00 1.00 0.04 0.03 -1.36 0.09 0 0
0.00 0.00 1.00 0.04 -0.04 0.12 0.16 -0.09 -0.00 1.00 -0.03 0.02 0.13 0.00 -0.01 0.00 1.00 0.01 -0.04 -0.69 0.05 0.00 0.01 0.98 6.82 3.06 -3.10 0.64 0 0
-0.00 0.00 1.00 0.02 -0.06 0.09 0.18 -0.09 0.00 1.00 1.28 0.36 -0.58 0.26 -0.01 0.00 0.99 -0.00 -0.02 -0.68 0.08 -0.03 0.01 0.99 -1.93 2.01 -0.54 0.57 0 0
0.00 0.00 1.00 0.02 -0.06 0.08 0.17 -0.09 0.01 0.99 -1.30 0.03 0.55 0.47 -0.02 0.00 0.99 0.01 0.00 -0.67 0.09 -0.05 0.02 1.22 -123.73 12.50 -26.62 0.68 0 0
-0.00 0.00 1.00 0.03 -0.04 0.11 0.16 -0.09 -0.01 1.01 -0.12 -0.52 -0.26 -0.25 -0.01 0.00 0.99 -0.00 -0.01 -0.68 0.02 -0.08 -0.28 1.55 -92.05 -5.38 -0.67 -10.07 0 0
0.00 0.00 1.00 0.01 -0.06 0.11 0.25 -0.09 0.00 0.99 -1.25 -0.03 0.61 0.04 -0.01 0.00 0.99 0.01 0.00 -0.67 0.05 -0.08 -0.45 1.80 -155.41 -32.14 -4.77 -15.09 0 0
0.00 0.00 1.00 0.01 -0.03 0.10 0.22 -0.10 0.01 0.98 2.48 -0.51 -1.12 0.75 -0.02 0.00 0.99 -0.01 -0.01 -0.68 0.03 -0.03 -0.97 1.90 -107.94 -21.56 -8.32 -28.64 0 0
0.00 0.00 1.00 0.00 -0.04 0.11 0.19 -0.09 -0.01 1.01 0.04 0.03 0.12 -0.45 -0.01 0.00 1.00 -0.01 -0.03 -0.68 0.08 0.04 -1.19 1.96 -49.31 -9.60 4.63 -34.18 0 0
0.00 0.00 1.00 0.01 -0.05 0.10 0.20 -0.09 0.00 0.99 -1.26 0.09 0.67 0.11 -0.01 0.00 0.99 0.01 0.01 -0.70 0.07 0.07 -1.26 1.98 -10.37 -1.08 2.24 -35.89 0 0
-0.00 0.00 1.00 0.01 -0.01 0.10 0.20 -0.09 -0.00 1.00 0.30 0.01 -0.03 -0.02 -0.01 0.00 0.99 -0.00 -0.01 -0.67 0.08 0.05 -1.26 1.96 0.44 -8.40 -1.31 -36.19 0 0
0.00 0.00 1.00 0.01 -0.02 0.12 0.18 -0.09 0.00 0.99 -0.16 0.01 0.13 0.08 -0.01 0.00 0.99 0.01 -0.01 -0.67 0.01 0.07 -1.25 1.97 1.47 2.44 1.80 -35.94 0 0
-0.00 0.00 1.00 -0.02 -0.05 0.10 0.17 -0.09 0.00 0.99 -0.06 -0.01 0.11 0.04 -0.01 0.00 0.99 0.01 0.00 -0.70 0.05 0.06 -1.27 1.95 3.60 -0.29 0.46 -36.71 0 0
-0.00 0.00 1.00 0.02 -0.02 0.11 0.20 -0.09 0.00 0.99 -0.09 -0.02 0.08 0.09 -0.01 0.00 0.99 -0.02 -0.01 -0.68 0.04 0.07 -1.26 1.95 47.14 6.45 -2.46 -36.51 0 0
-0.00 0.00 1.00 -0.00 -0.03 0.10 0.18 -0.09 -0.00 1.00 -2.02 -0.01 1.01 -0.02 -0.01 0.00 0.99 0.01 -0.01 -0.68 0.03 -0.04 -0.74 1.99 141.80 40.19 5.73 -23.87 0 0
0.00 0.00 1.00 0.01 -0.03 0.08 0.18 -0.09 0.00 0.99 1.91 -0.33 -0.96 0.25 -0.01 0.00 0.99 0.01 0.02 -0.65 0.07 -0.05 -0.34 1.52 138.11 -10.87 21.01 -14.91 0 0
0.00 0.00 1.00 0.01 -0.02 0.08 0.17 -0.09 0.00 1.00 -0.39 0.22 0.45 0.12 -0.01 0.00 0.99 -0.01 -0.02 -0.67 0.07 -0.04 -0.07 1.17 111.81 -15.37 21.84 -4.91 0 0
-0.00 0.00 1.00 0.01 -0.06 0.09 0.18 -0.10 -0.00 0.99 -0.48 0.45 0.22 -0.06 -0.01 0.00 0.99 0.01 0.02 -0.66 0.14 -0.03 0.03 0.97 72.64 -0.95 4.13 1.11 0 0
0.00 0.00 1.00 0.00 -0.04 0.09 0.17 -0.09 -0.00 1.00 -0.85 0.08 0.48 -0.10 -0.01 0.00 0.99 -0.00 0.00 -0.68 0.06 -0.05 0.13 1.04 -140.29 1.27 -22.94 6.85 0 0
-0.00 0.00 1.00 0.00 -0.05 0.11 0.17 -0.09 -0.00 1.00 0.75 -0.09 -0.30 -0.03 -0.01 0.00 0.99 0.01 -0.01 -0.68 0.05 -0.05 -0.16 1.61 -167.42 -15.62 -2.52 -5.04 0 0
-0.00 0.00 1.00 -0.01 -0.05 0.11 0.16 -0.09 -0.00 1.00 -0.91 -0.52 0.07 -0.05 -0.01 0.00 0.99 0.01 0.01 -0.68 0.11 0.02 -0.66 1.86 -137.52 -14.51 -5.58 -20.25 0 0
-0.00 0.00 1.00 0.02 -0.05 0.11 0.22 -0.09 0.00 1.00 -0.17 -0.29 -0.03 0.11 -0.02 0.00 0.99 0.01 -0.01 -0.68 0.05 0.04 -0.97 1.94 -12.04 -9.36 4.15 -28.74 0 0
0.00 0.00 1.00 0.04 -0.05 0.09 0.21 -0.09 0.00 1.00 -0.28 -0.10 0.17 0.11 -0.01 0.00 0.99 -0.00 0.00 -0.65 0.04 0.08 -0.80 1.98 120.79 6.81 -0.72 -24.71 0 0
-0.00 0.00 1.00 -0.01 -0.05 0.09 0.20 -0.09 -0.00 1.00 0.31 0.38 0.40 -0.14 -0.01 0.00 0.99 -0.01 -0.01 -0.66 0.09 -0.02 -0.29 1.52 233.94 36.83 9.35 -13.19 0 0
0.00 0.00 1.00 0.01 -0.04 0.09 0.21 -0.09 0.00 1.00 -2.65 0.39 1.52 0.05 -0.01 0.00 0.99 0.02 0.01 -0.68 0.05 -0.01 0.00 1.17 70.25 11.82 21.55 -1.24 0 0
0.00 0.00 1.00 0.01 -0.02 0.11 0.18 -0.09 -0.00 1.00 0.60 -0.03 -0.24 -0.02 -0.01 0.00 0.99 0.01 -0.02 -0.68 0.03 0.08 0.04 1.02 12.08 8.74 23.38 1.92 0 0
-0.00 0.00 1.00 0.03 -0.04 0.11 0.16 -0.09 0.00 1.00 -0.28 0.02 0.26 0.02 -0.01 0.00 0.99 0.01 0.01 -0.69 0.05 0.14 -0.02 1.03 -2.74 2.09 17.71 -0.67 0 0
0.00 0.00 1.00 0.00 -0.07 0.11 0.19 -0.09 0.00 1.00 -0.09 -0.06 0.10 0.10 -0.01 0.00 1.00 -0.00 0.00 -0.68 0.06 0.13 -0.00 0.98 7.33 -0.04 -9.49 -0.30 0 0
0.00 0.00 1.00 0.01 -0.03 0.09 0.21 -0.09 0.00 1.00 -1.83 0.26 1.08 0.07 -0.02 0.00 0.99 -0.00 0.01 -0.69 0.02 -0.02 0.01 1.04 -1.41 -8.91 -14.41 0.33 0 0
0.00 0.00 1.00 0.01 -0.08 0.11 0.16 -0.09 -0.00 1.01 0.36 -0.08 -0.09 -0.10 -0.01 0.00 0.99 0.02 0.01 -0.65 0.03 0.03 -0.00 1.02 0.04 -0.42 -2.04 -0.07 0 0
0.00 0.00 1.00 0.03 -0.05 0.09 0.17 -0.09 0.00 1.01 0.29 -0.03 -0.09 0.07 -0.01 0.00 1.00 -0.00 0.01 -0.67 0.06 0.02 -0.00 1.03 0.11 -0.34 -1.81 -0.02 0 0
0.00 0.00 1.00 -0.01 -0.06 0.11 0.20 -0.09 0.00 1.01 -0.18 -0.02 0.18 0.03 -0.01 -0.00 0.99 -0.01 -0.01 -0.69 -0.03 0.02 -0.00 1.02 0.09 -0.23 -1.84 -0.08 0 0
-0.00 0.00 1.00 0.03 -0.05 0.08 0.18 -0.09 0.00 1.01 0.03 -0.05 0.05 0.04 -0.01 0.00 0.99 0.01 -0.01 -0.68 0.05 0.02 -0.00 1.03 0.04 -0.14 -1.66 -0.10 0 0
-0.00 0.00 1.00 0.01 -0.06 0.11 0.17 -0.09 -0.00 1.00 0.03 -0.02 0.06 -0.01 -0.02 0.00 0.99 -0.01 0.01 -0.67 0.05 0.02 -0.00 1.02 0.10 -0.27 -1.67 -0.07 0 0
-0.00 0.00 1.00 0.01 -0.04 0.11 0.23 -0.09 0.00 1.01 -0.03 -0.00 0.08 0.03 -0.01 0.00 0.99 0.02 0.00 -0.68 0.08 0.02 -0.00 1.02 0.06 -0.15 -1.59 -0.14 0 0
-0.02 0.02 1.04 10.96 -15.48 -6.37 1.13 -0.09 0.00 1.00 0.04 -0.04 0.07 0.03 -0.01 0.00 0.99 0.01 0.00 -0.68 0.07 0.02 -0.00 1.02 0.13 -0.19 -1.55 -0.08 0 0
0.01 0.16 1.11 -83.68 -44.93 -28.21 8.24 -0.09 0.00 1.00 0.02 -0.03 0.06 0.04 -0.02 0.00 0.99 -0.02 0.01 -0.68 0.04 0.02 -0.00 1.02 0.07 -0.17 -1.53 -0.11 0 0
0.07 -0.27 1.34 -143.83 -32.41 -16.67 -10.75 -0.09 -0.00 1.00 -0.02 -0.06 0.07 0.00 -0.01 0.00 0.99 -0.00 0.01 -0.68 0.01 0.02 -0.00 1.02 0.07 -0.12 -1.49 -0.10 0 0
0.13 -0.55 1.68 -131.38 -16.70 40.76 -19.28 -0.09 0.00 1.01 -0.05 0.02 0.12 0.05 -0.01 -0.00 0.99 -0.01 0.00 -0.70 -0.00 0.02 0.00 1.02 0.04 -0.16 -1.52 0.03 0 0
0.24 -1.01 1.90 -60.87 -23.38 35.80 -29.97 -0.09 0.00 1.01 -0.02 0.01 0.13 0.04 -0.01 0.00 0.99 0.01 -0.02 -0.67 0.02 0.01 -0.00 1.02 0.04 -0.10 -1.47 -0.04 0 0
0.22 -0.98 1.86 -3.94 0.78 0.38 -30.86 -0.09 0.00 1.01 0.03 -0.03 0.09 0.05 -0.01 0.00 0.99 -0.00 -0.01 -0.67 0.06 0.01 -0.00 1.02 0.04 -0.16 -1.42 -0.08 0 0
0.23 -1.00 1.85 -2.32 1.20 0.21 -31.48 -0.09 0.00 1.00 -0.01 0.01 0.10 0.03 -0.01 0.00 0.99 -0.00 0.00 -0.69 0.04 0.01 -0.00 1.02 0.07 -0.08 -1.41 -0.02 0 0
0.22 -0.98 1.87 2.42 3.73 1.65 -30.89 -0.09 0.00 1.01 -0.02 -0.00 0.12 0.07 -0.01 0.00 0.99 0.01 -0.01 -0.67 0.04 0.02 0.00 1.02 0.02 -0.05 -1.37 0.01 0 0
0.21 -0.98 1.87 18.16 5.25 1.38 -30.70 -0.09 0.00 1.00 0.01 -0.00 0.07 0.03 -0.02 0.00 0.99 0.01 0.01 -0.67 0.05 0.01 -0.00 1.02 0.04 -0.11 -1.39 -0.06 0 0
0.15 -0.80 1.74 72.10 19.88 -20.89 -27.76 -0.09 0.00 1.00 -0.05 -0.02 0.08 0.02 -0.02 0.00 0.99 0.01 -0.01 -0.65 0.06 0.01 -0.00 1.02 0.07 -0.07 -1.42 -0.08 0 0
0.13 -0.39 1.63 124.61 -14.84 -10.88 -16.18 -0.09 0.00 1.01 0.01 -0.01 0.06 0.10 -0.01 0.00 0.99 -0.01 0.01 -0.66 0.06 0.01 -0.00 1.02 0.04 -0.05 -1.38 -0.04 0 0
0.18 -0.17 1.42 91.19 2.88 15.82 -8.57 -0.09 0.00 1.00 0.03 -0.00 0.07 0.04 -0.01 0.00 1.00 0.01 0.02 -0.65 0.02 0.01 -0.00 1.02 0.03 0.02 -1.33 -0.05 0 0
0.19 -0.01 1.26 23.19 -3.30 10.96 -1.14 -0.09 0.00 1.01 -0.02 -0.02 0.10 0.02 -0.01 0.00 0.99 0.01 0.00 -0.70 0.06 0.01 -0.00 1.02 0.01 0.00 -1.33 -0.05 0 0
0.18 0.01 1.24 -17.62 8.33 -4.00 0.55 -0.09 0.00 1.00 -0.05 0.01 0.09 0.06 -0.01 0.00 0.99 -0.00 -0.01 -0.67 0.10 0.01 -0.00 1.02 0.03 0.02 -1.33 -0.02 0 0
0.11 -0.21 1.34 -76.10 5.66 -22.76 -8.95 -0.09 0.00 1.00 -0.05 0.00 0.12 0.07 -0.01 0.00 0.99 0.01 -0.01 -0.69 0.03 0.01 -0.00 1.02 0.03 -0.02 -1.36 -0.06 0 0
0.09 -0.32 1.59 -58.07 -12.18 -12.28 -12.32 -0.09 0.00 1.00 -0.05 -0.06 0.07 0.07 -0.01 -0.00 0.99 -0.02 -0.02 -0.65 -0.02 0.01 -0.00 1.02 0.01 0.00 -1.33 -0.07 0 0
0.09 -0.48 1.72 -66.00 3.15 6.68 -16.78 -0.09 0.00 1.00 0.02 0.01 0.06 0.06 -0.02 0.00 0.99 0.01 0.02 -0.66 0.04 0.01 -0.00 1.02 0.01 -0.01 -1.36 -0.04 0 0
0.12 -0.62 1.80 -19.90 -10.35 -1.22 -20.67 -0.09 0.00 1.01 -0.02 -0.01 0.08 0.05 -0.01 0.00 0.99 -0.01 0.00 -0.70 0.05 0.01 -0.00 1.02 0.01 0.02 -1.33 -0.10 0 0
0.13 -0.70 1.85 -26.35 0.98 3.56 -22.84 -0.09 0.00 1.00 -0.01 -0.01 0.07 0.03 -0.01 0.00 0.99 -0.00 0.00 -0.68 0.04 0.01 -0.00 1.02 0.01 0.01 -1.33 -0.10 0 0
0.14 -0.82 1.82 -13.24 -3.71 3.60 -26.53 -0.09 -0.00 1.00 -0.05 0.04 0.10 0.00 -0.01 0.00 0.99 -0.01 -0.02 -0.66 0.05 0.01 -0.00 1.02 0.01 0.00 -1.33 -0.08 0 0
0.15 -0.81 1.86 0.14 -1.81 -1.28 -26.20 -0.09 0.00 1.00 -0.04 -0.01 0.10 0.01 -0.01 0.00 0.99 -0.01 -0.01 -0.68 0.04 0.01 -0.00 1.02 -0.00 0.00 -1.32 -0.06 0 0
0.15 -0.81 1.85 0.27 -0.64 0.24 -26.35 -0.09 0.00 1.00 -0.00 0.01 0.07 0.04 -0.01 0.00 0.99 -0.01 0.01 -0.66 0.08 0.01 -0.00 1.02 0.03 0.03 -1.33 -0.05 0 0
0.15 -0.81 1.86 1.62 1.63 1.59 -26.10 -0.09 0.00 1.01 -0.02 0.00 0.08 0.03 -0.01 0.00 0.99 -0.01 -0.03 -0.68 0.02 0.01 -0.00 1.02 0.02 0.02 -1.34 -0.01 0 0
0.14 -0.81 1.86 0.97 -0.79 0.43 -26.26 -0.09 0.00 1.01 -0.02 -0.01 0.10 0.07 -0.02 0.00 0.99 -0.00 0.01 -0.71 0.00 0.01 -0.00 1.02 0.01 0.00 -1.31 -0.01 0 0
0.15 -0.80 1.85 -1.16 -0.41 1.66 -26.01 -0.09 0.00 1.00 -0.02 -0.00 0.08 0.02 -0.02 0.00 0.99 0.01 0.00 -0.65 0.02 0.01 -0.00 1.02 0.01 0.01 -1.33 -0.06 0 0
0.16 -0.80 1.84 0.01 -0.51 0.11 -26.08 -0.09 0.00 1.00 -0.01 -0.00 0.09 0.06 -0.01 0.00 0.99 0.01 -0.01 -0.67 0.05 0.01 -0.00 1.02 0.01 0.01 -1.33 -0.02 0 0
0.16 -0.81 1.86 0.41 0.57 0.27 -26.27 -0.09 -0.00 1.00 -0.02 -0.00 0.09 -0.01 -0.02 0.00 0.99 0.01 0.01 -0.69 0.04 0.01 -0.00 1.02 0.01 -0.01 -1.33 -0.04 0 0
0.16 -0.79 1.85 5.04 0.94 0.50 -25.75 -0.09 0.00 1.01 -0.02 -0.03 0.10 0.10 -0.01 0.00 0.99 -0.00 0.00 -0.68 0.08 0.01 -0.00 1.02 0.01 -0.01 -1.30 -0.03 0 0
0.14 -0.79 1.84 3.66 1.46 1.72 -25.78 -0.09 0.00 1.01 -0.02 -0.02 0.09 0.05 -0.01 0.00 0.99 0.01 0.01 -0.66 0.03 0.01 -0.00 1.02 -0.00 -0.02 -1.35 -0.00 0 0
0.13 -0.79 1.81 37.95 13.37 -0.98 -26.23 -0.09 -0.00 1.01 -0.00 -0.00 0.08 -0.02 -0.01 0.00 0.99 0.01 -0.01 -0.65 0.10 0.01 -0.00 1.02 -0.00 -0.02 -1.33 -0.04 0 0
0.17 -0.39 1.53 190.24 -12.55 0.14 -17.04 -0.09 0.00 1.01 -0.00 -0.02 0.10 0.05 -0.01 0.00 0.99 -0.02 -0.01 -0.68 0.03 0.01 -0.00 1.02 0.01 -0.01 -1.30 -0.06 0 0
0.17 0.05 1.18 94.37 4.99 12.27 0.55 -0.09 -0.00 1.01 0.04 0.03 0.07 0.00 -0.01 0.00 0.99 0.01 0.00 -0.66 0.00 0.01 -0.00 1.02 0.01 -0.02 -1.30 -0.03 0 0
0.20 -0.01 1.00 22.21 -2.26 3.39 -0.77 -0.09 0.00 1.01 -0.03 0.03 0.07 0.03 -0.02 0.00 0.99 0.01 0.01 -0.67 0.05 0.01 -0.00 1.02 0.01 0.02 -1.32 -0.05 0 0
0.21 -0.02 0.99 -9.39 2.10 3.82 -1.13 -0.09 0.00 1.01 0.02 -0.02 0.05 0.03 -0.02 0.00 0.99 0.01 0.01 -0.67 0.04 0.01 -0.00 1.02 0.03 -0.01 -1.33 -0.01 0 0
0.21 0.01 1.00 -7.85 3.46 0.27 0.41 -0.09 0.00 1.00 -0.02 0.02 0.10 0.02 -0.01 0.00 0.99 -0.01 -0.02 -0.68 0.04 0.01 -0.00 1.02 0.02 -0.01 -1.33 -0.02 0 0
0.23 0.03 1.08 -48.48 -5.94 -13.08 1.88 -0.09 -0.00 1.00 -0.05 0.00 0.10 -0.01 -0.01 0.00 1.00 -0.00 -0.01 -0.67 0.03 0.01 -0.00 1.02 -0.02 -0.02 -1.32 -0.08 0 0
0.20 -0.21 1.40 -113.94 7.51 10.21 -8.45 -0.09 -0.00 1.01 -0.04 0.00 0.10 -0.02 -0.01 0.00 0.99 0.01 0.02 -0.67 0.04 0.01 -0.00 1.02 0.01 0.00 -1.33 -0.11 0 0
0.17 -0.43 1.56 9.50 23.26 -7.60 -16.39 -0.09 0.00 1.01 -0.05 -0.03 0.08 0.03 -0.01 0.00 0.99 0.02 0.00 -0.68 0.06 0.01 -0.00 1.02 0.01 0.02 -1.33 -0.05 0 0
0.17 -0.03 1.25 146.02 -17.38 10.53 -3.19 -0.09 -0.00 1.01 0.01 -0.00 0.08 -0.01 -0.01 0.00 0.99 0.01 0.00 -0.66 0.07 0.01 -0.00 1.02 0.01 -0.01 -1.31 -0.06 0 0
0.21 -0.12 1.31 -169.20 31.04 7.51 -5.58 -0.09 0.00 1.01 0.01 0.02 0.10 0.01 -0.02 0.00 0.99 -0.00 -0.01 -0.68 0.08 0.01 0.00 1.02 -0.01 -0.01 -1.30 0.01 0 0
0.15 -0.13 1.34 162.21 -46.15 -14.01 -6.10 -0.09 0.00 1.01 -0.02 -0.03 0.07 0.02 -0.01 0.00 0.99 0.02 0.01 -0.68 0.07 0.01 -0.00 1.02 0.01 -0.01 -1.32 -0.04 0 0
0.17 -0.16 1.36 -148.68 63.77 29.92 -7.49 -0.09 0.00 1.00 -0.03 -0.05 0.10 0.04 -0.01 0.00 0.99 -0.01 0.02 -0.66 0.06 0.01 -0.00 1.02 0.02 -0.01 -1.29 -0.08 0 0
0.11 -0.27 1.26 196.22 -48.38 -26.20 -12.68 -0.09 0.00 1.00 -0.01 -0.01 0.11 0.05 -0.02 0.00 0.99 -0.00 0.00 -0.68 0.02 0.01 -0.00 1.02 0.02 0.02 -1.30 -0.08 0 0
0.28 0.07 0.97 -45.91 43.07 43.47 3.15 -0.09 0.00 1.01 0.04 -0.05 0.07 0.04 -0.01 0.00 0.99 -0.01 0.02 -0.66 0.07 0.01 -0.00 1.02 -0.00 -0.01 -1.29 -0.07 0 0
0.27 -0.09 0.93 40.40 -37.35 0.32 -5.41 -0.09 -0.00 1.01 -0.01 0.02 0.13 -0.02 -0.01 0.00 0.99 -0.00 -0.01 -0.68 0.02 0.01 -0.00 1.02 0.03 0.00 -1.29 -0.02 0 0
-0.04 -0.70 0.71 114.29 -5.44 -54.72 -45.11 -0.09 -0.00 1.01 -0.08 0.03 0.10 -0.05 -0.01 0.00 0.99 -0.00 -0.01 -0.66 0.05 0.01 -0.00 1.02 0.01 -0.01 -1.30 -0.05 0 0
-0.00 0.00 0.99 -0.32 -0.39 -0.31 -4.30 -0.09 0.00 1.01 0.06 -0.00 0.10 0.01 -0.02 0.00 0.99 0.03 0.00 -0.65 0.02 0.01 -0.00 1.02 0.01 -0.04 -1.31 -0.02 0 0
-0.01 0.00 0.98 -0.17 -0.31 0.05 -0.15 -0.09 0.00 1.00 0.04 0.01 0.10 0.04 -0.01 0.00 0.99 -0.00 0.00 -0.69 0.09 0.01 -0.00 1.02 0.03 0.01 -1.33 -0.02 0 0
-0.01 0.01 0.98 -0.13 -0.23 0.07 0.31 -0.09 -0.00 1.00 0.01 -0.03 0.08 -0.00 -0.02 0.00 0.99 -0.01 0.03 -0.65 0.05 0.01 0.00 1.02 -0.00 -0.01 -1.33 0.00 0 0
-0.01 0.01 0.98 -0.07 -0.16 0.09 0.33 -0.09 -0.00 1.01 0.01 -0.00 0.06 -0.01 -0.01 0.00 0.99 -0.00 0.02 -0.66 0.10 0.01 -0.00 1.02 0.02 0.02 -1.31 -0.08 0 0
-0.01 0.01 0.98 -0.07 -0.15 0.11 0.34 -0.09 0.00 1.00 -0.00 -0.01 0.09 0.01 -0.01 0.00 0.99 -0.00 0.02 -0.68 0.08 0.01 -0.00 1.02 -0.02 -0.01 -1.31 -0.05 0 0
-0.01 0.00 0.98 -0.06 -0.11 0.11 0.30 -0.09 -0.00 1.00 -0.02 0.00 0.08 -0.01 -0.01 0.00 0.99 0.01 -0.02 -0.66 0.07 0.01 -0.00 1.02 0.01 0.00 -1.30 -0.07 0 0
-0.01 0.01 0.98 -0.03 -0.09 0.09 0.36 -0.09 0.00 1.00 -0.02 -0.00 0.08 0.01 -0.02 0.00 0.99 0.01 -0.01 -0.67 0.04 0.01 0.00 1.02 0.01 -0.01 -1.33 0.01 0 0
-0.01 0.00 0.98 -0.02 -0.11 0.09 0.29 -0.09 0.00 1.00 0.01 -0.00 0.09 0.03 -0.01 0.00 0.99 0.02 -0.04 -0.66 0.03 0.01 -0.00 1.02 0.03 -0.01 -1.31 -0.02 0 0
-0.01 0.00 0.98 -0.00 -0.07 0.11 0.29 -0.09 0.00 1.01 -0.00 0.00 0.09 0.04 -0.01 0.00 0.99 -0.00 -0.01 -0.68 0.01 0.01 -0.00 1.02 0.02 -0.01 -1.31 -0.05 0 0
-0.01 0.01 0.98 0.02 -0.09 0.09 0.33 -0.09 0.00 1.00 -0.01 0.00 0.09 0.05 -0.01 0.00 0.99 0.01 0.01 -0.66 0.00 0.01 -0.00 1.02 0.01 -0.01 -1.33 -0.01 0 0
-0.01 0.01 0.98 -0.03 -0.08 0.10 0.35 -0.09 0.00 1.00 -0.02 0.00 0.10 0.06 -0.01 0.00 1.00 -0.02 0.02 -0.68 0.07 0.01 -0.00 1.02 0.01 -0.01 -1.33 -0.00 0 0
-0.01 0.00 0.98 0.00 -0.09 0.10 0.31 -0.09 0.00 1.00 -0.00 0.00 0.07 0.01 -0.01 0.00 0.99 0.01 -0.01 -0.69 0.08 0.01 -0.00 1.02 -0.00 -0.01 -1.30 -0.00 0 0
-0.01 0.00 0.98 -0.00 -0.09 0.11 0.30 -0.09 -0.00 1.01 -0.03 0.00 0.06 -0.01 -0.01 0.00 0.99 0.01 0.00 -0.68 0.05 0.01 -0.00 1.02 0.02 0.00 -1.29 -0.04 0 170
-0.01 0.00 0.99 -0.01 -0.07 0.10 0.29 -0.09 0.00 1.00 0.01 -0.04 0.09 0.03 -0.01 0.00 0.99 0.01 -0.01 -0.66 0.02 0.01 -0.00 1.02 -0.01 -0.02 -1.33 -0.07 0 294
-0.01 0.00 0.98 -0.01 -0.08 0.10 0.27 -0.09 0.00 1.01 -0.02 -0.02 0.07 0.04 -0.02 0.00 0.99 0.01 0.00 -0.65 0.03 0.01 -0.00 1.02 0.01 0.00 -1.34 -0.04 0 801
-0.01 0.00 0.98 -0.01 -0.09 0.11 0.26 -0.09 0.00 1.00 0.01 -0.03 0.09 0.05 -0.01 0.00 0.99 0.01 0.01 -0.67 0.04 0.01 -0.00 1.02 -0.00 -0.01 -1.32 -0.05 0 930
-0.01 0.01 0.98 0.02 -0.08 0.08 0.32 -0.09 0.00 1.00 -0.02 0.01 0.09 0.01 -0.02 0.00 0.99 -0.01 0.01 -0.68 0.07 0.01 -0.00 1.02 0.01 -0.01 -1.31 -0.05 0 950
-0.01 0.01 0.98 -0.02 -0.07 0.11 0.34 -0.09 0.00 1.01 -0.05 0.03 0.08 0.03 -0.01 0.00 0.99 0.02 -0.01 -0.69 0.05 0.01 -0.00 1.02 -0.00 0.00 -1.32 -0.01 0 951
-0.01 0.00 0.98 0.00 -0.09 0.10 0.28 -0.09 0.00 1.01 -0.02 -0.00 0.10 0.06 -0.01 0.00 0.99 -0.02 0.01 -0.67 0.02 0.01 -0.00 1.02 0.02 -0.01 -1.32 -0.02 0 959
-0.01 0.00 0.98 -0.00 -0.06 0.12 0.27 -0.09 -0.00 1.01 -0.03 0.00 0.08 -0.03 -0.01 0.00 0.99 -0.00 0.00 -0.68 0.05 0.01 -0.00 1.02 -0.01 -0.01 -1.29 -0.11 0 961
-0.01 0.00 0.99 -0.00 -0.08 0.08 0.23 -0.09 -0.00 1.01 0.01 -0.03 0.07 -0.03 -0.02 0.00 0.99 -0.01 -0.01 -0.71 0.07 0.01 -0.00 1.02 0.02 -0.01 -1.30 -0.06 0 962
-0.01 0.01 0.98 0.02 -0.07 0.11 0.32 -0.09 -0.00 1.01 -0.01 -0.01 0.07 -0.00 -0.01 0.00 0.99 -0.01 -0.01 -0.68 0.07 0.01 -0.00 1.02 0.01 -0.01 -1.34 -0.02 0 965
-0.01 0.00 0.99 0.01 -0.05 0.08 0.28 -0.09 0.00 1.00 -0.04 0.01 0.08 0.06 -0.01 0.00 0.99 -0.00 -0.03 -0.68 0.06 0.01 -0.00 1.02 0.01 0.01 -1.29 -0.04 0 966
-0.01 0.00 0.99 -0.02 -0.04 0.06 0.27 -0.09 0.00 1.01 -0.00 0.00 0.07 0.05 -0.01 0.00 0.99 0.01 -0.04 -0.68 0.04 0.01 0.00 1.02 0.01 0.02 -1.34 0.00 0 966
-0.01 0.00 0.98 0.00 -0.05 0.12 0.28 -0.09 -0.00 1.01 0.01 0.00 0.12 0.00 -0.01 0.00 0.99 -0.00 0.01 -0.65 0.05 0.01 -0.00 1.02 0.01 -0.02 -1.32 -0.05 0 966
-0.01 0.00 0.99 0.01 -0.04 0.11 0.27 -0.09 -0.00 1.00 -0.01 -0.02 0.11 -0.00 -0.02 0.00 0.99 0.03 0.01 -0.68 0.04 0.01 -0.00 1.02 -0.02 0.00 -1.32 -0.03 0 966
-0.01 0.00 0.99 0.00 -0.02 0.11 0.30 -0.09 0.00 1.01 -0.01 0.03 0.06 0.05 -0.02 0.00 0.99 -0.00 -0.01 -0.68 0.08 0.01 -0.00 1.02 -0.00 -0.03 -1.29 -0.04 0 966
-0.01 0.00 0.98 -0.02 -0.08 0.11 0.32 -0.09 0.00 1.00 0.01 -0.01 0.08 0.10 -0.01 0.00 0.99 -0.01 -0.01 -0.68 0.05 0.01 -0.00 1.02 0.01 0.01 -1.30 -0.01 0 966
-0.01 0.00 0.98 -0.00 -0.06 0.10 0.28 -0.09 -0.00 1.00 -0.00 -0.01 0.09 0.00 -0.02 0.00 0.99 -0.01 0.01 -0.69 0.06 0.01 -0.00 1.02 0.01 -0.01 -1.29 -0.04 0 966
-0.01 0.00 0.98 0.01 -0.06 0.12 0.29 -0.09 0.00 1.01 0.03 -0.02 0.07 0.06 -0.01 0.00 1.00 0.01 -0.01 -0.67 0.06 0.01 0.00 1.02 -0.00 -0.01 -1.34 0.01 0 966
-0.01 0.00 0.98 0.01 -0.06 0.11 0.30 -0.09 0.00 1.00 -0.03 0.00 0.09 0.05 -0.01 0.00 0.99 0.01 -0.01 -0.67 0.07 0.01 -0.00 1.02 0.03 -0.01 -1.32 -0.03 0 966
-0.01 0.01 0.98 0.00 -0.06 0.11 0.33 -0.09 0.00 1.01 -0.02 -0.01 0.09 0.09 -0.01 0.00 0.99 -0.01 0.00 -0.67 0.09 0.01 0.00 1.02 0.01 0.01 -1.29 0.02 0 966
-0.01 0.00 0.98 0.01 -0.06 0.12 0.30 -0.09 -0.00 1.00 0.01 -0.01 0.09 -0.01 -0.01 0.00 0.99 -0.00 0.02 -0.70 0.04 0.01 -0.00 1.02 0.01 -0.01 -1.29 -0.07 0 966
-0.00 0.00 0.99 0.02 -0.04 0.11 0.28 -0.09 0.00 1.00 -0.06 0.00 0.10 0.05 -0.02 0.00 0.99 0.01 0.00 -0.68 0.04 0.01 -0.00 1.02 0.01 0.01 -1.32 -0.04 0 966
-0.00 0.00 0.99 0.02 -0.07 0.09 0.31 -0.09 -0.00 1.01 -0.01 0.00 0.07 0.00 -0.01 0.00 0.99 -0.00 0.00 -0.67 0.08 0.01 -0.00 1.02 0.01 -0.01 -1.31 -0.04 0 950
-0.01 0.00 0.99 0.01 -0.06 0.08 0.26 -0.09 0.00 1.01 0.01 -0.00 0.08 0.05 -0.01 0.00 0.99 -0.00 -0.01 -0.67 0.02 0.01 -0.00 1.02 -0.00 -0.01 -1.31 -0.07 0 233
-0.01 0.00 0.99 -0.01 -0.03 0.09 0.29 -0.09 -0.00 1.00 -0.01 0.01 0.08 -0.02 -0.01 0.00 0.99 -0.00 -0.02 -0.68 0.02 0.01 0.00 1.02 -0.00 -0.01 -1.30 0.01 0 0
-0.01 0.01 0.99 -0.01 -0.06 0.12 0.34 -0.09 0.00 1.00 0.01 0.00 0.10 0.02 -0.01 0.00 0.99 0.01 -0.01 -0.63 0.05 0.01 0.00 1.02 -0.00 -0.03 -1.31 0.01 0 0
-0.01 0.00 0.99 -0.00 -0.06 0.10 0.31 -0.09 0.00 1.01 -0.03 -0.02 0.09 0.03 -0.01 0.00 0.99 0.01 -0.02 -0.67 0.01 0.01 -0.00 1.02 -0.00 -0.01 -1.29 -0.01 0 0
-0.01 0.00 0.99 0.00 -0.03 0.09 0.31 -0.09 0.00 1.01 -0.02 0.00 0.10 0.03 -0.02 0.00 0.99 0.01 0.00 -0.68 0.00 0.01 -0.00 1.02 -0.01 -0.01 -1.33 -0.01 0 0
-0.01 0.00 0.98 0.02 -0.03 0.08 0.28 -0.09 0.00 1.01 -0.03 -0.00 0.07 0.02 -0.01 0.00 0.99 0.01 -0.02 -0.68 0.06 0.01 -0.00 1.02 -0.00 -0.03 -1.31 -0.07 0 0
-0.01 0.00 0.98 0.03 -0.04 0.09 0.26 -0.09 0.00 1.01 -0.00 -0.01 0.08 0.06 -0.02 0.00 0.99 0.04 -0.01 -0.68 0.06 0.01 -0.00 1.02 0.02 -0.03 -1.31 -0.08 0 0
-0.01 0.00 0.98 0.02 -0.06 0.13 0.29 -0.09 -0.00 1.00 -0.00 -0.01 0.10 -0.00 -0.02 0.00 0.99 -0.00 -0.02 -0.68 0.10 0.01 0.00 1.02 0.02 -0.02 -1.29 0.02 0 0
-0.01 0.00 0.99 0.01 -0.06 0.08 0.27 -0.09 -0.00 1.01 0.01 -0.02 0.08 -0.01 -0.01 -0.00 0.99 -0.01 -0.02 -0.66 -0.01 0.01 -0.00 1.02 -0.00 0.00 -1.31 -0.07 0 0
-0.01 0.01 0.98 0.02 -0.04 0.10 0.34 -0.09 0.00 1.01 0.02 -0.02 0.10 0.03 -0.02 -0.00 0.99 -0.02 0.00 -0.68 -0.01 0.01 -0.00 1.02 -0.00 0.00 -1.32 -0.06 0 0
-0.01 0.01 0.99 0.02 -0.03 0.08 0.33 -0.09 0.00 1.00 -0.01 -0.00 0.10 0.01 -0.02 0.00 0.99 -0.01 0.01 -0.66 0.02 0.01 -0.00 1.02 -0.02 -0.02 -1.33 -0.08 0 0
-0.01 0.00 0.99 0.02 -0.04 0.10 0.31 -0.09 0.00 1.01 -0.00 0.01 0.08 0.03 -0.02 0.00 0.99 0.03 0.00 -0.65 0.03 0.01 -0.00 1.02 -0.00 -0.04 -1.33 -0.03 822 0
-0.01 0.00 0.99 0.00 -0.06 0.10 0.27 -0.09 0.00 1.01 0.01 -0.03 0.07 0.06 -0.01 0.00 0.99 0.01 0.00 -0.66 0.09 0.01 -0.00 1.02 -0.02 -0.01 -1.33 -0.08 934 0
-0.01 0.01 0.99 0.01 -0.08 0.10 0.36 -0.09 0.00 1.01 -0.00 0.01 0.09 0.01 -0.01 0.00 0.99 0.01 0.02 -0.66 0.03 0.01 -0.00 1.02 -0.02 -0.01 -1.29 -0.13 959 0
-0.01 0.01 0.99 -0.00 -0.08 0.08 0.34 -0.09 -0.00 1.01 0.01 -0.01 0.09 0.00 -0.02 0.00 0.99 0.01 0.01 -0.66 0.07 0.01 -0.00 1.02 0.01 0.02 -1.29 -0.04 961 0
-0.01 0.00 0.99 0.01 -0.06 0.08 0.27 -0.09 0.00 1.01 -0.02 -0.01 0.07 0.03 -0.01 0.00 0.99 0.01 0.01 -0.65 0.07 0.01 -0.00 1.02 0.01 -0.01 -1.32 -0.05 962 0
-0.01 0.00 0.99 0.03 -0.06 0.10 0.27 -0.09 0.00 1.00 -0.00 -0.00 0.07 0.01 -0.01 0.00 0.99 0.02 0.02 -0.68 0.09 0.01 -0.00 1.02 0.04 0.00 -1.33 -0.05 962 0
-0.01 0.00 0.99 0.03 -0.06 0.08 0.31 -0.09 0.00 1.01 0.01 -0.01 0.10 0.05 -0.01 0.00 0.99 0.01 0.00 -0.68 0.03 0.01 -0.00 1.02 0.01 -0.01 -1.33 -0.05 962 0
-0.01 0.01 0.99 0.01 -0.09 0.10 0.33 -0.09 0.00 1.00 0.01 -0.01 0.09 0.07 -0.02 -0.00 0.99 -0.01 -0.01 -0.68 -0.02 0.01 -0.00 1.02 0.01 -0.01 -1.32 -0.03 962 0
-0.01 0.00 0.99 0.01 -0.09 0.10 0.27 -0.09 -0.00 1.01 0.01 0.00 0.07 0.01 -0.02 0.00 0.99 -0.01 0.02 -0.66 0.01 0.01 -0.00 1.02 -0.00 -0.01 -1.31 -0.03 962 0
-0.01 0.00 0.99 0.02 -0.06 0.08 0.30 -0.09 0.00 1.00 -0.00 -0.00 0.08 0.06 -0.01 0.00 0.99 -0.00 -0.01 -0.66 0.06 0.01 -0.00 1.02 -0.01 -0.01 -1.30 -0.10 962 0
-0.01 0.00 0.99 0.02 -0.07 0.10 0.26 -0.09 -0.00 1.00 -0.05 0.00 0.10 -0.01 -0.02 0.00 0.99 0.01 -0.01 -0.66 0.06 0.01 -0.00 1.02 -0.00 -0.01 -1.29 -0.08 959 0
-0.01 0.01 0.99 0.01 -0.02 0.08 0.32 -0.09 0.00 1.00 -0.04 -0.01 0.10 0.04 -0.02 0.00 0.99 0.01 -0.01 -0.66 0.07 0.01 -0.00 1.02 -0.00 -0.01 -1.31 -0.05 961 0
-0.01 0.00 0.99 0.04 -0.02 0.10 0.27 -0.09 0.00 1.00 0.02 -0.00 0.09 0.02 -0.01 -0.00 0.99 -0.00 -0.01 -0.71 0.00 0.01 0.00 1.02 0.01 0.00 -1.31 0.00 962 0
-0.01 0.00 0.99 -0.01 -0.05 0.12 0.31 -0.09 0.00 1.01 -0.02 -0.02 0.08 0.07 -0.01 0.00 0.99 0.01 0.02 -0.68 0.07 0.01 -0.00 1.02 -0.02 -0.01 -1.29 -0.06 957 0
-0.01 0.01 0.99 -0.00 -0.07 0.11 0.34 -0.09 0.00 1.01 -0.00 -0.02 0.07 0.02 -0.02 0.00 0.99 0.03 -0.02 -0.66 0.06 0.01 -0.00 1.02 -0.00 -0.04 -1.32 -0.01 870 0
-0.01 0.00 0.98 0.00 -0.06 0.08 0.26 -0.09 0.00 1.00 -0.02 -0.01 0.09 0.03 -0.02 0.00 0.99 -0.00 -0.01 -0.67 0.13 0.01 -0.00 1.02 0.01 0.01 -1.31 -0.05 0 0
-0.01 0.00 0.99 -0.02 -0.03 0.09 0.30 -0.09 0.00 1.00 -0.02 -0.00 0.07 0.05 -0.02 -0.00 0.99 0.04 0.03 -0.68 -0.01 0.01 -0.00 1.02 -0.01 -0.01 -1.32 -0.07 0 0
-0.00 0.00 0.99 -0.00 -0.05 0.09 0.28 -0.09 0.00 1.01 -0.04 0.00 0.10 0.02 -0.02 0.00 0.99 0.01 -0.01 -0.72 0.04 0.01 0.00 1.02 0.01 0.01 -1.33 0.01 0 0
-0.01 0.00 0.99 0.04 -0.06 0.11 0.30 -0.09 0.00 1.01 -0.01 0.02 0.10 0.05 -0.01 0.00 0.99 -0.00 -0.01 -0.66 0.05 0.01 0.00 1.02 -0.00 0.01 -1.31 0.01 0 0
-0.01 0.00 0.98 0.01 -0.00 0.09 0.27 -0.09 -0.00 1.00 0.03 0.00 0.08 0.00 -0.02 0.00 0.99 -0.02 -0.01 -0.68 0.06 0.01 -0.00 1.02 -0.00 -0.02 -1.32 -0.06 0 0
-0.01 0.00 0.99 0.01 -0.05 0.08 0.30 -0.09 0.00 1.00 -0.00 -0.02 0.07 0.01 -0.01 0.00 0.99 -0.00 0.03 -0.64 0.04 0.01 -0.00 1.02 0.01 -0.01 -1.32 -0.06 0 0
-0.01 0.00 0.98 0.01 -0.04 0.10 0.32 -0.09 0.00 1.00 -0.05 0.01 0.07 0.03 -0.02 0.00 0.99 -0.00 -0.02 -0.66 0.07 0.01 -0.00 1.02 0.02 -0.03 -1.33 -0.14 0 0
-0.01 0.00 0.99 0.03 -0.02 0.13 0.30 -0.09 0.00 1.01 0.02 -0.01 0.07 0.02 -0.01 0.00 0.99 -0.00 0.01 -0.68 0.08 0.01 -0.00 1.02 0.01 -0.02 -1.33 -0.06 0 0
-0.01 0.00 0.98 0.02 -0.03 0.11 0.30 -0.09 -0.00 1.00 0.01 -0.02 0.10 -0.01 -0.01 0.00 0.99 0.01 0.02 -0.68 0.05 0.01 -0.00 1.02 0.01 -0.02 -1.31 -0.04 0 0
-0.01 0.01 0.99 0.03 -0.04 0.08 0.34 -0.09 -0.00 1.01 0.02 0.01 0.10 -0.00 -0.01 -0.00 0.99 0.01 0.01 -0.68 0.00 0.01 -0.00 1.02 0.01 0.02 -1.33 -0.02 0 0
-0.01 0.00 0.99 0.00 -0.02 0.10 0.30 -0.09 -0.00 1.00 0.01 -0.02 0.08 -0.02 -0.02 0.00 0.99 -0.00 0.02 -0.67 0.02 0.01 -0.00 1.02 0.01 0.01 -1.35 -0.08 0 0
-0.01 0.00 0.99 -0.00 -0.04 0.07 0.28 -0.09 0.00 1.00 0.01 -0.00 0.07 0.09 -0.01 0.00 0.99 -0.00 0.00 -0.68 0.01 0.01 0.00 1.02 -0.00 0.00 -1.29 0.03 0 0
-0.01 0.00 0.98 0.01 -0.06 0.09 0.28 -0.09 0.00 1.00 0.01 -0.03 0.07 0.02 -0.02 0.00 0.99 0.01 -0.01 -0.65 0.06 0.01 0.00 1.02 0.01 0.01 -1.33 0.02 0 0