0.08 -0.04 -0.05 -0.04 0 0
0.07 -0.03 -0.04 -0.01 0 0
0.08 -0.05 0.01 0.05 0 0
0.11 0.02 -0.02 0.00 0 0
0.09 -0.03 -0.01 0.01 0 0
0.12 -0.03 0.00 0.03 0 0
0.14 -0.06 -0.00 -0.01 0 0
0.11 -0.07 -0.03 0.04 0 0
0.08 0.01 -0.04 0.03 0 0
0.11 -0.01 0.01 0.01 0 0
0.12 0.03 -0.04 -0.04 0 0
0.11 0.00 -0.03 0.01 0 0
0.16 -0.04 0.01 -0.00 0 0
0.11 0.01 -0.02 0.06 0 0
0.12 -0.02 0.00 -0.00 0 0
0.15 0.00 -0.00 0.02 0 0
0.14 0.03 -0.03 0.05 0 0
0.08 -0.03 0.01 -0.01 0 0
0.06 -0.06 0.01 0.03 0 0
0.10 -0.01 -0.00 0.04 0 0
0.09 -0.04 -0.02 0.05 0 0
0.11 -0.03 -0.03 0.02 0 0
0.15 -0.01 0.03 -0.02 0 0
0.14 -0.00 -0.00 0.08 0 0
0.08 0.02 -0.03 0.07 0 0
0.16 0.02 0.03 0.01 0 0
0.16 0.04 -0.01 -0.08 0 0
0.11 -0.00 0.02 0.04 0 0
0.14 -0.02 0.03 -0.01 0 0
0.15 0.02 0.05 -0.00 0 0
0.09 0.04 0.04 -0.03 0 0
0.14 0.01 0.06 -0.02 0 0
0.15 -0.01 0.03 0.02 0 0
0.16 -0.04 0.03 0.02 0 0
0.18 -0.03 -0.01 0.03 0 0
0.15 -0.02 0.00 -0.02 0 0
0.14 0.00 -0.00 -0.01 0 0
0.14 0.02 0.05 0.04 0 0
0.13 -0.02 0.00 -0.05 0 0
0.15 -0.07 -0.03 -0.02 0 0
0.17 -0.00 -0.00 0.04 0 0
0.16 -0.02 -0.03 0.03 0 0
0.12 0.01 -0.07 0.02 0 0
0.12 0.00 -0.04 0.03 0 0
0.15 0.01 -0.04 -0.03 0 0
0.17 -0.03 -0.03 -0.03 0 0
0.14 -0.01 0.01 0.01 0 0
0.13 0.01 -0.03 -0.00 0 0
0.13 -0.01 -0.06 0.02 0 0
0.20 -0.01 0.02 0.04 0 0
0.19 -0.04 0.02 -0.03 0 0
0.11 -0.04 0.04 -0.03 0 0
0.12 -0.02 0.01 -0.03 0 0
0.14 -0.02 0.03 0.01 0 0
0.15 0.01 0.03 0.03 0 0
0.11 -0.04 0.03 -0.05 0 0
0.16 0.00 -0.00 -0.09 0 0
0.13 0.02 -0.02 -0.05 0 0
0.10 0.03 0.01 0.03 0 0
0.13 0.00 -0.00 0.02 0 0
0.15 -0.02 0.04 0.01 0 0
0.08 0.02 0.05 0.00 0 0
0.13 -0.02 -0.02 0.00 0 0
0.15 -0.07 -0.02 -0.00 0 0
0.13 -0.02 -0.03 0.03 0 0
0.12 0.02 -0.04 0.01 0 0
0.17 -0.03 0.01 -0.07 0 0
0.11 0.01 0.00 0.03 0 0
0.13 0.02 0.05 -0.00 0 0
0.10 -0.03 0.05 0.03 0 0
0.13 -0.03 -0.01 -0.01 0 0
0.15 -0.00 0.02 -0.03 0 0
0.16 -0.02 0.05 0.03 0 0
0.09 0.00 -0.01 0.07 0 0
0.16 0.07 -0.04 -0.02 0 0
0.13 -0.01 -0.04 0.00 0 0
0.13 -0.04 0.04 0.04 0 0
0.17 -0.01 -0.01 0.06 0 0
0.14 -0.01 -0.05 0.03 0 0
0.13 -0.01 -0.02 0.06 0 0
0.12 0.03 -0.02 0.03 0 0
0.09 0.00 -0.07 -0.00 0 0
0.10 -0.06 0.02 0.03 0 0
0.11 -0.05 -0.05 0.01 0 0
0.10 -0.05 -0.00 0.11 0 0
0.12 -0.06 0.04 0.06 0 0
0.12 0.02 0.03 0.00 0 0
0.16 -0.03 0.06 0.01 0 0
0.15 -0.02 -0.02 0.00 0 0
0.12 -0.06 0.01 0.07 0 0
0.10 0.01 -0.01 0.05 0 0
0.10 -0.01 -0.03 0.04 0 0
0.12 0.02 -0.03 0.02 0 0
0.15 0.04 -0.04 0.07 0 0
0.13 -0.05 -0.01 0.02 0 0
0.13 -0.03 0.06 0.03 0 0
0.14 -0.02 0.04 0.04 0 0
0.15 -0.00 -0.06 0.02 0 0
0.13 -0.03 0.00 0.03 0 0
0.15 0.00 0.02 0.06 0 0
0.22 -0.00 -0.02 0.04 0 0
0.20 -0.02 -0.08 0.01 0 0
0.15 -0.01 -0.03 0.08 0 0
0.11 -0.01 -0.04 0.06 0 0
0.12 -0.04 -0.04 0.02 0 0
0.16 0.03 -0.01 -0.03 0 0
0.14 0.06 0.02 0.04 0 0
0.06 -0.01 0.00 0.05 0 0
0.10 -0.02 -0.04 0.07 0 0
0.12 -0.09 -0.02 0.03 0 0
0.14 -0.07 -0.05 0.02 0 0
0.15 -0.05 -0.04 -0.03 0 0
0.14 -0.04 -0.04 -0.06 0 0
0.14 -0.03 0.02 -0.02 0 0
0.15 -0.00 -0.02 0.02 0 0
0.21 0.01 -0.03 -0.02 0 0
0.13 -0.10 -0.01 0.02 0 0
0.12 -0.06 -0.02 -0.02 0 0
0.17 -0.02 -0.03 0.02 0 0
0.12 0.04 -0.00 -0.02 0 0
0.15 0.02 -0.02 0.06 0 0
0.13 0.04 -0.03 0.04 0 0
0.15 -0.04 0.03 0.02 0 0
0.11 -0.05 0.03 0.06 0 0
0.10 -0.01 0.03 0.07 0 0
0.09 -0.05 -0.00 0.03 0 0
0.19 -0.02 -0.00 0.01 0 0
0.15 -0.02 -0.00 -0.02 0 0
0.13 0.03 -0.03 -0.03 0 0
0.20 0.05 0.01 -0.05 0 0
0.19 -0.06 -0.04 -0.09 0 0
0.14 -0.06 -0.01 0.04 0 0
0.14 -0.01 -0.01 -0.02 0 0
0.11 -0.03 -0.04 -0.05 0 0
0.15 0.01 0.04 -0.02 0 0
0.08 -0.09 0.01 -0.04 0 0
0.10 -0.01 0.05 -0.01 0 0
0.14 0.05 0.03 0.04 0 0
0.15 -0.02 -0.01 -0.02 0 0
0.16 -0.02 0.05 0.02 0 0
0.21 -0.00 0.04 0.03 0 0
0.16 0.02 0.07 0.03 0 0
0.10 -0.01 0.00 0.04 0 0
0.07 -0.05 0.01 0.02 0 0
0.10 0.01 -0.00 0.02 0 0
0.11 -0.03 -0.03 0.01 0 0
0.07 -0.00 -0.01 0.03 0 0
0.11 -0.06 -0.01 0.05 0 0
0.16 0.06 0.03 0.04 0 0
0.12 -0.02 -0.04 -0.01 0 0
0.13 -0.06 -0.05 -0.02 0 0
0.12 -0.03 -0.02 -0.02 0 0
0.10 -0.07 -0.01 0.02 0 0
0.16 -0.06 0.05 0.01 0 0
0.11 -0.03 0.00 0.02 0 0
0.13 -0.02 0.00 0.04 0 0
0.10 -0.02 0.04 -0.03 0 0
0.12 -0.04 0.03 0.02 0 0
0.14 -0.00 -0.00 -0.01 0 0
0.13 -0.01 0.00 -0.05 0 0
0.10 -0.01 0.01 -0.06 0 0
0.12 0.01 -0.04 -0.02 0 0
0.16 0.01 0.01 0.04 0 0
0.18 -0.03 0.02 0.01 0 0
0.14 0.00 -0.03 -0.03 0 0
0.15 0.01 -0.07 0.00 0 0
0.09 -0.01 -0.03 0.02 0 0
0.13 -0.04 -0.06 -0.00 0 0
0.18 -0.04 -0.02 0.02 0 0
0.17 -0.05 0.04 -0.00 0 0
0.14 -0.03 -0.02 -0.04 0 0
0.20 -0.00 0.00 -0.01 0 0
0.20 0.01 -0.03 -0.07 0 0
0.20 0.05 0.00 0.01 0 0
0.23 -0.00 0.01 0.05 0 0
0.16 -0.02 -0.02 0.06 0 0
0.14 -0.02 0.01 0.05 0 0
0.08 0.02 0.03 -0.05 0 0
0.11 -0.01 0.01 -0.01 0 0
0.12 0.05 -0.02 -0.01 0 0
0.14 0.02 -0.01 0.04 0 0
0.15 0.01 -0.03 0.04 0 0
0.11 -0.02 -0.01 0.08 0 0
0.12 0.02 -0.03 0.05 0 0
0.12 0.01 0.02 -0.01 0 0
0.15 -0.02 -0.02 0.05 0 0
0.11 0.01 0.03 0.02 0 0
0.10 0.03 0.03 0.00 0 0
0.16 -0.05 0.01 0.01 0 0
0.09 -0.03 -0.02 0.02 0 0
0.16 0.00 -0.01 -0.03 0 0
0.14 0.05 0.00 0.02 0 0
0.17 -0.02 -0.03 -0.02 0 0
0.12 -0.04 -0.04 0.06 0 0
0.09 -0.05 -0.07 -0.02 0 0
0.12 -0.05 0.01 -0.01 0 0
0.08 0.01 -0.06 -0.07 0 0
0.11 0.08 -0.03 -0.03 0 0
0.12 0.03 -0.01 -0.03 0 0
0.11 -0.01 0.04 -0.03 0 0
0.10 -0.01 0.02 0.04 0 0
0.12 0.02 0.00 -0.01 0 0
0.10 0.01 -0.04 -0.00 0 0
0.09 -0.02 -0.04 0.04 0 0
0.11 -0.04 0.02 -0.07 0 0
0.10 -0.08 0.03 0.02 0 0
0.12 -0.04 0.03 -0.03 0 0
0.15 -0.01 0.05 0.03 0 0
0.14 -0.02 0.00 0.01 0 0
0.17 -0.04 -0.02 0.00 0 0
0.19 -0.03 0.00 0.02 0 0
0.13 0.03 -0.04 -0.04 0 0
0.14 -0.01 0.01 0.01 0 0
0.14 -0.02 0.08 0.00 0 0
0.10 -0.07 0.09 0.02 0 0
0.09 -0.03 0.02 0.05 0 0
0.11 -0.04 -0.01 -0.02 0 0
0.14 0.01 -0.01 0.00 0 0
0.13 0.01 -0.01 -0.02 0 0
0.17 0.03 0.04 0.00 0 0
0.19 -0.03 -0.10 -0.04 0 0
0.13 -0.01 -0.08 -0.01 0 0
0.16 0.00 -0.04 -0.02 0 0
0.12 -0.00 -0.09 -0.01 0 0
0.10 0.03 -0.08 -0.02 0 0
0.07 -0.01 -0.03 0.04 0 0
0.11 -0.00 0.01 0.03 0 0
0.11 0.03 -0.05 -0.01 0 0
0.18 -0.02 -0.03 0.01 0 0
0.16 0.03 -0.01 -0.01 0 0
0.17 0.04 -0.01 0.00 0 0
0.13 -0.04 0.01 0.00 0 0
0.10 -0.03 -0.01 -0.05 0 0
0.12 0.02 -0.05 -0.02 0 0
0.12 0.04 -0.03 0.00 0 0
0.17 -0.03 -0.02 -0.02 0 0
0.15 -0.05 -0.01 -0.05 0 0
0.07 -0.04 -0.01 -0.00 0 0
0.08 0.01 -0.05 0.07 0 0
0.16 -0.02 -0.02 -0.05 0 0
0.14 -0.00 -0.05 0.03 0 0
0.12 0.01 -0.02 -0.01 0 0
0.12 -0.06 -0.03 -0.03 0 0
0.17 -0.03 0.02 -0.03 0 0
0.11 -0.02 -0.00 -0.01 0 0
0.10 -0.00 -0.05 -0.05 0 0
0.19 -0.04 -0.02 0.01 0 0
0.14 -0.00 -0.03 -0.02 0 0
0.17 -0.03 -0.02 -0.01 0 0
0.14 0.07 -0.01 -0.04 0 0
0.15 0.02 -0.01 -0.08 0 0
0.13 0.02 0.00 -0.02 0 0
0.14 -0.03 -0.04 0.00 0 0
0.15 -0.03 -0.03 -0.04 0 0
0.15 0.00 0.01 0.01 0 0
0.16 -0.01 -0.00 -0.02 0 0
0.13 -0.04 -0.03 0.04 0 0
0.10 -0.01 -0.02 0.02 0 0
0.14 -0.01 -0.01 0.04 0 0
0.17 0.01 0.01 -0.03 0 0
0.17 -0.01 0.02 0.02 0 0
0.14 0.04 -0.01 0.01 0 0
0.18 0.00 -0.02 -0.01 0 0
0.14 -0.01 -0.03 -0.01 0 0
0.15 -0.02 -0.01 -0.00 0 0
0.12 -0.03 -0.01 0.04 0 0
0.08 -0.01 -0.03 0.04 0 0
0.13 -0.04 -0.02 0.01 0 0
0.13 -0.00 -0.03 0.04 0 0
0.12 0.03 -0.06 0.02 0 0
0.17 0.02 -0.02 0.02 0 0
0.20 -0.02 -0.01 0.02 0 0
0.15 -0.02 -0.04 -0.02 0 0
0.13 -0.05 0.01 -0.05 0 0
0.08 0.00 0.02 -0.03 0 0
0.13 0.01 0.03 -0.10 0 0
0.12 0.02 -0.03 -0.04 0 0
0.14 0.00 -0.08 0.03 0 0
0.17 0.01 0.00 0.01 0 0
0.11 0.00 0.02 -0.02 0 0
0.12 -0.05 0.04 -0.04 0 0
0.14 -0.02 0.02 -0.03 0 0
0.15 -0.03 0.01 0.01 0 0
0.14 -0.03 -0.02 0.03 0 0
0.15 -0.05 -0.01 -0.01 0 0
0.11 -0.08 0.02 0.00 0 0
0.12 -0.04 0.00 0.00 0 0
0.15 -0.03 -0.04 -0.00 0 0
0.16 0.02 -0.02 -0.02 0 0
0.11 0.01 0.03 -0.03 0 0
0.19 -0.00 0.01 -0.03 0 0
0.19 -0.04 0.04 -0.01 0 0
0.14 -0.04 -0.01 0.01 0 0
0.13 -0.04 0.00 0.00 0 0
0.14 0.02 0.02 -0.00 0 0
0.12 0.04 -0.03 0.01 0 0
0.14 0.03 0.01 0.07 0 0
0.11 -0.03 0.01 0.01 0 0
0.17 -0.04 -0.01 0.00 0 0
0.16 0.03 -0.01 -0.00 0 0
0.11 -0.01 -0.02 -0.01 0 0
0.11 -0.04 0.01 0.02 0 0
0.16 -0.07 0.02 0.02 0 0
0.16 -0.01 0.02 0.04 0 0
0.21 -0.06 -0.00 0.03 0 0
0.20 0.02 0.01 0.07 0 0
0.14 0.06 0.02 0.07 0 0
0.14 -0.07 0.00 0.01 0 0
0.15 0.04 -0.01 -0.03 0 0
0.16 0.03 0.02 0.06 0 0
0.13 0.04 0.03 0.05 0 0
0.13 -0.05 0.03 0.04 0 0
0.12 0.01 -0.00 0.05 0 0
0.12 -0.00 -0.03 0.04 0 0
0.13 -0.03 -0.04 0.06 0 0
0.16 -0.05 0.02 -0.03 0 0
0.15 -0.05 0.01 -0.01 0 0
0.11 -0.01 0.06 -0.00 0 0
0.15 0.00 -0.02 -0.00 0 0
0.16 -0.08 -0.02 0.07 0 0
0.12 -0.06 -0.01 0.02 0 0
0.14 0.01 -0.01 -0.02 0 0
0.16 0.01 -0.03 -0.05 0 0
0.16 0.01 -0.00 -0.02 0 0
0.13 -0.01 -0.00 0.03 0 0
0.13 0.03 -0.00 0.01 0 0
0.06 -0.00 -0.02 0.02 0 0
0.15 0.02 -0.09 -0.00 0 0
0.20 -0.01 -0.05 -0.02 0 0
0.18 0.02 -0.05 -0.04 0 0
0.19 -0.03 -0.05 0.01 0 0
0.17 -0.03 -0.01 -0.04 0 0
0.08 0.05 -0.02 0.02 0 0
0.18 0.03 0.00 -0.04 0 0
0.17 0.03 0.00 -0.05 0 0
0.14 0.04 -0.04 -0.00 0 0
0.13 0.01 -0.07 0.01 0 0
0.13 0.02 -0.01 -0.04 0 0
0.13 0.04 -0.01 -0.01 0 0
0.14 0.01 0.01 -0.00 0 0
0.15 -0.02 -0.00 -0.05 0 0
0.16 0.02 -0.06 -0.00 0 0
0.17 -0.03 -0.03 0.02 0 0
0.18 -0.05 -0.01 0.05 0 0
0.08 -0.09 -0.01 0.06 0 0
0.10 -0.00 0.00 0.07 0 0
0.14 -0.00 -0.03 0.05 0 0
0.13 -0.03 -0.03 -0.02 0 0
0.15 -0.02 -0.00 0.01 0 0
0.17 -0.02 -0.00 -0.02 0 0
0.13 -0.00 -0.07 0.05 0 0
0.13 -0.04 -0.02 -0.08 0 0
0.13 -0.01 0.03 -0.03 0 0
0.14 -0.01 0.02 0.01 0 0
0.15 -0.01 0.03 -0.01 0 0
0.15 -0.02 0.03 -0.03 0 0
0.12 -0.07 -0.02 0.01 0 0
0.13 -0.11 -0.02 0.01 0 0
0.16 -0.05 0.01 -0.01 0 0
0.15 0.01 0.00 0.05 0 0
0.12 0.01 0.00 0.01 0 0
0.15 -0.04 -0.03 -0.04 0 0
0.15 -0.01 -0.01 -0.05 0 0
0.12 0.03 -0.01 -0.04 0 0
0.17 -0.01 0.00 0.03 0 0
0.19 -0.02 0.04 0.02 0 0
0.17 -0.04 -0.05 -0.02 0 0
0.12 -0.03 -0.02 -0.02 0 0
0.15 -0.04 -0.01 0.02 0 0
0.16 -0.06 0.01 0.04 0 0
0.16 -0.03 -0.04 0.01 0 0
0.17 -0.05 -0.00 -0.04 0 0
0.14 0.01 0.00 -0.01 0 0
0.18 -0.01 -0.05 -0.03 0 0
0.12 0.01 -0.03 -0.03 0 0
0.15 -0.03 -0.00 -0.07 0 0
0.17 -0.04 -0.02 0.03 0 0
0.12 0.00 -0.01 0.03 0 0
0.15 -0.01 0.04 -0.00 0 0
0.18 -0.07 -0.00 0.05 0 0
0.17 -0.04 -0.02 0.01 0 0
0.16 -0.05 -0.02 0.06 0 0
0.15 -0.09 0.04 -0.01 0 0
0.13 -0.07 0.06 -0.03 0 0
0.16 -0.06 0.05 -0.06 0 0
0.14 -0.06 -0.01 -0.06 0 0
0.13 -0.05 -0.05 0.02 0 0
0.13 -0.06 -0.05 0.03 0 0
0.10 -0.02 0.05 0.02 0 0
0.12 0.03 0.01 0.03 0 0
0.16 0.00 -0.04 -0.00 0 0
0.12 0.06 -0.04 -0.02 0 0
0.08 0.03 0.01 0.02 0 0
0.11 -0.05 0.01 -0.04 0 0
0.14 -0.07 0.01 -0.06 0 0
0.13 -0.02 -0.03 -0.02 0 0
0.11 0.01 -0.01 0.05 0 0
0.15 -0.03 0.00 0.02 0 0
0.17 -0.02 0.02 0.01 0 0
0.12 0.00 -0.06 0.04 0 0
0.15 -0.01 0.01 0.04 0 0
0.15 -0.04 0.00 -0.03 0 0
0.20 -0.08 -0.03 0.05 0 0
0.20 -0.02 -0.05 0.01 0 0
0.13 -0.05 -0.03 0.04 0 0
0.15 -0.06 -0.02 0.03 0 0
0.14 0.01 0.00 0.01 0 0
0.14 0.03 -0.06 0.05 0 0
0.11 -0.01 -0.05 0.01 0 0
0.16 -0.06 -0.06 -0.00 0 0
0.14 0.01 -0.07 0.01 0 0
0.15 -0.05 -0.07 0.03 0 0
0.16 -0.01 -0.00 -0.02 0 0
0.11 0.01 0.02 -0.05 0 0
0.11 0.01 -0.02 -0.01 0 0
0.15 0.03 0.01 0.02 0 0
0.15 0.04 -0.02 0.03 0 0
0.09 -0.04 0.01 -0.07 0 0
0.13 -0.01 -0.02 0.04 0 0
0.17 0.03 0.01 -0.05 0 0
0.15 0.04 -0.05 -0.01 0 0
0.16 0.05 -0.03 -0.05 0 0
0.15 0.07 -0.04 -0.00 0 0
0.06 -0.02 -0.07 -0.03 0 0
0.09 -0.02 -0.02 0.00 0 0
0.17 -0.02 -0.01 0.03 0 0
0.13 -0.03 -0.03 -0.02 0 0
0.14 0.00 -0.03 0.00 0 0
0.11 -0.08 -0.03 -0.03 0 0
0.09 -0.05 0.03 0.04 0 0
0.09 0.04 0.01 -0.01 0 0
0.13 0.09 0.01 0.02 0 0
0.13 0.05 0.03 0.01 0 0
0.10 0.00 0.06 -0.04 0 0
0.12 -0.01 0.03 -0.01 0 0
0.12 0.00 -0.02 0.07 0 0
0.11 -0.00 -0.04 0.08 0 0
0.17 -0.01 -0.04 0.01 0 0
0.18 -0.04 -0.02 -0.00 0 0
0.18 -0.01 -0.01 0.00 0 0
0.14 -0.01 -0.04 -0.01 0 0
0.17 -0.04 -0.04 0.04 0 0
0.14 0.01 -0.02 -0.01 0 0
0.17 -0.01 -0.01 0.00 0 0
0.14 0.00 -0.05 -0.02 0 0
0.13 -0.04 -0.04 -0.03 0 0
0.15 -0.05 0.03 -0.08 0 0
0.15 -0.01 -0.00 0.00 0 0
0.11 -0.02 0.00 0.06 0 0
0.11 -0.00 0.02 0.02 0 0
0.14 -0.02 0.03 0.04 0 0
0.13 -0.02 -0.02 -0.03 0 0
0.11 0.01 0.02 -0.01 0 0
0.13 0.01 0.01 0.04 0 0
0.17 0.06 -0.03 -0.01 0 0
0.16 0.00 0.03 -0.00 0 0
0.12 -0.01 -0.02 -0.01 0 0
0.14 0.03 0.01 0.01 0 0
0.06 0.02 -0.04 0.01 0 0
0.09 -0.05 -0.02 0.03 0 0
0.13 -0.03 -0.02 -0.01 0 0
0.13 -0.05 -0.07 0.02 0 0
0.13 -0.01 -0.01 0.03 0 0
0.10 -0.04 -0.01 0.02 0 0
0.12 -0.01 -0.01 -0.03 0 0
0.15 -0.00 -0.04 -0.04 0 0
0.14 -0.02 -0.04 -0.03 0 0
0.11 -0.02 -0.06 -0.04 0 0
0.11 -0.03 -0.00 -0.01 0 0
0.11 -0.00 0.01 -0.04 0 0
0.15 -0.00 -0.02 -0.06 0 0
0.19 -0.01 0.03 -0.02 0 0
0.22 -0.05 0.05 0.03 0 0
0.15 0.03 -0.02 0.02 0 0
0.15 0.02 0.01 0.03 0 0
0.13 -0.01 -0.01 0.01 0 0
0.15 -0.01 0.00 0.05 0 0
0.13 -0.04 -0.00 -0.01 0 0
0.15 -0.02 -0.05 -0.02 0 0
0.13 -0.02 -0.02 0.04 0 0
0.15 0.03 0.01 -0.01 0 0
0.11 -0.05 -0.03 -0.02 0 0
0.10 0.00 -0.01 -0.05 0 0
0.16 0.02 -0.01 -0.05 0 0
0.11 -0.05 -0.01 -0.07 0 0
0.08 -0.10 0.01 -0.02 0 0
0.13 -0.07 -0.02 -0.03 0 0
0.12 -0.11 -0.05 -0.02 0 0
0.14 0.01 -0.06 -0.08 0 0
0.13 -0.03 -0.02 0.00 0 0
0.11 -0.07 -0.03 -0.06 0 0
0.14 -0.08 -0.03 -0.02 0 0
0.15 -0.08 -0.02 -0.11 0 0
0.18 -0.04 -0.01 -0.06 0 0
0.16 -0.04 0.02 0.00 0 0
0.15 -0.00 -0.02 0.03 0 0
0.16 -0.03 0.04 -0.01 0 0
0.12 0.01 -0.00 -0.01 0 0
0.06 0.01 0.05 0.03 0 0
0.14 0.04 0.01 -0.04 0 0
0.12 -0.05 0.05 0.08 0 0
0.10 -0.03 -0.01 0.06 0 0
0.14 0.02 0.01 0.07 0 0
0.13 0.02 0.05 0.02 0 0
0.13 0.01 -0.03 -0.04 0 0
0.11 0.01 0.01 -0.01 0 0
0.12 0.01 0.05 0.01 0 0
0.10 -0.04 0.05 0.03 0 0
0.15 -0.01 -0.03 -0.01 0 0
0.13 -0.03 -0.06 0.04 0 0
0.08 -0.05 0.00 -0.01 0 0
0.10 -0.01 0.00 -0.05 0 0
0.13 -0.07 -0.02 0.01 0 0
0.10 -0.04 -0.04 -0.04 0 0
0.15 -0.07 -0.06 0.01 0 0
0.13 0.01 -0.02 -0.01 0 0
0.17 0.04 -0.03 -0.00 0 0
0.19 0.03 -0.04 0.03 0 0
0.15 -0.01 -0.02 0.05 0 0
0.16 -0.00 -0.05 -0.01 0 0
0.15 0.01 -0.03 0.00 0 0
0.13 0.01 0.02 0.01 0 0
0.18 0.03 -0.04 -0.01 0 0
0.15 0.00 -0.02 -0.03 0 0
0.16 0.03 -0.01 0.01 0 0
0.17 -0.03 0.03 -0.05 0 0
0.16 -0.04 -0.04 0.03 0 0
0.11 -0.05 0.01 0.02 0 0
0.09 -0.06 0.03 0.04 0 0
0.15 -0.01 0.01 0.02 0 0
0.11 0.01 -0.02 0.01 0 0
0.17 -0.06 -0.01 0.01 0 0
0.21 -0.02 0.08 0.07 0 0
0.15 -0.00 -0.00 0.02 0 0
0.12 0.01 0.01 0.03 0 0
0.16 -0.01 -0.01 -0.04 0 0
0.11 -0.02 -0.06 -0.01 0 0
0.10 -0.06 -0.01 -0.01 0 0
0.14 -0.03 0.00 -0.00 0 0
0.13 -0.06 0.02 -0.04 0 0
0.18 0.00 0.00 -0.00 0 0
0.26 -0.01 0.02 0.02 0 0
0.15 -0.10 -0.04 -0.00 0 0
0.18 -0.04 -0.04 0.02 0 0
0.19 -0.02 -0.02 -0.02 0 0
0.17 -0.04 -0.02 0.02 0 0
0.16 0.00 -0.10 -0.00 0 0
0.13 0.06 -0.02 -0.07 0 0
0.07 0.01 0.01 -0.02 0 0
0.11 -0.02 -0.03 -0.03 0 0
0.13 -0.02 -0.05 -0.01 0 0
0.13 -0.00 -0.01 -0.03 0 0
0.17 0.05 -0.02 0.05 0 0
0.16 0.03 0.02 0.05 0 0
0.14 0.01 0.03 0.06 0 0
0.12 -0.02 -0.02 -0.01 0 0
0.16 -0.03 0.00 0.02 0 0
0.14 -0.02 -0.00 0.01 0 0
0.18 -0.01 0.01 -0.05 0 0
0.17 -0.03 -0.02 -0.01 0 0
0.17 0.00 -0.01 0.01 0 0
0.18 -0.01 -0.03 0.05 0 0
0.12 0.04 -0.01 0.06 0 0
0.12 -0.04 0.02 0.06 0 0
0.15 -0.04 -0.04 0.00 0 0
0.21 0.03 -0.03 0.00 0 0
0.15 -0.00 -0.04 -0.01 0 0
0.11 -0.03 -0.03 0.00 0 0
0.11 -0.05 -0.01 -0.06 0 0
0.13 -0.01 -0.01 -0.01 0 0
0.14 0.00 -0.03 -0.00 0 0
0.13 -0.04 -0.05 0.02 0 0
0.14 -0.00 -0.04 -0.08 0 0
0.15 -0.04 -0.07 0.06 0 0
0.15 -0.02 -0.05 0.01 0 0
0.16 0.03 -0.09 0.06 0 0
0.23 -0.02 -0.10 -0.05 0 0
0.14 0.03 -0.15 -0.06 0 0
0.13 -0.03 -0.03 -0.04 0 0
0.13 -0.04 -0.02 0.01 0 0
0.13 0.02 -0.03 -0.04 0 0
0.11 0.01 -0.06 0.02 0 0
0.13 0.02 -0.02 -0.02 0 0
0.16 -0.01 -0.02 0.01 0 0
0.11 -0.02 -0.06 -0.02 0 0
0.06 -0.03 -0.08 0.02 0 0
0.12 -0.00 -0.06 -0.07 0 0
0.12 0.01 0.01 -0.04 0 0
0.15 0.01 0.01 -0.07 0 0
0.12 -0.04 -0.04 0.00 0 0
0.12 0.01 -0.02 0.01 0 0
0.12 0.03 0.02 0.05 0 0
0.12 0.00 -0.01 0.06 0 0
0.08 -0.03 -0.08 0.05 0 0
0.15 -0.07 -0.02 0.01 0 0
0.12 -0.03 -0.08 0.05 0 0
0.15 -0.06 -0.05 0.06 0 0
0.16 -0.02 0.01 -0.02 0 0
0.13 0.03 -0.02 0.03 0 0
0.14 -0.02 -0.03 0.03 0 0
0.18 -0.03 -0.04 -0.01 0 0
0.15 -0.02 -0.00 0.07 0 0
0.23 -0.04 -0.02 0.00 0 0
0.13 -0.01 0.00 0.02 0 0
0.16 -0.02 -0.05 0.05 0 0
0.08 -0.02 -0.04 0.00 0 0
0.11 -0.01 -0.00 0.01 0 0
0.20 -0.02 0.01 -0.00 0 0
0.16 0.05 0.00 0.01 0 0
0.12 0.06 0.01 0.03 0 0
0.12 -0.00 -0.01 0.01 0 0
0.10 -0.05 0.00 0.05 0 0
0.10 -0.01 -0.01 -0.03 0 0
0.12 -0.01 -0.05 0.00 0 0
0.10 -0.04 -0.02 -0.05 0 0
0.16 -0.06 0.01 -0.00 0 0
0.15 -0.03 0.02 0.07 0 0
0.16 -0.02 -0.02 -0.02 0 0
0.13 -0.03 -0.05 0.00 0 0
0.07 -0.05 0.03 0.05 0 0
0.10 -0.04 -0.04 -0.02 0 0
0.18 -0.01 -0.02 -0.01 0 0
0.12 -0.04 0.01 -0.04 0 0
0.15 -0.03 0.02 -0.02 0 0
0.17 -0.06 -0.04 0.00 0 0
0.17 -0.03 0.03 -0.00 0 0
0.17 -0.00 0.02 0.02 0 0
0.10 0.02 -0.01 -0.00 0 0
0.14 -0.05 -0.03 0.05 0 0
0.13 -0.01 -0.02 0.06 0 0
0.10 -0.02 -0.06 0.02 0 0
0.14 -0.06 -0.02 0.02 0 0
0.12 -0.06 -0.02 0.01 0 0
0.13 -0.02 -0.01 -0.02 0 0
0.12 -0.00 0.01 0.01 0 0
0.14 0.03 0.02 0.00 0 0
0.18 0.02 -0.04 -0.02 0 0
0.21 -0.01 0.03 -0.01 0 0
0.17 -0.02 0.01 -0.00 0 0
0.14 -0.02 -0.05 0.00 0 0
0.13 0.00 -0.08 -0.04 0 0
0.16 -0.04 -0.08 -0.05 0 0
0.12 -0.02 -0.04 0.03 0 0
0.16 0.00 -0.04 0.03 0 0
0.14 -0.00 0.01 0.03 0 0
0.10 -0.02 -0.04 0.08 0 0
0.12 -0.04 -0.00 -0.02 0 0
0.15 -0.02 -0.02 -0.03 0 0
0.11 0.01 0.00 -0.03 0 0
0.14 0.01 0.01 -0.08 0 0
0.13 -0.05 0.02 -0.00 0 0
0.15 -0.02 0.03 0.03 0 0
0.16 0.00 -0.03 0.03 0 0
0.16 -0.04 -0.02 -0.01 0 0
0.11 0.01 -0.04 0.03 0 0
0.13 -0.04 -0.04 0.01 0 0
0.15 -0.03 -0.03 0.02 0 0
0.13 0.02 -0.01 -0.01 0 0
0.15 0.03 -0.03 -0.03 0 0
0.15 0.00 0.03 0.02 0 0
0.16 -0.05 0.02 0.04 0 0
0.15 0.02 0.02 0.04 0 0
0.12 -0.06 0.03 0.07 0 0
0.10 -0.03 -0.00 0.05 0 0
0.15 -0.05 -0.01 -0.01 0 0
0.18 -0.03 0.02 -0.01 0 0
0.15 -0.04 -0.01 -0.03 0 0
0.13 0.02 0.03 0.02 0 0
0.11 -0.01 -0.05 0.02 0 0
0.14 -0.02 -0.04 -0.02 0 0
0.13 -0.01 -0.04 0.08 0 0
0.12 -0.04 -0.02 0.03 0 0
0.13 -0.04 -0.03 -0.01 0 0
0.10 -0.03 -0.00 0.05 0 0
0.11 -0.00 -0.03 -0.01 0 0
0.17 0.03 0.01 -0.02 0 0
0.19 0.04 -0.00 -0.01 0 0
0.12 0.05 -0.00 0.01 0 0
0.08 0.01 -0.03 0.04 0 0
0.11 0.01 -0.01 -0.04 0 0
0.16 -0.01 0.03 0.01 0 0
0.12 -0.05 -0.02 -0.02 0 0
0.11 -0.04 -0.03 -0.01 0 0
0.14 -0.01 -0.04 -0.07 0 0
0.17 -0.02 0.05 0.02 0 0
0.12 -0.01 -0.01 0.05 0 0
0.16 0.02 -0.01 0.03 0 0
0.12 -0.03 0.00 0.05 0 0
0.10 -0.03 -0.00 -0.01 0 0
0.12 -0.05 -0.05 0.05 0 0
0.13 -0.01 -0.03 0.01 0 0
0.15 -0.00 -0.01 0.05 0 0
0.18 -0.02 -0.01 0.05 0 0
0.19 -0.08 -0.01 -0.05 0 0
0.12 -0.02 -0.10 -0.04 0 0
0.08 -0.02 -0.12 -0.00 0 0
0.18 -0.01 -0.06 -0.01 0 0
0.14 0.01 -0.08 0.01 0 0
0.08 0.03 -0.01 0.00 0 0
0.13 0.01 0.02 0.00 0 0
0.13 0.01 -0.01 -0.00 0 0
0.19 0.01 -0.01 0.01 0 0
0.19 -0.02 0.01 -0.00 0 0
0.17 0.04 0.02 -0.00 0 0
0.18 0.00 0.02 0.01 0 0
0.20 -0.06 -0.03 0.01 0 0
0.14 -0.04 -0.00 0.04 0 0
0.13 -0.04 0.04 -0.04 0 0
0.14 -0.00 0.06 -0.02 0 0
0.16 0.03 0.06 0.08 0 0
0.08 -0.03 0.03 0.03 0 0
0.11 -0.04 -0.02 -0.01 0 0
0.12 -0.02 -0.06 -0.02 0 0
0.15 0.04 -0.05 -0.03 0 0
0.14 -0.02 -0.01 -0.03 0 0
0.18 -0.01 0.06 0.02 0 0
0.16 -0.02 -0.03 0.02 0 0
0.12 0.03 -0.01 -0.01 0 0
0.16 -0.02 0.01 0.02 0 0
0.14 -0.01 -0.02 0.02 0 0
0.13 -0.06 0.01 -0.00 0 0
0.11 -0.02 -0.04 0.02 0 0
0.09 -0.07 -0.04 0.02 0 0
0.09 -0.01 -0.02 0.03 0 0
0.17 -0.03 0.02 0.04 0 0
0.12 -0.02 -0.02 0.03 0 0
0.12 -0.02 -0.01 0.01 0 0
0.12 0.03 0.02 0.01 0 0
0.16 -0.03 -0.02 -0.04 0 0
0.18 -0.03 0.01 0.02 0 0
0.14 0.00 -0.00 0.06 0 0
0.13 -0.01 0.02 0.05 0 0
0.15 -0.00 0.03 0.09 0 0
0.12 -0.02 -0.02 0.05 0 0
0.14 0.01 -0.04 0.05 0 0
0.12 0.01 -0.04 0.01 0 0
0.19 -0.02 -0.06 0.05 0 0
0.14 -0.06 -0.01 -0.01 0 0
0.12 -0.05 -0.05 -0.04 0 0
0.20 -0.01 -0.02 -0.01 0 0
0.16 0.03 -0.05 0.01 0 0
0.13 -0.02 0.03 -0.03 0 0
0.11 -0.02 -0.01 0.00 0 0
0.19 -0.03 -0.02 -0.02 0 0
0.13 0.01 -0.02 0.02 0 0
0.15 0.04 0.00 0.03 0 0
0.18 -0.02 -0.04 0.07 0 0
0.12 -0.08 0.01 0.06 0 0
0.11 -0.07 -0.05 -0.03 0 0
0.19 -0.02 -0.02 0.03 0 0
0.16 0.03 -0.01 0.05 0 0
0.14 -0.01 -0.01 0.03 0 0
0.13 -0.03 0.02 -0.00 0 0
0.13 0.01 0.04 -0.02 0 0
0.16 -0.02 -0.00 0.02 0 0
0.13 -0.04 -0.10 -0.04 0 0
0.17 -0.07 0.04 -0.01 0 0
0.16 -0.01 0.05 -0.03 0 0
0.11 -0.00 0.00 -0.05 0 0
0.14 0.01 -0.01 -0.01 0 0
0.11 -0.01 -0.01 -0.03 0 0
0.11 -0.02 0.01 0.03 0 0
0.10 -0.05 -0.04 0.06 0 0
0.08 -0.05 -0.06 0.08 0 0
0.16 -0.02 0.02 0.01 0 0
0.14 0.03 -0.02 0.05 0 0
0.12 0.02 -0.03 0.02 0 0
0.13 -0.03 -0.05 0.02 0 0
0.13 -0.02 -0.04 0.01 0 0
0.12 -0.02 0.01 0.01 0 0
0.15 -0.08 -0.01 0.01 0 0
0.06 -0.04 -0.01 -0.01 0 0
0.15 -0.01 0.03 0.02 0 0
0.20 -0.04 0.03 -0.03 0 0
0.15 -0.04 -0.02 -0.02 0 0
0.15 -0.06 0.02 -0.01 0 0
0.04 -0.01 -0.00 -0.03 725 0
0.10 -0.00 -0.00 -0.01 869 0
0.12 -0.02 0.01 -0.03 885 0
0.13 -0.03 0.01 0.05 871 0
0.17 -0.07 -0.03 0.02 877 0
0.20 -0.01 -0.05 0.08 869 0
0.13 0.03 -0.04 0.06 865 0
0.12 0.04 -0.04 0.04 865 0
0.10 0.03 -0.04 -0.05 869 0
0.14 -0.03 -0.04 -0.00 881 0
0.12 -0.02 -0.12 0.00 877 0
0.13 -0.02 -0.05 -0.03 885 0
0.13 -0.03 0.03 -0.02 877 0
0.13 -0.02 0.05 0.06 865 0
0.13 0.00 -0.03 -0.03 853 0
0.16 -0.03 0.01 -0.01 854 0
0.14 -0.02 0.03 -0.00 861 0
0.11 -0.05 0.07 -0.07 865 0
0.18 -0.02 -0.00 -0.05 869 0
0.12 0.00 -0.00 -0.04 877 0
0.12 0.02 -0.03 -0.02 885 0
0.11 0.02 0.05 -0.02 893 0
0.17 -0.10 0.03 -0.05 902 0
0.17 -0.08 0.01 -0.02 909 0
0.20 -0.05 -0.04 -0.05 917 0
0.16 -0.08 0.02 -0.06 925 0
0.08 -0.04 0.07 0.01 929 0
0.12 -0.05 -0.02 0.01 933 0
0.17 -0.05 0.00 0.00 941 0
0.14 0.03 0.04 0.01 941 0
0.11 0.02 0.01 0.03 945 0
0.19 -0.01 -0.02 0.01 949 0
0.16 -0.02 -0.07 0.04 949 0
0.17 -0.01 -0.03 0.02 950 0
0.13 -0.04 -0.01 -0.00 950 0
0.10 -0.02 0.01 0.07 951 0
0.16 0.04 -0.01 0.04 951 0
0.13 -0.00 0.01 0.01 951 0
0.10 -0.00 0.02 -0.03 950 0
0.16 -0.03 0.02 0.03 950 0
0.16 0.01 -0.03 -0.04 950 0
0.14 0.04 -0.02 0.01 949 0
0.10 0.01 -0.03 0.05 949 0
0.14 -0.05 0.04 -0.02 949 0
0.13 0.02 0.05 0.04 949 0
0.09 0.04 -0.03 0.04 949 0
0.11 0.02 -0.01 0.04 949 0
0.10 0.00 -0.01 0.01 949 0
0.14 -0.02 -0.03 -0.02 949 0
0.15 -0.01 -0.05 0.00 949 0
0.13 -0.01 -0.04 -0.00 949 0
0.17 -0.02 0.03 -0.07 949 0
0.09 -0.00 0.04 -0.02 945 0
0.10 -0.04 0.06 0.05 945 0
0.14 -0.01 -0.02 0.05 945 0
0.13 0.03 -0.02 0.03 941 0
0.12 -0.05 0.02 -0.04 941 0
0.17 -0.03 -0.01 -0.05 941 0
0.13 -0.01 0.00 0.01 941 0
0.13 -0.05 0.00 -0.02 941 0
0.17 -0.03 0.03 -0.03 941 0
0.14 -0.00 0.01 0.02 941 0
0.15 -0.05 0.02 0.01 941 0
0.12 0.01 -0.01 0.05 941 0
0.09 0.01 -0.04 -0.03 941 0
0.14 -0.01 -0.08 0.04 935 0
0.18 -0.04 0.04 0.04 934 0
0.14 -0.01 -0.01 -0.01 934 0
0.13 0.03 -0.05 -0.01 934 0
0.12 0.05 0.01 -0.03 934 0
0.16 -0.02 0.02 0.03 934 0
0.18 0.00 -0.01 0.06 934 0
0.15 -0.00 0.01 -0.00 934 0
0.14 -0.02 -0.02 -0.00 934 0
0.20 -0.02 -0.02 -0.02 934 0
0.15 -0.02 -0.04 -0.03 933 0
0.15 -0.03 -0.05 0.00 933 0
0.16 -0.01 -0.02 -0.02 933 0
0.14 -0.09 -0.02 -0.05 933 0
0.12 -0.07 0.01 -0.03 933 0
0.12 -0.01 0.02 -0.03 933 0
0.11 -0.02 -0.02 -0.03 933 0
0.12 0.03 -0.01 0.03 933 0
0.12 0.00 0.01 0.02 933 0
0.15 0.03 -0.06 0.03 933 0
0.18 0.04 -0.04 0.02 933 0
0.15 0.04 -0.03 -0.03 933 0
0.18 -0.03 -0.03 -0.03 933 0
0.16 -0.03 0.02 -0.01 933 0
0.13 -0.03 -0.00 -0.05 933 0
0.12 -0.07 0.04 -0.05 933 0
0.13 -0.01 -0.02 -0.04 929 0
0.10 0.01 -0.07 0.02 929 0
0.14 -0.06 -0.09 -0.03 929 0
0.16 -0.02 -0.03 0.01 929 0
0.11 0.02 0.03 -0.04 929 0
0.14 -0.03 -0.03 0.04 929 0
0.12 -0.04 0.03 0.01 929 0
0.15 -0.03 0.05 0.00 929 0
0.13 -0.00 0.01 0.05 929 0
0.13 -0.04 0.03 -0.01 929 0
0.13 -0.01 -0.02 -0.03 929 0
0.17 -0.00 0.01 -0.02 929 0
0.15 0.01 0.04 -0.01 929 0
0.13 0.00 -0.01 0.02 929 0
0.13 -0.04 0.00 -0.02 929 0
0.22 -0.03 -0.04 0.04 929 0
0.23 -0.09 -0.06 0.04 929 0
0.17 -0.10 -0.04 0.03 929 0
0.18 -0.05 -0.05 -0.01 929 0
0.17 -0.01 -0.04 0.00 929 0
0.19 0.01 -0.02 0.06 929 0
0.15 -0.01 -0.01 -0.01 929 0
0.09 -0.04 -0.01 0.09 929 0
0.11 -0.03 -0.06 0.01 929 0
0.10 0.07 -0.04 0.04 929 0
0.09 -0.02 -0.04 -0.02 929 0
0.10 -0.01 -0.03 0.01 929 0
0.17 -0.03 -0.02 0.05 929 0
0.12 -0.00 0.01 -0.05 929 0
0.15 -0.06 -0.05 -0.00 929 0
0.17 -0.06 0.01 -0.00 929 0
0.16 0.01 -0.00 0.00 929 0
0.09 0.01 -0.06 0.04 929 0
0.10 0.01 -0.03 0.00 929 0
0.16 -0.04 -0.07 -0.02 929 0
0.10 -0.05 -0.01 -0.01 929 0
0.10 -0.04 -0.01 0.04 929 0
0.17 0.02 -0.03 -0.01 929 0
0.17 0.02 -0.04 0.06 929 0
0.10 -0.02 -0.02 0.02 929 0
0.09 -0.03 -0.01 0.05 929 0
0.12 -0.02 -0.03 -0.01 927 0
0.17 0.00 0.01 0.02 927 0
0.14 -0.02 0.02 -0.02 929 0
0.22 0.00 -0.00 -0.03 925 0
0.12 0.02 -0.01 0.04 925 0
0.12 0.02 -0.05 -0.01 927 0
0.12 -0.03 0.00 0.02 925 0
0.11 -0.05 0.00 -0.06 925 0
0.12 -0.06 -0.03 -0.07 925 0
0.17 -0.07 -0.03 -0.04 925 0
0.14 0.01 -0.01 -0.02 919 0
0.08 -0.06 -0.03 -0.02 918 0
0.10 -0.01 0.05 -0.05 917 0
0.11 0.00 0.04 -0.03 917 0
0.13 0.02 0.03 0.01 917 0
0.16 -0.01 0.02 0.01 918 0
0.13 0.00 -0.04 0.02 918 0
0.08 -0.02 -0.02 -0.01 918 0
0.14 0.02 -0.01 0.02 918 0
0.13 -0.03 -0.01 -0.04 918 0
0.16 -0.03 -0.04 -0.03 917 0
0.11 -0.00 0.01 -0.02 917 0
0.08 -0.02 0.04 -0.04 917 0
0.07 -0.02 0.07 0.01 917 0
0.12 -0.07 0.01 0.05 917 0
0.08 -0.02 -0.05 0.02 917 0
0.14 -0.05 -0.00 -0.00 917 0
0.14 -0.01 -0.03 -0.00 918 0
0.08 -0.01 -0.00 0.05 918 0
0.21 -0.03 -0.01 -0.03 917 0
0.15 -0.05 -0.03 -0.03 918 0
0.11 0.02 -0.00 -0.06 918 0
0.12 0.04 0.07 0.02 918 0
0.12 0.02 0.07 0.05 917 0
0.15 -0.05 0.02 -0.03 917 0
0.15 -0.04 0.03 -0.02 918 0
0.13 -0.05 -0.02 -0.01 917 0
0.13 -0.06 -0.03 -0.01 917 0
0.10 -0.04 0.03 -0.02 909 0
0.14 0.00 0.01 -0.01 881 0
0.15 0.03 -0.06 -0.02 830 0
0.11 0.00 -0.00 0.04 773 0
0.12 0.01 -0.02 -0.08 701 0
0.13 -0.01 -0.03 -0.00 598 0
0.11 0.03 -0.05 0.06 365 0
0.12 0.01 -0.01 0.06 169 0
0.15 0.02 -0.01 -0.00 0 0
0.13 -0.01 -0.01 0.03 0 0
0.17 0.07 -0.03 0.03 0 0
0.21 0.05 -0.01 0.04 0 0
0.20 0.02 -0.03 0.03 0 0
0.15 0.00 0.02 0.01 0 0
0.14 -0.03 0.07 -0.00 0 0
0.16 -0.00 -0.02 0.01 0 0
0.20 -0.02 -0.02 -0.08 0 0
0.16 0.00 -0.01 -0.06 0 0
0.17 -0.06 -0.01 0.01 0 0
0.15 -0.05 -0.01 0.05 0 0
0.11 -0.03 -0.03 0.08 0 0
0.12 0.02 -0.00 0.03 0 0
0.14 0.05 -0.03 0.11 0 0
0.17 -0.02 -0.01 0.05 0 0
0.14 0.03 0.01 -0.01 0 0
0.17 -0.01 0.02 0.00 0 0
0.17 -0.01 0.02 -0.03 0 0
0.16 -0.04 -0.00 -0.03 0 0
0.15 -0.05 0.02 -0.02 0 0
0.18 -0.02 0.02 0.02 0 0
0.17 0.03 0.04 0.01 0 0
0.10 -0.01 0.05 -0.00 0 0
0.09 -0.04 -0.03 0.05 0 0
0.15 -0.04 -0.01 0.01 0 0
0.17 -0.06 -0.05 0.01 0 0
0.21 -0.07 0.00 -0.02 0 0
0.12 -0.06 -0.02 -0.03 0 0
0.12 -0.01 -0.05 -0.02 0 0
0.16 -0.00 -0.06 0.03 0 0
0.13 0.01 -0.02 -0.03 0 0
0.13 0.03 -0.04 0.05 0 0
0.12 -0.02 -0.04 0.01 0 0
0.12 -0.02 -0.00 0.07 0 0
0.12 -0.05 -0.03 0.02 0 0
0.16 -0.03 0.01 -0.04 0 0
0.15 -0.04 -0.00 -0.02 0 0
0.14 -0.03 0.02 0.04 0 0
0.16 0.00 -0.02 0.02 0 0
0.15 -0.02 -0.01 0.03 0 0
0.15 -0.01 0.02 -0.00 0 0
0.09 0.09 -0.04 -0.01 0 0
0.09 0.01 0.01 -0.03 0 0
0.14 -0.02 -0.00 -0.02 0 0
0.10 -0.04 -0.01 0.02 0 0
0.11 -0.01 -0.01 0.01 0 0
0.10 0.01 0.01 -0.02 0 0
0.17 0.00 -0.00 -0.02 0 0
0.16 0.02 0.04 0.02 0 0
0.16 -0.03 -0.01 -0.02 0 0
0.13 -0.07 -0.05 -0.03 0 0
0.15 -0.06 -0.02 0.00 0 0
0.18 -0.06 -0.03 -0.04 0 0
0.18 -0.04 0.02 0.03 0 0
0.13 -0.03 0.02 0.03 0 0
0.08 -0.00 0.03 -0.00 0 0
0.16 -0.06 -0.02 -0.04 0 0
0.18 0.03 -0.01 0.01 0 0
0.12 0.03 0.02 0.02 0 0
0.14 -0.03 0.03 -0.02 0 0
0.12 -0.01 -0.06 -0.01 0 0
0.17 0.03 0.00 0.05 0 0
0.19 0.02 -0.00 0.04 0 0
0.17 -0.01 0.02 0.01 0 0
0.12 -0.01 0.00 0.06 0 0
0.12 -0.05 0.02 0.10 0 0
0.08 0.03 -0.02 -0.02 0 0
0.11 -0.02 -0.09 -0.04 0 0
0.14 -0.01 -0.07 0.01 0 0
0.15 -0.06 -0.06 -0.02 0 0
0.16 -0.01 -0.03 0.00 0 0
0.15 -0.05 0.01 -0.06 0 0
0.09 -0.02 0.05 -0.05 0 0
0.17 0.01 0.01 0.01 0 0
0.13 -0.04 -0.02 0.03 0 0
0.15 0.00 -0.01 -0.04 0 0
0.10 -0.06 -0.01 -0.00 0 0
0.16 -0.06 0.06 0.02 0 0
0.14 -0.03 0.02 -0.05 0 0
0.20 -0.03 -0.01 -0.00 0 0
0.15 -0.01 -0.01 0.02 0 0
0.16 -0.07 0.01 0.03 0 0
0.16 -0.01 -0.04 0.03 0 0
0.09 0.00 -0.02 0.04 0 0
0.13 -0.01 0.03 -0.02 0 0
0.19 0.02 0.02 0.06 0 0
0.14 0.05 -0.00 0.07 0 0
0.11 -0.02 -0.00 0.02 0 0
0.14 -0.02 -0.02 0.01 0 0
0.10 -0.04 -0.04 0.05 0 0
0.09 -0.02 -0.02 0.02 0 0
0.14 -0.02 -0.05 0.04 0 0
0.14 0.01 0.00 0.01 0 0
0.20 -0.06 -0.05 -0.02 0 0
0.13 -0.03 -0.03 0.04 0 0
0.13 -0.06 -0.00 0.02 0 0
0.14 0.01 0.00 -0.01 0 0
0.13 0.02 0.00 0.01 0 0
0.15 0.02 0.01 0.01 0 0
0.18 -0.01 0.02 0.00 0 0
0.14 -0.02 0.06 -0.00 0 0
0.16 -0.01 -0.03 0.02 0 0
0.11 -0.04 0.02 -0.00 0 0
0.10 -0.01 0.01 -0.02 0 0
0.12 0.00 -0.04 -0.02 0 0
0.13 -0.00 -0.04 0.02 0 0
0.08 -0.01 -0.01 -0.02 0 0
0.13 0.04 -0.03 0.02 0 0
0.10 -0.02 -0.01 0.04 0 0
0.11 -0.04 -0.05 0.01 0 0
0.11 -0.05 -0.04 -0.02 0 0
0.15 0.01 0.02 -0.03 0 0
0.12 0.01 0.00 -0.01 0 0
0.14 -0.01 -0.02 0.04 0 0
0.13 -0.02 -0.01 0.02 0 0
0.11 -0.02 -0.04 -0.00 0 0
0.15 -0.02 0.07 0.05 0 0
0.13 -0.02 0.01 -0.01 0 0
0.19 0.00 0.03 -0.02 0 0
0.17 -0.04 -0.00 0.02 0 0
0.12 -0.04 0.03 -0.00 0 0
0.12 0.00 -0.00 -0.01 0 0
0.14 -0.08 0.04 -0.03 0 0
0.14 -0.02 -0.01 0.02 0 0
0.17 -0.02 -0.03 0.01 0 0
0.14 -0.01 0.01 -0.01 0 0
0.13 -0.02 -0.02 0.02 0 0
0.08 -0.04 0.01 0.01 0 0
0.12 -0.05 0.05 -0.05 0 0
0.12 -0.06 -0.02 0.04 0 0
0.08 -0.01 -0.01 0.02 0 0
0.13 -0.02 -0.03 0.06 0 0
0.10 -0.02 -0.01 0.02 0 0
0.14 -0.02 -0.01 -0.02 0 0
0.12 -0.05 0.03 -0.03 0 0
0.18 0.01 -0.02 -0.01 0 0
0.15 -0.01 -0.04 0.00 0 0
0.18 -0.04 0.03 0.02 0 0
0.17 0.02 0.01 0.01 0 0
0.14 0.01 -0.01 0.05 0 0
0.15 0.04 -0.01 0.06 0 0
0.16 -0.00 0.02 0.06 0 0
0.20 -0.04 0.02 0.02 0 0
0.16 -0.04 -0.04 -0.01 0 0
0.14 -0.01 0.01 0.04 0 0
0.10 0.03 0.00 -0.01 0 0
0.11 0.00 -0.05 -0.01 0 0
0.15 0.01 -0.03 -0.01 0 0
0.14 0.02 -0.02 -0.04 0 0
0.13 0.01 -0.01 -0.01 0 0
0.13 -0.01 -0.04 -0.03 0 0
0.12 -0.03 0.01 -0.02 0 0
0.12 -0.05 -0.04 -0.05 0 0
0.16 -0.03 -0.01 0.02 0 0
0.12 0.00 -0.06 -0.03 0 0
0.15 0.01 -0.03 -0.01 0 0
0.12 -0.05 -0.02 0.00 0 0
0.11 -0.01 -0.08 -0.02 0 0
0.15 -0.00 -0.01 -0.02 0 0
0.16 -0.07 0.01 0.02 0 0
0.14 -0.01 0.02 -0.04 0 0
0.11 -0.09 0.03 -0.03 0 0
0.10 0.00 0.03 0.01 0 0
0.09 -0.01 -0.00 -0.02 0 0
0.13 0.01 -0.02 -0.01 0 0
0.13 -0.01 0.04 -0.04 0 0
0.16 -0.00 -0.04 0.04 0 0
0.14 -0.03 -0.03 -0.01 0 0
0.13 -0.07 -0.03 0.01 0 0
0.13 -0.04 0.02 0.01 0 0
0.14 -0.03 0.00 -0.03 0 0
0.08 -0.06 0.05 0.01 0 0
0.09 -0.01 -0.03 0.03 0 0
0.11 0.00 -0.05 -0.04 0 0
0.13 -0.01 -0.02 0.04 0 0
0.14 0.00 -0.02 0.01 0 0
0.18 0.02 -0.02 0.03 0 0
0.21 0.01 -0.06 -0.00 0 0
0.13 -0.01 -0.03 -0.01 0 0
0.19 -0.03 0.01 0.01 0 0
0.20 -0.01 0.02 0.09 0 0
0.20 -0.04 0.00 0.03 0 0
0.20 0.02 -0.01 -0.04 0 0
0.17 0.02 -0.05 -0.04 0 0
0.07 -0.01 -0.04 -0.03 0 0
0.08 -0.04 -0.02 0.01 0 0
0.16 0.01 -0.03 0.04 0 0
0.18 0.02 0.06 0.03 0 0
0.17 0.01 0.04 0.04 0 0
0.14 -0.01 -0.01 0.04 0 0
0.11 0.01 -0.01 0.04 0 0
0.14 0.01 0.00 0.01 0 0
0.18 -0.02 0.04 0.06 0 0
0.12 -0.06 -0.02 0.02 0 0
0.10 -0.08 -0.07 0.03 0 0
0.12 -0.01 -0.00 0.03 0 0
0.13 0.04 -0.07 0.05 0 0
0.18 -0.02 -0.05 0.02 0 0
0.16 -0.02 -0.02 -0.05 0 0
0.17 -0.11 -0.03 0.04 0 0
0.18 0.06 -0.04 0.04 0 0
0.13 0.07 0.01 0.01 0 0
0.14 0.08 -0.00 -0.03 0 0
0.13 0.02 -0.00 -0.01 0 0
0.15 -0.01 0.00 -0.05 0 0
0.18 -0.00 -0.00 -0.01 0 0
0.17 -0.03 -0.07 0.01 0 0
0.14 -0.01 0.02 0.02 0 0
0.15 -0.03 0.04 0.05 0 0
0.12 0.02 -0.00 -0.02 0 0
0.12 -0.03 0.04 0.05 0 0
0.15 0.01 -0.01 0.04 0 0
0.16 0.04 0.03 0.00 0 0
0.18 0.03 0.02 -0.00 0 0
0.13 -0.05 -0.01 0.05 0 0
0.17 -0.01 -0.01 -0.01 0 0
0.07 -0.07 -0.02 -0.03 0 0
0.15 -0.02 0.00 -0.03 0 0
0.13 -0.05 0.02 0.04 0 0
0.14 0.04 -0.02 -0.10 0 0
0.16 -0.02 0.00 -0.03 0 0
0.13 -0.04 0.02 -0.04 0 0
0.15 0.00 -0.01 -0.05 0 0
0.11 -0.05 -0.01 0.01 0 0
0.12 -0.03 -0.01 0.03 0 0
0.12 0.02 0.03 0.03 0 0
0.09 0.06 0.07 0.06 0 0
0.16 0.00 0.02 0.01 0 0
0.16 -0.09 -0.00 0.07 0 0
0.15 -0.10 -0.00 0.08 0 0
0.15 -0.04 -0.04 0.06 0 0
0.13 -0.05 -0.02 0.03 0 0
0.13 0.00 -0.06 0.04 0 0
0.15 -0.01 -0.05 0.02 0 0
0.14 -0.04 -0.01 0.03 0 0
0.18 0.02 -0.05 -0.00 0 0
0.13 -0.06 -0.02 0.06 0 0
0.20 -0.04 0.06 -0.03 0 0
0.20 -0.05 -0.05 0.04 0 0
0.19 -0.05 0.03 0.03 0 0
0.14 -0.01 -0.03 0.03 0 0
0.12 0.07 -0.00 0.04 0 0
0.10 -0.01 0.02 0.02 0 0
0.14 0.02 0.05 -0.02 0 0
0.20 0.00 0.06 0.02 0 0
0.09 -0.04 0.01 0.05 0 0
0.13 -0.03 -0.05 0.06 0 0
0.12 -0.04 -0.06 0.02 0 0
0.15 0.02 -0.07 -0.01 0 0
0.11 -0.01 -0.04 -0.07 0 0
0.14 -0.01 -0.04 0.03 0 0
0.11 -0.02 -0.02 0.03 0 0
0.11 -0.02 -0.02 0.03 0 0
0.10 -0.08 -0.01 0.04 0 0
0.12 -0.07 0.01 0.04 0 0
0.17 -0.00 0.00 0.01 0 0
0.09 -0.00 -0.01 -0.01 0 0
0.11 0.01 -0.01 -0.03 0 0
0.12 -0.06 -0.02 -0.05 0 0
0.15 -0.01 -0.03 -0.01 0 0
0.19 0.01 -0.02 0.08 0 0
0.17 -0.03 -0.01 0.06 0 0
0.14 -0.03 0.02 0.04 0 0
0.21 -0.00 -0.05 -0.01 0 0
0.15 -0.03 -0.02 -0.03 0 0
0.16 -0.00 -0.01 0.04 0 0
0.14 -0.03 0.02 -0.03 0 0
0.15 -0.07 0.03 0.02 0 0
0.16 -0.08 -0.00 0.03 0 0
0.16 -0.05 -0.04 0.06 0 0
0.16 -0.06 -0.02 0.02 0 0
0.14 -0.01 -0.05 0.07 0 0
0.11 -0.00 0.00 0.00 0 0
0.14 -0.02 0.02 0.00 0 0
0.14 0.02 0.03 0.01 0 0
0.15 -0.06 0.01 0.03 0 0
0.15 -0.06 -0.06 0.03 0 0
0.13 -0.03 -0.02 0.03 0 0
0.13 -0.02 0.01 0.01 0 0
0.18 -0.07 -0.01 -0.03 0 0
0.18 -0.07 -0.02 -0.01 0 0
0.11 -0.04 0.01 0.00 0 0
0.12 0.02 0.02 -0.02 0 0
0.13 -0.06 -0.03 0.02 0 0
0.17 -0.04 0.02 0.03 0 0
0.19 0.02 -0.02 -0.01 0 0
0.19 -0.04 -0.08 -0.01 0 0
0.15 -0.02 -0.01 0.01 0 0
0.13 -0.03 0.04 0.03 0 0
0.10 -0.01 0.04 0.02 0 0
0.16 -0.01 -0.01 0.05 0 0
0.10 -0.02 -0.02 0.04 0 0
0.15 -0.08 -0.01 0.03 0 0
0.13 -0.09 0.01 0.01 0 0
0.15 -0.07 0.01 -0.02 0 0
0.14 -0.01 -0.01 0.04 0 0
0.15 -0.03 0.01 0.01 0 0
0.13 -0.02 -0.00 -0.02 0 0
0.13 -0.04 -0.02 -0.03 0 0
0.10 -0.05 -0.06 0.02 0 0
0.09 0.02 -0.01 -0.02 0 0
0.10 0.01 0.01 -0.02 0 0
0.17 -0.04 0.03 -0.01 0 0
0.14 -0.05 0.03 0.03 0 0
0.18 0.00 0.03 0.03 0 0
0.17 -0.01 -0.01 0.04 0 0
0.12 -0.02 -0.03 0.03 0 0
0.15 0.00 -0.01 -0.01 0 0
0.13 -0.00 -0.01 0.02 0 0
0.14 -0.03 -0.03 -0.00 0 0
0.08 -0.01 -0.00 0.07 0 0
0.11 0.01 -0.03 0.01 0 0
0.08 0.00 -0.01 -0.00 0 0
0.09 0.01 -0.02 -0.02 0 0
0.11 -0.06 0.02 -0.03 0 0
0.14 -0.06 -0.01 0.01 0 0
0.15 -0.06 -0.03 0.03 0 0
0.15 -0.01 -0.01 0.01 0 0
0.13 -0.02 0.04 -0.04 0 0
0.15 -0.06 -0.02 0.01 0 0
0.15 -0.03 -0.05 0.01 0 0
0.09 0.00 0.00 0.05 0 0
0.15 0.01 0.00 0.02 0 0
0.17 0.02 -0.00 0.00 0 0
0.14 0.00 -0.04 -0.06 0 0
0.16 0.01 -0.03 -0.02 0 0
0.12 -0.06 -0.06 0.00 0 0
0.10 0.01 0.02 0.02 0 0
0.10 0.03 0.01 -0.01 0 0
0.10 -0.04 -0.03 0.01 0 0
0.16 0.00 -0.06 0.01 0 0
0.17 -0.01 0.01 0.02 0 0
0.10 -0.03 -0.02 -0.04 0 0
0.17 0.01 -0.03 -0.01 0 0
0.14 0.01 0.03 -0.07 0 0
0.11 -0.02 -0.01 -0.01 0 0
0.19 -0.04 -0.02 0.04 0 0
0.15 0.00 -0.06 0.01 0 0
0.13 -0.03 -0.04 0.01 0 0
0.17 -0.02 -0.00 -0.01 0 0
0.20 -0.07 -0.02 -0.03 0 0
0.15 -0.03 -0.06 -0.05 0 0
0.18 -0.04 -0.04 0.02 0 0
0.18 -0.04 -0.07 0.01 0 0
0.13 0.01 -0.05 -0.07 0 0
0.10 -0.01 -0.05 -0.06 0 0
0.12 -0.02 -0.00 0.06 0 0
0.14 0.00 -0.03 0.03 0 0
0.15 -0.05 -0.03 -0.06 0 0
0.14 -0.03 0.01 -0.08 0 0
0.16 -0.07 -0.00 -0.01 0 0
0.17 -0.04 -0.07 0.00 0 0
0.09 -0.01 0.01 0.06 0 0
0.13 -0.04 -0.01 0.08 0 0
0.15 -0.04 0.00 -0.04 0 0
0.16 -0.03 -0.00 -0.04 0 0
0.15 -0.05 -0.01 0.06 0 0
0.09 0.00 0.02 0.06 0 0
0.15 0.01 -0.00 0.00 0 0
0.13 -0.06 -0.03 -0.05 0 0
0.20 -0.09 0.01 0.05 0 0
0.14 -0.03 0.03 0.06 0 0
0.13 -0.02 0.01 0.04 0 0
0.13 0.05 0.02 -0.03 0 0
0.17 0.05 -0.02 0.02 0 0
0.11 0.00 -0.08 0.02 0 0
0.13 -0.01 0.01 -0.00 0 0
0.15 -0.01 -0.04 -0.05 0 0
0.18 -0.04 -0.03 0.04 0 0
0.19 -0.06 -0.01 0.01 0 0
0.20 0.03 -0.01 0.03 0 0
0.19 0.03 -0.03 -0.08 0 0
0.17 -0.02 -0.03 0.09 0 0
0.13 -0.01 0.03 -0.09 0 0
0.12 -0.00 -0.02 0.26 0 0
0.12 0.01 -0.01 -0.22 0 0
0.11 0.01 -0.02 0.21 0 0
0.11 -0.02 -0.01 -0.07 0 0
0.09 -0.05 -0.01 0.17 0 0
0.13 0.00 0.00 -0.17 0 0
0.13 -0.03 -0.04 0.10 0 0
0.13 -0.02 -0.01 -0.04 0 0
0.17 -0.00 -0.04 0.04 0 0
0.14 -0.01 -0.01 -0.07 0 0
0.13 0.01 -0.01 0.12 0 0
0.13 0.00 0.00 0.00 0 0
0.12 -0.04 -0.05 -0.00 0 0
0.13 -0.07 -0.02 -0.05 0 0
0.15 -0.01 -0.01 0.02 0 0
0.16 -0.02 -0.01 0.03 0 0
0.14 -0.04 -0.01 0.03 0 0
0.20 -0.02 0.02 -0.06 0 0
0.15 -0.04 -0.07 0.19 0 0
0.16 -0.07 -0.03 -0.03 0 0
0.16 0.01 -0.06 -0.00 0 0
0.14 0.06 -0.02 -0.02 0 0
0.12 -0.04 0.01 0.09 0 0
0.12 -0.10 0.04 -0.00 0 0
0.15 -0.05 -0.01 0.04 0 0
0.14 -0.04 0.01 0.03 0 0
0.12 -0.05 0.03 -0.02 0 0
0.17 -0.03 0.01 -0.03 0 0
0.16 -0.03 -0.03 0.01 0 0
0.14 -0.01 -0.04 0.01 0 0
0.16 0.01 -0.04 -0.02 0 0
0.21 -0.01 0.02 -0.02 0 0
0.13 0.01 0.03 -0.03 0 0
0.10 -0.04 -0.01 -0.04 0 0
0.14 -0.08 -0.01 -0.02 0 0
0.13 -0.04 -0.03 -0.01 0 0
0.18 0.00 -0.02 -0.00 0 0
0.17 0.02 -0.03 -0.03 0 0
0.16 0.00 -0.06 -0.08 0 0
0.17 -0.03 0.01 0.04 0 0
0.14 0.03 0.01 0.09 0 0
0.15 0.01 0.02 -0.13 0 0
0.18 -0.01 0.01 -0.03 0 0
0.17 -0.02 -0.01 -0.05 0 0
0.16 0.02 -0.01 -0.06 0 0
0.17 0.01 0.00 -0.06 0 0
0.15 -0.01 0.02 -0.03 0 0
0.14 -0.02 -0.02 0.06 0 0
0.14 -0.03 -0.03 -0.01 0 0
0.12 -0.03 0.02 -0.05 0 0
0.15 -0.00 -0.02 0.03 0 0
0.18 -0.06 -0.03 -0.01 0 0
0.17 -0.06 0.05 0.00 0 0
0.18 -0.00 -0.02 0.05 0 0
0.08 -0.02 -0.03 -0.15 0 0
0.13 -0.02 -0.01 0.03 0 0
0.19 -0.04 -0.03 -0.04 0 0
0.19 -0.02 -0.00 -0.01 0 0
0.17 -0.02 -0.09 0.13 0 0
0.23 -0.06 -0.04 0.09 0 0
0.16 0.01 -0.00 -0.05 0 0
0.14 -0.01 0.00 -0.04 0 0
0.13 -0.03 0.00 -0.06 0 0
0.14 -0.03 -0.00 0.05 0 0
0.14 -0.05 0.02 -0.07 0 0
0.12 -0.05 0.04 0.02 0 0
0.13 -0.04 0.01 -0.06 0 0
0.12 -0.08 -0.02 -0.01 0 0
0.10 -0.07 -0.05 0.04 0 0
0.14 -0.04 -0.06 0.03 0 0
0.13 -0.00 -0.05 0.01 0 0
0.15 -0.07 -0.04 -0.02 0 0
0.11 0.02 -0.07 0.00 0 0
0.09 0.05 -0.03 -0.00 0 0
0.11 0.03 0.01 0.02 0 0
0.08 -0.03 -0.06 -0.01 0 0
0.13 -0.02 0.01 -0.03 0 0
0.12 -0.01 -0.05 0.04 0 0
0.19 -0.02 -0.02 -0.02 0 0
0.15 -0.09 -0.01 0.04 0 0
0.13 -0.07 -0.03 0.07 0 0
0.20 -0.01 -0.04 0.01 0 0
0.12 -0.04 0.04 -0.01 0 0
0.16 -0.02 0.02 -0.05 0 0
0.18 -0.04 -0.05 -0.04 0 0
0.17 -0.01 -0.02 -0.00 0 0
0.20 -0.02 -0.01 0.02 0 0
0.16 -0.02 0.01 0.01 0 0
0.11 0.04 -0.02 0.03 0 0
0.18 0.05 -0.10 0.07 0 0
0.14 -0.01 -0.04 0.05 0 0
0.14 0.01 -0.04 -0.01 0 0
0.13 -0.02 0.02 0.01 0 0
0.10 0.02 0.03 0.01 0 0
0.12 0.00 -0.01 0.07 0 0
0.15 -0.03 -0.01 0.06 0 0
0.16 -0.02 0.04 -0.04 0 0
0.11 -0.08 -0.01 -0.03 0 0
0.16 -0.02 0.01 -0.05 0 0
0.16 -0.04 -0.02 -0.05 0 0
0.16 -0.03 -0.02 0.01 0 0
0.15 -0.01 0.02 -0.01 0 0
0.18 -0.04 -0.04 0.03 0 0
0.19 -0.03 0.01 0.04 0 0
0.17 0.00 -0.03 0.04 0 0
0.14 -0.06 -0.06 0.09 0 0
0.15 -0.02 0.01 0.11 0 0
0.15 -0.02 -0.01 0.08 0 0
0.16 0.00 -0.03 0.01 0 0
0.15 -0.02 -0.03 0.05 0 0
0.14 -0.02 -0.00 0.01 0 0
0.16 -0.02 -0.01 -0.01 0 0
0.17 -0.06 -0.04 0.01 0 0
0.12 -0.08 -0.04 0.00 0 0
0.15 -0.04 -0.04 -0.01 0 0
0.12 -0.06 -0.03 0.02 0 0
0.07 -0.03 -0.01 0.03 0 0
0.10 -0.02 -0.03 0.03 0 0
0.12 -0.05 -0.00 -0.01 0 0
0.14 0.00 -0.01 -0.00 0 0
0.16 -0.02 -0.03 -0.01 0 0
0.16 -0.01 -0.03 -0.07 0 0
0.15 -0.03 0.02 -0.06 0 0
0.17 -0.03 0.03 -0.48 0 0
0.16 0.07 0.07 -0.28 0 0
0.14 -0.09 -0.09 3.87 0 0
0.11 -0.12 0.11 -3.43 0 0
0.16 -0.02 0.05 0.54 0 0
0.16 0.03 0.01 -0.11 0 0
0.15 0.05 -0.03 0.87 0 0
0.15 0.01 -0.09 -0.31 0 0
0.15 -0.04 -0.03 -0.52 0 0
0.11 -0.03 -0.03 0.25 0 0
0.16 0.00 -0.06 0.00 0 0
0.12 0.06 -0.02 0.47 0 0
0.13 0.03 0.00 -0.53 0 0
0.17 0.03 -0.05 -0.01 0 0
0.15 -0.01 -0.03 0.29 0 0
0.14 -0.04 0.01 -0.03 0 0
0.15 -0.05 -0.01 -0.27 0 0
0.19 0.01 -0.03 -0.18 0 0
0.20 -0.05 -0.06 0.48 0 0
0.15 -0.03 -0.04 -0.06 0 0
0.12 -0.03 -0.06 -0.35 0 0
0.17 -0.03 -0.03 0.16 0 0
0.13 -0.02 0.02 0.14 0 0
0.16 0.00 0.00 -0.03 0 0
0.20 0.06 0.03 -0.59 0 0
0.17 -0.02 -0.02 0.48 0 0
0.15 -0.06 -0.05 0.51 0 0
0.11 -0.04 -0.04 -0.64 0 0
0.13 0.02 -0.02 -0.69 0 0
0.14 0.02 -0.03 0.41 0 0
0.13 0.02 -0.01 0.24 0 0
0.18 -0.02 -0.03 -0.58 0 0
0.17 -0.07 -0.02 0.25 0 0
0.16 -0.02 -0.01 -0.26 0 0
0.14 0.02 -0.03 0.30 0 0
0.18 0.04 -0.06 -0.28 0 0
0.14 -0.05 -0.03 -0.64 0 0
0.14 -0.03 -0.04 0.66 0 0
0.17 -0.05 0.02 -0.02 0 0
0.19 -0.02 0.02 -0.30 0 0
0.20 0.03 0.00 -0.28 0 0
0.17 0.03 -0.02 0.45 0 0
0.15 -0.00 -0.03 -0.01 0 0
0.18 -0.06 -0.09 0.08 0 0
0.16 -0.04 -0.06 0.37 0 0
0.10 -0.03 0.00 -0.74 0 0
0.14 -0.00 -0.03 0.21 0 0
0.15 -0.04 -0.02 -0.01 0 0
0.16 -0.07 0.03 -0.38 0 0
0.15 -0.03 -0.04 0.18 0 0
0.15 0.03 -0.02 -0.08 0 0
0.14 -0.03 -0.03 0.13 0 0
0.14 -0.02 -0.03 -0.31 0 0
0.19 -0.02 0.02 0.02 0 0
0.12 -0.00 0.07 -0.24 0 0
0.14 0.03 0.02 0.37 0 0
0.11 -0.03 0.03 -0.25 0 0
0.16 -0.02 -0.03 0.40 0 0
0.15 -0.00 -0.03 -0.73 0 0
0.16 -0.00 -0.05 0.89 0 0
0.18 0.01 0.05 -0.38 0 0
0.20 -0.07 -0.01 0.34 0 0
0.23 -0.00 -0.03 -0.22 0 0
0.18 -0.02 -0.06 -0.34 0 0
0.19 -0.02 -0.04 0.37 0 0
0.15 0.02 0.02 -0.55 0 0
0.13 -0.05 -0.03 0.57 0 0
0.13 -0.03 -0.00 -0.84 0 0
0.10 -0.01 -0.03 -0.08 0 0
0.12 0.02 0.01 0.08 0 0
0.11 0.02 0.00 -0.13 0 0
0.15 0.04 0.04 -0.19 0 0
0.12 -0.02 -0.01 0.31 0 0
0.10 -0.02 0.00 -0.47 0 0
0.12 -0.09 -0.02 0.18 0 0
0.12 -0.06 0.01 0.05 0 0
0.14 -0.06 -0.02 -0.22 0 0
0.18 -0.03 -0.03 -0.25 0 0
0.12 0.00 -0.03 0.09 0 0
0.17 -0.00 -0.01 -1.23 0 0
0.14 -0.01 0.10 1.02 0 0
0.15 -0.02 -0.09 0.24 0 0
0.16 -0.02 0.00 -0.28 0 0
0.19 -0.02 0.01 -0.75 0 0
0.23 0.02 -0.01 0.69 0 0
0.16 -0.03 0.01 0.30 0 0
0.20 -0.05 0.00 -0.24 0 0
0.13 -0.06 -0.05 -0.40 0 0
0.10 -0.04 -0.12 0.09 0 0
0.12 -0.03 -0.10 0.60 0 0
0.13 0.01 -0.05 -0.49 0 0
0.20 -0.02 -0.02 -0.05 0 0
0.21 -0.07 0.03 0.08 0 0
0.17 -0.03 -0.00 0.14 0 0
0.16 -0.04 -0.02 -0.12 0 0
0.19 -0.03 -0.03 -0.08 0 0
0.14 0.02 -0.09 0.13 0 0
0.18 0.01 -0.08 -0.06 0 0
0.15 -0.03 -0.05 -0.01 0 0
0.15 -0.06 0.00 -0.03 0 0
0.13 -0.01 0.03 0.04 0 0
0.20 -0.04 0.01 0.06 0 0
0.11 -0.01 0.01 -0.13 0 0
0.17 0.02 0.02 0.05 0 0
0.19 -0.05 -0.01 0.00 0 0
0.17 -0.04 -0.04 0.02 0 0
0.16 -0.03 -0.05 -0.04 0 0
0.18 0.02 0.02 -0.02 0 0
0.19 0.04 0.04 0.01 0 0
0.19 -0.00 0.01 -0.07 0 0
0.12 -0.01 0.05 -0.07 0 0
0.19 -0.01 0.04 -0.02 0 0
0.14 -0.04 -0.01 0.02 0 0
0.17 -0.04 -0.05 -0.04 0 0
0.23 -0.05 -0.04 -0.09 0 0
0.23 -0.09 0.04 -0.01 0 0
0.16 -0.08 -0.00 -0.01 0 0
0.18 -0.04 -0.01 -0.05 0 0
0.14 -0.04 0.00 -0.00 0 0
0.15 -0.00 0.03 0.02 0 0
0.13 -0.05 -0.02 -0.00 0 0
0.13 -0.05 0.04 -0.01 0 0
0.10 -0.01 0.03 -0.00 0 0
0.16 -0.04 -0.03 0.00 0 0
0.14 0.03 -0.02 -0.00 0 0
0.11 -0.03 -0.03 0.02 469 0
0.13 -0.00 -0.04 -0.04 749 0
0.19 -0.01 0.03 -0.01 861 0
0.19 -0.04 -0.04 -0.03 913 0
0.19 -0.01 -0.02 -0.01 929 0
0.15 0.01 -0.02 -0.03 941 0
0.14 -0.06 -0.01 0.01 941 0
0.15 -0.03 0.01 -0.04 941 0
0.13 -0.04 -0.05 -0.03 941 0
0.13 0.06 -0.02 0.06 933 0
0.16 -0.02 0.00 -0.01 934 0
0.19 0.04 -0.03 -0.03 933 0
0.13 0.02 0.05 -0.01 933 0
0.19 -0.01 0.00 -0.05 933 0
0.19 -0.05 -0.02 -0.05 929 0
0.20 -0.04 0.00 -0.02 929 0
0.17 -0.01 -0.03 -0.07 933 0
0.13 -0.05 -0.01 -0.04 933 0
0.13 0.00 0.04 0.01 933 0
0.15 0.01 -0.03 -0.00 933 0
0.22 -0.06 -0.03 -0.02 933 0
0.19 -0.04 -0.07 0.00 933 0
0.18 -0.07 0.02 -0.01 933 0
0.13 -0.06 0.02 -0.02 935 0
0.17 -0.04 -0.04 -0.05 941 0
0.14 -0.02 -0.03 -0.02 941 0
0.08 0.01 -0.01 0.02 941 0
0.13 -0.03 -0.04 0.01 941 0
0.12 -0.03 -0.04 -0.03 941 0
0.15 -0.06 -0.02 -0.03 941 0
0.13 -0.04 -0.01 -0.10 941 0
0.13 -0.08 -0.02 -0.08 941 0
0.15 -0.05 -0.06 -0.04 945 0
0.18 -0.05 -0.02 -0.04 941 0
0.19 -0.03 -0.05 -0.02 945 0
0.15 -0.05 0.00 -0.04 941 0
0.18 -0.02 -0.02 -0.09 935 0
0.17 -0.03 -0.06 -0.01 933 0
0.13 -0.03 -0.02 -0.07 913 0
0.16 -0.01 -0.02 -0.07 853 0
0.18 -0.03 -0.01 -0.09 645 0
0.16 -0.00 -0.04 -0.10 129 0
0.15 -0.03 -0.04 -0.06 0 0
0.19 -0.00 -0.04 -0.02 0 0
0.12 -0.03 0.02 -0.05 0 0
0.17 -0.00 -0.02 -0.02 0 0
0.17 -0.01 0.03 -0.05 0 0
0.14 -0.01 -0.00 -0.05 0 0
0.16 -0.02 -0.01 -0.06 0 0
0.18 -0.05 -0.03 -0.04 0 0
0.17 -0.07 0.01 -0.11 0 0
0.18 -0.00 0.02 -0.01 0 0
0.16 0.08 0.01 -0.02 0 0
0.16 -0.03 0.00 -0.04 0 0
0.17 -0.04 -0.01 -0.06 0 0
0.11 0.00 -0.04 -0.08 0 0
0.09 -0.00 -0.02 -0.05 0 0
0.15 0.01 0.04 -0.08 0 0
0.16 0.00 -0.01 -0.06 0 0
0.16 -0.02 0.00 -0.04 0 0
0.19 -0.07 -0.02 -0.06 0 0
0.17 -0.01 0.00 -0.00 0 0
0.19 -0.02 -0.02 -0.05 0 0
0.15 0.00 0.00 -0.04 0 0
0.12 0.02 -0.00 -0.01 0 0
0.14 -0.02 -0.00 -0.03 0 0
0.06 0.01 0.02 -0.01 0 0
0.10 -0.03 -0.02 -0.02 0 0
0.17 -0.05 -0.05 -0.03 0 0
0.14 -0.01 -0.04 -0.04 0 0
0.20 -0.07 -0.04 -0.04 0 0
0.19 -0.06 -0.06 -0.07 0 0
0.19 -0.04 -0.08 0.00 0 0
0.17 -0.03 -0.01 -0.02 0 0
0.21 -0.03 -0.04 -0.06 0 0
0.22 -0.03 -0.06 0.01 0 0
0.19 -0.03 -0.04 -0.04 0 0
0.15 -0.05 -0.02 -0.04 0 0
0.18 -0.01 -0.06 -0.06 0 0
0.21 -0.02 -0.02 -0.09 0 0
0.20 -0.03 -0.02 -0.11 0 0
0.14 -0.06 0.02 -0.07 0 0
0.20 -0.03 -0.02 -0.08 0 0
0.15 -0.02 -0.01 -0.03 0 0
0.16 -0.02 -0.01 -0.06 0 0
0.16 -0.07 -0.00 -0.02 0 0
0.18 -0.05 -0.00 -0.01 0 0
0.16 -0.07 -0.04 -0.07 0 0
0.14 -0.10 -0.05 -0.05 0 0
0.17 -0.02 0.00 -0.09 0 0
0.21 -0.03 0.00 -0.07 0 0
0.20 -0.07 0.00 -0.02 0 0
0.15 -0.04 0.00 -0.01 0 0
0.18 -0.01 -0.03 -0.03 0 0
0.19 -0.04 0.00 -0.03 0 0
0.20 -0.01 -0.07 -0.12 0 0
0.17 0.01 0.04 -0.09 0 0
0.17 -0.00 0.01 -0.09 0 0
0.17 -0.01 0.02 -0.06 0 0
0.18 -0.06 -0.05 -0.04 0 0
0.17 0.01 -0.03 0.02 0 0
0.16 -0.07 -0.01 -0.01 0 0
0.18 -0.06 -0.03 -0.00 0 0
0.17 0.06 -0.07 -0.03 0 0
0.23 0.04 0.00 -0.08 0 0
0.17 -0.05 -0.03 -0.05 0 0
0.19 -0.05 -0.08 -0.11 0 0
0.19 -0.06 0.01 -0.01 0 0
0.17 -0.03 -0.02 -0.05 0 0
0.15 0.02 0.01 -0.03 0 0
0.17 -0.06 0.00 -0.02 0 0
0.17 -0.08 -0.03 -0.03 0 0
0.14 -0.04 -0.01 -0.03 0 0
0.18 -0.05 -0.01 -0.10 0 0
0.17 -0.04 -0.02 -0.08 0 0
0.19 -0.02 -0.02 -0.03 0 0
0.16 -0.04 0.03 -0.02 0 0
0.14 -0.03 -0.02 -0.04 0 0
0.19 -0.03 0.04 -0.04 0 0
0.15 -0.04 0.03 -0.02 0 0
0.15 -0.07 0.02 -0.04 0 0
0.16 -0.05 0.04 0.03 0 0
0.17 -0.07 0.03 -0.00 0 0
0.11 -0.06 0.02 -0.02 0 0
0.15 -0.08 -0.04 0.01 0 0
0.15 -0.03 -0.06 -0.01 0 0
0.15 -0.07 -0.02 -0.02 0 0
0.14 0.01 -0.02 -0.03 0 0
0.13 -0.04 0.03 -0.03 0 0
0.13 -0.05 0.02 0.01 0 0
0.14 -0.03 -0.04 -0.04 0 0
0.15 -0.05 -0.01 -0.00 0 0
0.15 -0.02 0.04 -0.03 0 0
0.13 -0.03 -0.04 -0.03 0 0
0.18 0.02 -0.03 -0.08 0 0
0.14 -0.05 0.03 -0.00 0 0
0.11 -0.07 0.03 -0.05 0 0
0.12 -0.02 -0.01 -0.06 0 0
0.12 -0.00 -0.07 -0.07 0 0
0.13 0.01 -0.01 -0.00 0 0
0.14 -0.01 -0.03 -0.06 0 0
0.17 -0.03 0.01 -0.07 0 0
0.12 -0.01 -0.02 -0.05 0 0
0.10 -0.08 0.04 -0.04 0 0
0.16 -0.05 -0.02 -0.05 0 0
0.16 -0.07 -0.03 -0.02 0 0
0.18 -0.08 -0.02 0.01 0 0
0.14 -0.01 -0.03 0.03 0 0
0.15 -0.03 -0.04 0.01 0 0
0.12 -0.02 -0.03 -0.03 0 0
0.08 0.00 -0.06 -0.01 0 0
0.11 -0.01 -0.02 -0.00 0 0
0.12 -0.02 -0.02 -0.01 0 0
0.16 -0.06 0.04 -0.03 0 0
0.20 -0.06 -0.03 -0.01 0 0
0.21 -0.11 -0.05 0.01 0 0
0.20 0.01 0.02 -0.03 0 0
0.15 0.02 -0.04 -0.09 0 0
0.16 0.01 -0.05 -0.07 0 0
0.19 -0.07 -0.01 -0.07 0 0
0.17 -0.02 -0.03 0.04 0 0
0.16 -0.03 0.01 0.01 0 0
0.16 -0.01 0.03 0.00 0 0
0.17 0.02 -0.02 -0.04 0 0
0.17 -0.03 -0.04 -0.01 0 0
0.21 -0.06 -0.00 -0.05 0 0
0.21 -0.08 0.04 -0.02 0 0
0.18 -0.03 0.01 -0.03 0 0
0.18 0.01 0.02 0.00 0 0
0.17 -0.04 -0.00 -0.04 0 0
0.17 0.00 -0.04 -0.04 0 0
0.12 -0.06 -0.02 -0.00 0 0
0.15 0.00 0.00 0.00 0 0
0.16 -0.04 -0.05 -0.00 0 0
0.21 0.00 0.00 -0.06 0 0
0.13 0.03 0.03 -0.00 0 0
0.15 -0.03 -0.00 -0.02 0 0
0.20 -0.03 -0.03 -0.03 0 0
0.22 0.02 -0.03 -0.02 0 0
0.12 -0.05 -0.00 -0.02 0 0
0.23 -0.03 0.03 -0.03 0 0
0.16 -0.07 0.05 -0.02 0 0
0.18 -0.03 0.02 -0.01 0 0
0.13 -0.08 -0.02 -0.00 0 0
0.14 -0.01 0.03 -0.02 0 0
0.15 0.02 -0.00 0.01 0 0
0.18 0.02 -0.03 -0.02 0 0
0.18 -0.01 0.04 -0.02 0 0
0.17 -0.02 0.02 -0.06 0 0
0.13 -0.03 -0.01 -0.02 0 0
0.20 -0.02 -0.05 -0.05 0 0
0.19 -0.02 -0.01 -0.05 0 0
0.14 0.00 -0.03 -0.04 0 0
0.14 0.01 -0.05 -0.00 0 0
0.18 0.03 -0.03 0.02 0 0
0.18 -0.01 0.03 -0.06 0 0
0.17 -0.06 -0.00 -0.04 0 0
0.16 -0.02 -0.00 0.01 0 0
0.15 -0.05 -0.01 -0.04 0 0
0.18 0.00 0.00 -0.06 0 0
0.20 -0.02 0.07 -0.03 0 0
0.16 0.00 0.00 -0.04 0 0
0.16 0.01 0.02 -0.03 0 0
0.21 0.01 -0.01 -0.05 0 0
0.16 0.01 0.04 -0.04 0 0
0.18 0.02 -0.03 -0.03 0 0
0.14 -0.01 -0.04 0.03 0 0
0.18 -0.06 -0.04 0.02 0 0
0.12 -0.06 -0.02 0.03 0 0
0.19 -0.03 0.02 0.08 0 0
0.14 0.02 -0.02 0.02 0 0
0.16 -0.01 -0.02 0.02 0 0
0.18 -0.04 -0.01 0.01 0 0
0.21 -0.07 -0.01 -0.00 0 0
0.18 -0.08 -0.01 -0.02 0 0
0.22 -0.00 -0.01 -0.02 0 0
0.18 -0.03 0.03 -0.01 0 0
0.17 -0.02 -0.01 0.04 0 0
0.18 -0.01 0.02 0.02 0 0
0.16 -0.03 -0.03 -0.02 0 0
0.15 -0.02 -0.06 -0.00 0 0
0.18 -0.02 -0.05 -0.01 0 0
0.22 -0.01 -0.05 -0.01 0 0
0.19 -0.02 -0.05 -0.07 0 0
0.22 -0.05 -0.03 -0.07 0 0
0.18 -0.06 0.01 -0.00 0 0
0.14 -0.06 -0.01 0.01 0 0
0.15 -0.03 -0.01 0.00 0 0
0.15 -0.06 -0.01 -0.04 0 0
0.16 -0.06 -0.03 -0.06 0 0
0.16 0.01 -0.04 0.03 0 0
0.18 -0.01 -0.01 -0.07 0 0
0.21 -0.03 -0.01 -0.05 0 0
0.15 -0.01 0.04 -0.02 0 0
0.18 0.02 0.01 -0.01 0 0
0.14 -0.03 -0.02 -0.05 0 0
0.15 -0.03 -0.03 -0.04 0 0
0.22 -0.02 -0.05 -0.06 0 0
0.23 -0.02 0.03 -0.03 0 0
0.15 -0.02 -0.04 -0.07 0 0
0.18 -0.02 -0.04 -0.03 0 0
0.21 -0.05 -0.04 -0.01 0 0
0.18 -0.04 -0.02 0.00 0 0
0.18 -0.03 0.01 -0.03 0 0
0.18 -0.04 0.01 -0.04 0 0
0.16 -0.03 0.00 -0.03 0 0
0.14 -0.04 -0.03 -0.04 0 0
0.13 -0.01 -0.01 -0.06 0 0
0.13 0.02 0.03 -0.05 0 0
0.10 -0.01 -0.01 -0.00 0 0
0.16 -0.06 -0.01 -0.01 0 0
0.16 -0.03 -0.02 -0.05 0 0
0.23 -0.02 -0.03 -0.06 0 0
0.16 -0.02 -0.00 -0.07 0 0
0.18 0.02 0.02 -0.07 0 0
0.14 0.02 -0.02 -0.09 0 0
0.22 0.01 -0.05 -0.05 0 0
0.16 0.01 -0.06 -0.04 0 0
0.18 -0.04 0.01 -0.01 0 0
0.10 -0.04 -0.03 -0.02 0 0
0.19 -0.01 -0.06 0.01 0 0
0.16 -0.04 -0.02 0.00 0 0
0.17 -0.01 0.02 -0.06 0 0
0.14 -0.02 -0.04 -0.01 0 0
0.18 -0.02 -0.04 0.03 0 0
0.13 -0.03 0.05 -0.02 0 0
0.18 -0.05 0.01 -0.05 0 0
0.20 -0.02 -0.01 0.01 0 0
0.13 -0.07 -0.03 0.02 0 0
0.19 -0.00 -0.06 0.02 0 0
0.17 0.01 0.00 0.03 0 0
0.21 -0.03 -0.01 -0.00 0 0
0.11 -0.05 -0.04 -0.03 0 0
0.12 -0.05 -0.03 -0.03 0 0
0.17 -0.01 -0.05 -0.06 0 0
0.15 -0.07 -0.02 -0.11 0 0
0.15 -0.05 0.01 -0.07 0 0
0.13 -0.01 0.02 -0.03 0 0
0.17 -0.01 0.05 -0.03 0 0
0.19 -0.03 0.02 -0.06 0 0
0.17 -0.03 0.02 -0.06 0 0
0.18 -0.07 -0.04 -0.08 0 0
0.12 -0.00 -0.01 -0.09 0 0
0.15 -0.04 -0.02 -0.01 0 0
0.14 0.01 -0.03 -0.04 0 0
0.15 -0.05 -0.00 0.02 0 0
0.18 -0.06 -0.00 -0.01 0 0
0.19 -0.07 -0.02 -0.00 0 0
0.18 -0.02 0.00 -0.07 0 0
0.14 -0.02 -0.02 -0.02 0 0
0.14 -0.02 -0.02 -0.01 0 0
0.20 -0.05 -0.03 -0.00 0 0
0.22 -0.02 -0.07 0.00 0 0
0.17 -0.02 -0.05 -0.04 0 0
0.14 -0.00 -0.01 0.01 0 0
0.13 -0.04 -0.12 -0.05 0 0
0.15 -0.05 -0.11 -0.02 0 0
0.18 -0.08 -0.04 -0.06 0 0
0.14 -0.04 -0.08 -0.04 0 0
0.17 0.00 -0.04 -0.05 0 0
0.18 0.01 -0.05 -0.00 0 0
0.20 0.02 -0.03 -0.05 0 0
0.17 0.01 -0.04 -0.08 0 0
0.14 -0.02 -0.04 -0.05 0 0
0.19 -0.09 -0.02 -0.08 0 0
0.19 -0.04 0.00 -0.08 0 0