-0.81
-0.96
-0.97
-0.96
-0.97
-0.98
-1.01
-1.04
-1.05
-1.04
-1.03
-1.02
-0.99
-0.97
-0.94
-0.96
-0.98
-0.97
-0.97
-0.99
-1.00
-1.01
-1.06
-1.07
-1.03
-1.02
-1.05
-1.07
-1.04
-1.05
-1.06
-1.03
-1.02
-1.04
-1.08
-1.07
-1.10
-1.11
-1.10
-1.11
-1.10
-1.09
-1.05
-1.03
-1.00
-0.99
-1.00
-0.99
-1.02
-1.04
-1.05
-1.09
-1.10
-1.04
-1.02
-1.01
-1.03
-1.01
-1.01
-1.01
-1.03
-1.05
-1.08
-1.05
-1.01
-1.01
-1.03
-1.05
-1.06
-1.05
-1.04
-1.03
-0.99
-1.00
-1.01
-1.03
-1.04
-1.05
-1.04
-1.03
-1.02
-1.02
-1.06
-1.04
-1.07
-1.10
-1.11
-1.06
-1.04
-1.05
-1.04
-1.06
-1.09
-1.12
-1.09
-1.11
-1.10
-1.09
-1.10
-1.14
-1.14
-1.16
-1.11
-1.11
-1.09
-1.07
-1.06
-1.04
-1.01
-1.02
-1.02
-1.02
-1.00
-1.02
-1.02
-0.99
-1.00
-1.00
-1.00
-0.99
-0.97
-0.97
-0.98
-0.98
-0.98
-0.98
-0.97
-0.98
-1.01
-1.01
-1.04
-1.03
-1.00
-1.01
-1.01
-1.04
-1.05
-1.05
-1.04
-1.08
-1.12
-1.10
-1.07
-1.05
-1.03
-1.05
-1.08
-1.11
-1.10
-1.10
-1.09
-1.07
-1.03
-1.05
-1.04
-1.06
-1.09
-1.10
-1.08
-1.05
-1.05
-1.05
-1.05
-1.06
-1.06
-1.08
-1.06
-1.08
-1.07
-1.11
-1.13
-1.09
-1.12
-1.11
-1.11
-1.09
-1.07
-1.05
-1.04
-1.05
-1.06
-1.04
-1.04
-1.02
-1.03
-1.04
-1.07
-1.09
-1.11
-1.12
-1.13
-1.12
-1.09
-1.06
-1.02
-1.01
-1.01
-1.01
-1.05
-1.08
-1.07
-1.04
-1.04
-1.05
-1.07
-1.04
-1.03
-1.00
-1.00
-1.04
-1.12
-1.14
-1.15
-1.14
-1.11
-1.09
-1.11
-1.09
-1.09
-1.13
-1.12
-1.09
-1.14
-1.16
-1.13
-1.09
-1.10
-1.10
-1.12
-1.12
-1.11
-1.17
-1.18
-1.17
-1.15
-1.14
-1.07
-1.04
-1.04
-1.08
-1.05
-1.00
-1.07
-1.08
-1.02
-1.02
-1.07
-1.09
-1.09
-1.09
-1.11
-1.09
-1.09
-1.09
-1.12
-1.14
-1.15
-1.17
-1.19
-1.17
-1.15
-1.08
-1.07
-1.04
-1.07
-1.05
-1.07
-1.12
-1.17
-1.18
-1.17
-1.14
-1.11
-1.05
-1.05
-1.03
-0.96
-0.90
-0.91
-0.92
-0.95
-0.96
-0.99
-1.01
-1.05
-1.09
-1.06
-1.07
-1.12
-1.15
-1.11
-1.10
-1.12
-1.14
-1.14
-1.17
-1.15
-1.14
-1.13
-1.15
-1.11
-1.11
-1.09
-1.06
-1.01
-1.05
-1.03
-1.05
-1.09
-1.12
-1.10
-1.08
-1.04
-0.98
-0.96
-0.95
-0.93
-0.91
-0.92
-0.92
-0.96
-0.97
-0.99
-0.91
-0.93
-0.99
-1.17
-1.26
-1.24
-1.24
-1.24
-1.22
-1.20
-1.20
-1.20
-1.22
-1.20
-1.24
-1.25
-1.20
-1.20
-1.17
-1.16
-1.17
-1.08
-1.08
-1.13
-1.13
-1.12
-1.11
-1.02
-1.02
-1.02
-0.98
-0.99
-0.98
-0.98
-0.96
-0.95
-0.89
-0.87
-0.84
-0.86
-0.88
-0.90
-0.91
-0.98
-0.96
-1.00
-1.02
-1.05
-1.08
-1.11
-1.11
-1.08
-1.11
-1.09
-1.12
-1.14
-1.11
-1.05
-1.01
-1.01
-1.05
-1.04
-1.02
-0.98
-0.98
-0.98
-1.02
-1.06
-1.07
-1.04
-1.03
-1.03
-1.01
-1.03
-1.02
-1.01
-1.03
-1.04
-1.06
-1.02
-1.01
-0.97
-0.98
-1.00
-1.06
-1.07
-1.02
-1.01
-1.01
-1.00
-1.03
-1.03
-1.01
-1.02
-1.01
-1.00
-0.94
-0.95
-0.95
-0.93
-0.92
-0.89
-0.91
-0.89
-0.92
-0.91
-0.91
-0.94
-0.96
-0.96
-0.98
-1.00
-1.00
-0.99
-0.98
-1.00
-1.00
-1.02
-1.01
-1.01
-1.00
-1.00
-1.02
-1.03
-1.03
-1.03
-1.03
-1.04
-1.04
-1.04
-1.02
-0.97
-0.99
-1.02
-1.03
-1.02
-0.99
-0.98
-0.96
-0.96
-0.97
-0.98
-0.98
-0.99
-1.01
-1.05
-1.09
-1.08
-1.04
-1.03
-1.03
-1.00
-0.98
-0.96
-0.96
-0.97
-0.98
-0.98
-0.97
-0.98
-0.98
-0.98
-0.96
-0.95
-0.95
-0.94
-0.97
-0.97
-0.95
-0.93
-0.92
-0.90
-0.88
-0.89
-0.90
-0.89
-0.94
-0.91
-0.91
-0.90
-0.91
-0.92
-0.90
-0.88
-0.80
-0.76
-0.82
-0.92
-1.01
-1.00
-0.98
-0.97
-0.95
-1.03
-1.15
-1.37
-1.70
-1.84
-1.66
-1.54
-1.67
-1.94
-2.04
-2.14
-2.22
-2.28
-2.31
-2.33
-2.49
-2.94
-3.62
-4.24
-4.86
-5.33
-5.69
-5.95
-6.02
-6.09
-6.22
-6.42
-6.67
-6.96
-7.29
-7.55
-7.66
-7.68
-7.79
-7.79
-8.00
-8.18
-8.35
-8.50
-8.54
-8.60
-8.63
-8.69
-8.91
-8.88
-8.62
-8.34
-8.01
-7.64
-7.32
-7.10
-6.92
-6.66
-6.35
-5.97
-5.57
-5.26
-5.00
-4.65
-4.23
-3.75
-3.29
-2.88
-2.55
-2.07
-1.41
-0.63
0.23
1.04
1.82
2.57
3.14
3.86
4.36
4.98
5.35
5.72
6.26
7.00
7.98
8.85
9.63
10.33
11.05
11.68
12.18
12.69
13.27
13.82
14.48
15.15
15.79
16.42
17.12
17.69
18.15
18.45
18.60
18.64
18.58
18.48
18.39
18.38
18.52
18.71
18.93
19.20
19.49
19.66
19.81
19.89
19.86
19.74
19.61
19.47
19.35
19.29
19.30
19.29
19.19
19.11
19.10
19.16
19.28
19.33
19.24
19.00
18.65
18.27
17.84
17.41
17.06
16.75
16.48
16.18
15.95
15.75
15.51
15.18
14.69
14.04
13.29
12.52
11.98
11.62
11.38
11.18
10.93
10.70
10.16
9.20
8.27
7.45
6.79
6.37
6.11
5.88
5.58
5.15
4.56
3.75
2.65
1.26
-0.30
-1.83
-3.22
-4.28
-4.99
-5.38
-5.67
-6.06
-6.66
-7.34
-8.05
-8.71
-9.19
-9.44
-9.56
-9.55
-9.63
-9.62
-9.64
-9.75
-9.93
-10.09
-10.28
-10.22
-10.28
-10.29
-10.26
-9.93
-9.28
-8.66
-8.30
-7.98
-7.67
-7.49
-7.37
-7.36
-7.44
-7.57
-7.75
-8.07
-8.51
-8.89
-9.11
-9.31
-9.53
-9.67
-9.80
-9.94
-10.12
-10.24
-10.15
-9.87
-9.49
-8.98
-8.51
-8.24
-8.18
-8.29
-8.50
-8.60
-8.67
-8.72
-8.84
-8.74
-8.48
-8.22
-7.92
-7.49
-6.93
-6.23
-5.42
-4.73
-4.14
-3.57
-2.97
-2.37
-1.81
-1.25
-0.47
0.16
0.79
1.41
2.09
2.70
3.37
4.08
4.89
5.76
6.76
7.61
8.33
8.91
9.45
9.98
10.49
11.09
11.80
12.49
13.14
13.79
14.39
14.96
15.54
16.18
16.97
17.90
18.84
19.61
20.03
20.16
20.18
20.16
20.22
20.36
20.58
20.85
21.05
21.16
21.20
21.19
21.12
20.97
20.73
20.37
19.94
19.42
18.83
18.20
17.55
16.90
16.30
15.68
15.04
14.39
13.69
13.07
12.53
12.08
11.65
11.18
10.49
9.56
8.73
8.08
7.52
6.95
6.39
5.67
4.97
4.23
3.58
2.90
2.16
1.40
0.66
0.02
-0.51
-0.93
-1.35
-1.78
-2.13
-2.31
-2.71
-3.08
-3.86
-4.84
-5.94
-6.89
-7.52
-8.27
-8.76
-9.27
-9.79
-10.19
-10.64
-11.13
-11.49
-11.71
-11.84
-11.93
-11.73
-11.39
-10.94
-10.55
-10.14
-9.80
-9.49
-9.06
-8.56
-8.21
-7.97
-7.71
-7.34
-6.94
-6.49
-6.07
-5.68
-5.31
-5.03
-4.93
-4.92
-5.03
-5.17
-5.39
-5.64
-5.90
-6.16
-6.39
-6.65
-6.86
-7.07
-7.18
-7.18
-7.16
-7.08
-7.13
-7.18
-7.19
-7.22
-7.27
-7.36
-7.57
-7.83
-8.19
-8.58
-8.82
-8.88
-8.90
-8.79
-8.54
-8.19
-7.71
-7.14
-6.59
-6.10
-5.76
-5.46
-4.95
-4.29
-3.70
-3.12
-2.42
-1.55
-0.60
0.44
1.48
2.46
3.38
4.26
5.08
5.85
6.56
7.27
8.10
9.09
10.17
11.39
12.64
13.86
14.91
15.88
16.68
17.24
17.49
17.59
17.72
18.01
18.36
18.73
19.10
19.44
19.78
20.15
20.57
20.92
21.16
21.31
21.38
21.42
21.47
21.57
21.66
21.69
21.60
21.44
21.21
21.02
20.84
20.66
20.49
20.38
20.31
20.18
19.98
19.79
19.65
19.57
19.49
19.37
19.24
19.20
19.21
19.26
19.37
19.53
19.66
19.75
19.87
19.98
20.05
20.11
20.15
20.24
20.32
20.40
20.49
20.60
20.71
20.81
20.87
20.82
20.63
20.31
19.93
19.53
19.18
18.87
18.63
18.42
18.09
17.60
16.96
16.33
15.52
14.47
13.36
12.23
11.17
10.07
9.03
7.90
6.87
5.96
5.39
5.07
4.78
4.32
3.48
2.13
0.85
-0.20
-1.21
-2.24
-3.30
-4.15
-4.50
-4.57
-4.41
-4.30
-4.33
-4.38
-4.38
-4.47
-4.92
-5.27
-5.50
-5.74
-6.16
-6.86
-7.63
-8.31
-8.84
-9.41
-9.88
-10.30
-10.63
-11.06
-12.13
-13.08
-13.79
-14.50
-14.74
-14.81
-14.84
-14.50
-14.07
-13.71
-13.28
-12.79
-12.31
-11.67
-11.16
-10.81
-10.63
-10.57
-10.50
-10.29
-10.00
-9.64
-9.34
-9.09
-8.83
-8.43
-8.09
-7.57
-7.27
-6.95
-6.65
-6.54
-6.65
-6.86
-7.31
-7.74
-8.10
-8.42
-8.52
-8.59
-8.73
-8.84
-8.96
-9.02
-8.97
-8.78
-8.51
-8.14
-7.67
-7.28
-6.82
-6.16
-5.37
-4.34
-3.12
-1.79
-0.43
0.95
2.28
3.52
4.74
5.96
7.15
8.13
9.15
10.03
10.99
12.01
13.20
14.58
15.99
17.24
18.33
19.27
20.03
20.61
20.97
21.24
21.56
22.10
22.59
22.98
23.27
23.48
23.68
23.97
24.16
24.26
24.22
24.15
24.10
24.07
23.95
23.77
23.59
23.41
23.27
22.98
22.63
22.20
21.74
21.29
20.79
20.28
19.79
19.29
18.86
18.34
17.72
17.00
16.23
15.33
14.37
13.43
12.57
11.87
11.19
10.47
9.55
8.62
7.58
6.44
5.30
4.26
3.31
2.36
1.30
0.21
-0.80
-1.63
-2.26
-2.96
-3.66
-4.57
-5.72
-6.92
-7.81
-8.02
-7.50
-6.54
-5.52
-4.62
-4.11
-4.34
-4.62
-5.41
-5.93
-6.52
-6.68
-6.72
-6.77
-7.05
-7.40
-7.92
-8.63
-9.28
-9.72
-9.95
-10.04
-10.08
-10.13
-10.25
-10.28
-10.15
-10.27
-10.52
-10.80
-10.94
-10.98
-10.88
-10.58
-10.16
-9.87
-9.72
-9.65
-9.48
-9.24
-9.16
-9.13
-9.13
-9.24
-9.33
-9.34
-9.41
-9.43
-9.45
-9.55
-9.71
-10.09
-10.61
-11.07
-11.32
-11.27
-11.07
-10.47
-9.85
-9.50
-9.21
-8.82
-8.28
-7.58
-6.87
-6.22
-5.47
-4.64
-3.72
-2.74
-1.66
-0.63
0.34
1.17
1.93
2.44
2.83
3.26
3.74
4.27
4.88
5.49
6.12
6.86
7.58
8.32
8.99
9.64
10.32
11.15
12.10
13.12
14.29
15.50
16.70
17.57
18.10
18.62
19.12
19.66
20.34
21.03
21.43
21.48
21.35
21.16
20.99
20.85
20.79
20.77
20.67
20.39
19.99
19.54
19.14
18.76
18.47
18.19
17.83
17.29
16.59
15.79
14.99
14.24
13.53
12.83
12.17
11.51
10.83
10.37
10.28
10.52
10.81
10.79
10.28
9.40
8.50
7.82
7.28
6.93
6.54
6.22
5.73
5.24
4.81
4.35
3.86
3.41
2.97
2.38
1.88
1.37
0.88
0.39
-0.04
-0.54
-1.16
-1.86
-3.02
-3.93
-5.00
-5.90
-6.70
-7.27
-8.04
-9.21
-10.57
-11.90
-13.14
-14.41
-15.63
-16.38
-16.92
-17.57
-17.77
-17.77
-17.77
-17.30
-16.63
-15.98
-15.41
-14.84
-14.14
-13.33
-12.63
-11.98
-11.45
-10.89
-10.17
-9.44
-9.00
-8.71
-8.56
-8.40
-8.23
-8.07
-7.94
-7.77
-7.56
-7.29
-7.07
-6.89
-6.82
-7.02
-7.23
-7.54
-8.09
-8.79
-9.18
-9.53
-9.88
-10.37
-10.33
-10.06
-9.64
-9.23
-8.88
-8.52
-8.09
-7.67
-7.22
-6.71
-6.08
-5.39
-4.63
-3.92
-3.26
-2.50
-1.67
-0.77
0.14
1.05
2.07
3.35
4.65
5.97
7.17
8.36
9.39
10.27
11.13
12.01
12.83
13.56
14.32
15.13
16.03
16.91
17.74
18.59
19.43
20.16
20.80
21.23
21.41
21.52
21.63
21.68
21.69
21.62
21.57
21.47
21.34
21.20
21.00
20.65
20.18
19.63
19.12
18.74
18.46
18.24
18.02
17.82
17.63
17.35
16.95
16.41
15.72
14.92
14.16
13.48
13.08
12.85
12.63
12.34
11.94
11.55
11.27
10.87
10.50
9.94
9.38
8.76
8.09
7.40
6.73
6.13
5.56
4.95
4.17
3.28
2.44
1.62
0.93
0.17
-0.66
-1.64
-2.69
-3.84
-5.11
-6.27
-7.46
-8.56
-9.47
-10.05
-10.35
-10.64
-11.17
-12.00
-12.93
-13.97
-15.08
-16.00
-16.61
-16.85
-16.86
-16.40
-15.80
-14.60
-13.58
-12.85
-12.24
-11.69
-11.20
-10.92
-10.78
-10.70
-10.55
-10.45
-10.29
-10.08
-9.83
-9.57
-9.35
-9.27
-9.22
-9.09
-8.84
-8.49
-8.13
-7.85
-7.63
-7.59
-7.81
-8.04
-8.45
-8.88
-9.38
-9.62
-9.93
-9.78
-9.44
-9.30
-9.25
-9.19
-9.11
-9.07
-8.86
-8.46
-7.89
-7.17
-6.33
-5.52
-4.75
-4.08
-3.51
-2.96
-2.27
-1.42
-0.38
0.92
2.10
3.17
4.07
4.79
5.38
5.96
6.65
7.41
8.33
9.32
10.25
11.11
12.01
13.01
14.25
15.58
16.90
18.14
19.11
19.80
20.20
20.50
20.82
21.16
21.51
21.93
22.39
22.87
23.31
23.55
23.61
23.55
23.35
23.00
22.59
22.15
21.71
21.37
21.15
20.94
20.70
20.27
19.60
18.85
18.11
17.46
16.94
16.53
16.16
15.77
15.34
14.82
14.16
13.39
12.53
11.69
10.87
10.22
9.75
9.53
9.23
8.83
8.45
8.01
7.54
7.10
6.60
6.05
5.46
4.96
4.66
4.54
4.38
4.05
3.53
2.76
1.99
1.11
0.34
-0.35
-1.00
-1.55
-1.81
-1.96
-2.01
-2.24
-3.35
-4.12
-4.78
-5.00
-4.95
-4.91
-5.19
-5.73
-6.41
-7.22
-8.09
-9.09
-10.06
-10.99
-11.77
-12.39
-12.78
-12.86
-12.72
-12.46
-12.23
-12.08
-11.86
-11.56
-11.20
-10.50
-9.57
-8.79
-8.08
-7.34
-6.54
-5.72
-5.04
-4.46
-3.77
-3.06
-2.45
-1.94
-1.36
-0.79
-0.18
0.38
0.84
1.24
1.65
2.07
2.47
2.75
2.87
2.90
2.78
2.54
2.28
2.08
1.92
1.77
1.67
1.60
1.58
1.60
1.56
1.48
1.35
1.11
0.86
0.67
0.54
0.43
0.36
0.34
0.27
0.21
0.16
0.13
0.14
0.07
0.01
-0.06
-0.16
-0.35
-0.47
-0.62
-0.64
-0.60
-0.66
-1.02
-1.59
-2.45
-3.62
-5.05
-6.60
-8.27
-9.79
-10.94
-11.61
-11.86
-11.97
-11.95
-11.63
-10.96
-9.97
-9.01
-8.29
-7.65
-7.41
-7.23
-7.26
-7.28
-7.20
-7.06
-7.06
-6.98
-6.82
-6.60
-6.30
-6.08
-5.94
-5.80
-5.58
-5.36
-5.04
-4.69
-4.41
-4.08
-3.42
-2.66
-2.00
-1.66
-1.47
-1.34
-1.03
-0.30
0.91
2.30
3.72
5.16
6.45
7.61
8.64
9.91
10.97
11.95
12.94
13.99
15.03
16.08
17.15
18.22
19.34
20.36
21.14
21.72
22.24
22.69
23.14
23.54
23.81
24.09
24.37
24.55
24.62
24.61
24.46
24.16
23.72
23.13
22.39
21.72
21.05
20.39
19.89
19.00
17.76
16.40
15.19
14.20
13.09
11.64
10.02
8.43
7.27
6.33
5.57
4.56
3.08
1.45
-0.25
-2.16
-4.14
-5.76
-6.83
-7.21
-7.56
-7.78
-8.40
-9.34
-10.21
-10.93
-11.50
-12.00
-12.66
-13.49
-14.52
-15.51
-16.19
-16.72
-16.88
-16.90
-16.91
-16.86
-16.60
-16.18
-15.93
-15.60
-15.33
-14.89
-14.45
-13.92
-13.11
-12.19
-11.43
-10.89
-10.58
-10.35
-10.17
-9.95
-9.62
-9.32
-9.16
-8.98
-8.68
-8.34
-7.98
-7.59
-7.30
-7.18
-7.43
-8.11
-9.10
-9.83
-10.38
-10.42
-10.31
-10.13
-9.77
-9.31
-8.83
-8.37
-7.92
-7.44
-7.01
-6.54
-5.96
-5.14
-4.14
-3.45
-2.93
-2.31
-1.35
-0.09
1.48
2.84
3.78
4.40
4.74
5.19
5.72
6.56
7.69
9.00
10.39
12.00
13.83
15.40
17.02
18.32
19.42
20.38
21.32
22.26
23.09
23.79
24.39
24.85
25.12
25.25
25.25
25.08
24.79
24.38
23.93
23.49
23.00
22.43
21.75
21.01
20.20
19.41
18.55
17.49
16.45
15.41
14.41
13.42
12.36
11.11
9.67
8.30
6.96
5.68
4.55
3.42
2.35
1.20
0.24
-0.43
-0.86
-1.10
-1.31
-1.69
-2.27
-3.20
-4.29
-4.96
-5.36
-5.41
-5.01
-4.39
-4.10
-4.12
-4.44
-4.97
-5.32
-5.78
-6.02
-6.33
-6.80
-7.32
-7.85
-8.50
-9.06
-9.52
-9.88
-10.25
-10.44
-10.42
-10.28
-10.21
-10.33
-10.66
-11.02
-11.23
-11.35
-11.32
-11.16
-10.94
-10.73
-10.51
-10.25
-9.94
-9.68
-9.59
-9.58
-9.60
-9.55
-9.35
-9.11
-8.98
-8.89
-8.80
-8.73
-8.71
-8.81
-8.94
-8.85
-8.60
-8.38
-8.32
-8.44
-8.57
-8.84
-9.41
-9.88
-9.98
-9.91
-9.50
-8.86
-8.05
-7.16
-6.43
-5.97
-5.82
-5.70
-5.44
-5.10
-4.73
-4.12
-3.24
-2.31
-1.52
-0.92
-0.35
0.32
1.07
1.93
2.84
3.72
4.67
5.44
6.06
6.67
7.32
8.11
9.10
10.20
11.45
12.73
13.94
14.97
15.90
16.82
17.70
18.44
18.95
19.25
19.57
20.04
20.55
20.94
21.17
21.31
21.47
21.59
21.68
21.74
21.72
21.48
21.11
20.78
20.62
20.52
20.44
20.24
20.00
19.73
19.40
18.96
18.41
17.87
17.28
16.74
16.24
15.76
15.33
14.85
14.29
13.55
12.64
11.65
10.99
10.57
10.16
9.49
8.70
7.87
6.96
6.03
5.07
4.11
3.17
2.25
1.41
0.64
-0.10
-0.88
-1.71
-2.55
-3.44
-4.34
-5.25
-6.40
-7.43
-8.56
-9.58
-10.38
-10.69
-10.80
-11.10
-11.45
-11.90
-12.48
-12.97
-13.42
-13.84
-14.03
-14.14
-14.02
-13.68
-13.34
-12.90
-12.57
-12.07
-11.37
-10.77
-10.27
-9.75
-9.36
-9.13
-9.01
-8.85
-8.60
-8.26
-8.01
-7.73
-7.52
-7.44
-7.45
-7.35
-7.39
-7.51
-7.67
-7.83
-8.00
-8.04
-8.05
-8.12
-8.25
-8.61
-9.18
-9.91
-10.46
-10.89
-11.27
-11.43
-11.24
-10.84
-10.43
-9.99
-9.55
-9.12
-8.75
-8.46
-8.27
-8.19
-7.98
-7.40
-6.64
-5.76
-4.79
-3.84
-3.02
-2.33
-1.70
-1.16
-0.71
-0.11
0.80
1.89
3.06
4.35
5.83
7.40
9.08
10.73
12.44
14.02
15.54
17.23
18.73
19.98
21.04
21.94
22.66
23.18
23.66
24.23
24.73
25.20
25.54
25.72
25.83
25.94
26.11
26.19
26.15
26.02
25.79
25.38
24.83
24.18
23.63
23.24
22.91
22.58
22.32
22.07
21.80
21.47
21.06
20.62
20.14
19.66
19.19
18.77
18.35
17.83
17.25
16.67
16.19
15.52
14.97
14.50
14.04
13.67
13.41
13.11
12.66
12.07
11.36
10.56
9.89
9.24
8.46
7.54
6.71
6.22
5.88
5.54
4.74
3.51
2.25
1.32
0.69
-0.07
-1.38
-2.84
-4.17
-5.23
-6.09
-6.55
-6.95
-7.56
-7.82
-8.05
-8.10
-8.26
-8.34
-8.94
-9.73
-10.62
-11.56
-12.57
-13.24
-13.30
-12.90
-12.34
-11.87
-11.52
-11.45
-11.39
-11.32
-11.12
-10.89
-10.50
-10.08
-9.58
-8.83
-8.24
-7.82
-7.25
-6.62
-6.12
-5.71
-5.42
-5.21
-5.09
-5.21
-5.68
-6.27
-6.82
-7.32
-7.73
-8.18
-8.64
-9.00
-9.19
-9.23
-9.09
-8.72
-8.39
-7.94
-7.61
-7.47
-7.64
-7.99
-8.48
-8.99
-9.41
-9.78
-9.94
-9.96
-9.98
-10.05
-10.06
-9.80
-9.47
-9.15
-8.75
-8.32
-7.72
-6.95
-6.14
-5.44
-4.84
-4.35
-3.85
-3.35
-2.73
-1.90
-0.92
0.21
1.35
2.42
3.43
4.41
5.56
6.78
8.05
9.38
10.67
12.02
13.55
15.02
16.44
17.84
19.12
20.18
21.09
21.87
22.66
23.44
24.11
24.56
25.01
25.55
26.04
26.58
27.12
27.52
27.92
28.26
28.45
28.40
28.08
27.44
26.62
25.78
25.04
24.36
23.73
23.21
22.53
21.75
20.87
19.63
18.30
16.79
15.23
13.71
12.27
11.10
10.18
9.31
8.46
7.60
6.68
5.78
4.86
3.73
2.46
1.31
0.27
-0.50
-1.20
-1.93
-2.78
-3.79
-5.31
-5.96
-6.76
-7.17
-7.32
-7.45
-7.99
-8.85
-9.77
-10.74
-11.91
-13.01
-13.93
-14.67
-15.48
-16.56
-17.46
-17.87
-17.95
-17.81
-17.44
-16.91
-16.31
-15.74
-15.11
-14.30
-13.65
-13.01
-12.33
-11.56
-10.90
-10.30
-9.74
-9.34
-8.95
-8.55
-8.20
-7.88
-7.53
-7.28
-7.20
-7.19
-7.24
-7.26
-7.57
-7.87
-8.12
-8.32
-8.34
-8.23
-8.10
-8.04
-8.08
-8.20
-8.40
-8.60
-8.78
-8.92
-8.95
-8.79
-8.32
-7.49
-6.55
-5.55
-4.56
-3.69
-2.88
-2.03
-1.16
-0.61
-0.10
0.30
0.68
1.20
2.07
3.12
4.10
4.92
5.67
6.32
7.12
8.04
9.05
10.28
11.48
12.61
13.81
15.09
16.43
17.72
18.87
19.79
20.52
21.13
21.69
22.27
22.93
23.45
23.90
24.33
24.70
24.99
25.24
25.39
25.38
25.22
24.96
24.62
24.21
23.65
23.04
22.35
21.60
20.85
20.09
19.33
18.58
17.82
16.98
15.96
14.81
13.71
12.46
11.37
10.19
8.93
7.75
6.51
5.54
4.70
3.79
2.76
1.72
0.83
0.17
-0.46
-1.46
-2.86
-4.01
-4.80
-5.56
-5.59
-5.53
-5.51
-5.60
-6.02
-6.86
-7.93
-9.07
-10.08
-11.23
-12.47
-13.73
-14.53
-14.85
-14.80
-14.69
-14.21
-13.66
-13.15
-12.84
-12.42
-12.20
-12.28
-12.20
-12.05
-11.93
-11.59
-11.15
-10.68
-10.38
-10.07
-9.48
-8.90
-8.51
-8.37
-8.26
-8.12
-8.16
-8.38
-8.80
-9.24
-9.26
-9.18
-8.93
-8.39
-8.03
-7.77
-7.57
-7.67
-7.80
-7.99
-8.09
-8.04
-7.82
-7.53
-7.17
-6.71
-6.04
-5.46
-5.21
-5.23
-5.38
-5.68
-6.10
-6.50
-6.88
-7.08
-7.06
-6.78
-6.36
-5.93
-5.58
-5.37
-5.02
-4.62
-4.01
-3.16
-2.21
-1.20
-0.28
0.64
1.57
2.71
4.19
5.83
7.40
8.72
9.79
10.42
10.81
11.29
12.06
13.04
14.09
14.92
15.41
15.61
15.72
15.96
16.54
17.51
18.65
19.82
20.86
21.67
22.25
22.72
23.02
23.12
23.07
23.05
23.07
23.11
23.14
23.10
22.98
22.85
22.62
22.34
22.05
21.80
21.50
21.17
20.72
20.18
19.45
18.56
17.53
16.51
15.46
14.43
13.39
12.32
11.43
10.60
10.00
9.37
8.65
7.52
5.91
3.95
1.72
-0.05
-1.48
-2.75
-4.11
-5.51
-6.69
-7.32
-7.89
-7.99
-8.69
-9.64
-10.77
-11.95
-13.10
-13.88
-14.19
-14.11
-13.76
-13.35
-12.97
-12.68
-12.65
-12.84
-13.08
-13.17
-12.72
-12.06
-11.26
-10.60
-10.18
-9.83
-9.52
-9.36
-9.16
-8.90
-8.70
-8.57
-8.58
-8.60
-8.54
-8.49
-8.42
-8.31
-8.16
-8.08
-7.94
-7.87
-7.82
-7.84
-7.73
-7.64
-7.50
-7.27
-6.96
-6.68
-6.44
-6.25
-6.08
-5.88
-5.64
-5.37
-5.57
-5.76
-5.90
-5.94
-5.90
-5.84
-5.85
-5.96
-6.13
-6.35
-6.65
-7.00
-7.58
-8.38
-8.84
-8.99
-8.99
-8.88
-8.79
-8.53
-8.11
-7.66
-7.11
-6.43
-5.58
-4.54
-3.30
-2.06
-1.01
0.01
0.82
1.72
2.73
3.92
5.25
6.49
7.79
9.07
10.33
11.80
13.24
14.61
15.84
17.17
18.33
19.37
20.34
21.22
22.03
22.76
23.39
23.98
24.49
24.96
25.26
25.37
25.28
25.06
24.83
24.64
24.47
24.28
24.05
23.75
23.36
22.89
22.35
21.73
21.07
20.36
19.51
18.69
17.78
16.67
15.54
14.44
13.46
12.38
11.67
10.75
9.75
8.83
7.94
6.90
5.86
4.72
3.49
2.26
1.05
-0.15
-1.36
-2.44
-3.31
-4.41
-4.89
-5.40
-6.19
-7.07
-7.82
-8.73
-9.71
-10.73
-11.56
-12.03
-12.24
-12.55
-13.12
-13.56
-13.91
-14.22
-14.43
-14.36
-13.96
-13.43
-12.62
-11.74
-10.83
-9.83
-9.08
-8.30
-7.46
-6.56
-5.66
-4.94
-4.15
-3.55
-3.06
-2.54
-2.11
-1.76
-1.59
-1.52
-1.48
-1.50
-1.67
-2.03
-2.62
-3.46
-4.41
-5.32
-6.04
-6.72
-7.29
-7.71
-8.19
-8.62
-9.12
-9.62
-10.25
-10.87
-11.31
-11.52
-11.27
-10.91
-10.49
-10.23
-10.10
-10.16
-10.26
-10.19
-9.83
-9.41
-8.90
-8.35
-7.76
-7.24
-6.70
-6.24
-5.90
-5.65
-5.36
-4.96
-4.45
-3.69
-2.79
-1.86
-1.03
-0.46
-0.13
0.12
0.49
1.01
1.64
2.24
2.75
3.22
3.85
4.60
5.55
6.62
7.81
8.92
10.15
11.45
12.87
14.33
15.64
16.81
17.75
18.57
19.34
20.12
20.68
21.16
21.54
22.00
22.44
22.83
23.10
23.14
23.02
22.79
22.47
22.12
21.83
21.56
21.30
21.04
20.76
20.34
19.69
18.81
17.81
16.82
15.84
15.05
14.21
13.43
12.75
12.17
11.62
10.95
10.03
8.81
7.59
6.32
5.21
4.23
3.55
3.03
2.60
2.28
1.65
0.85
-0.38
-2.07
-3.92
-6.31
-7.58
-8.11
-7.66
-6.65
-5.65
-5.39
-6.02
-7.70
-9.89
-12.40
-14.73
-16.36
-17.47
-17.88
-17.75
-17.32
-16.77
-16.27
-15.54
-14.76
-14.10
-13.25
-12.69
-12.34
-12.07
-11.47
-10.70
-9.75
-8.72
-7.50
-6.21
-5.13
-4.15
-3.51
-3.12
-2.82
-2.28
-1.58
-0.91
-0.31
0.14
0.31
0.19
-0.17
-0.79
-1.37
-1.82
-2.38
-3.05
-3.88
-4.58
-5.24
-5.93
-6.31
-6.54
-6.82
-7.10
-7.29
-7.55
-7.81
-7.94
-8.37
-8.67
-9.11
-9.59
-10.12
-10.60
-11.06
-11.37
-10.93
-10.51
-10.27
-10.20
-10.23
-10.15
-9.85
-9.43
-9.08
-8.81
-8.24
-7.40
-6.58
-5.87
-5.02
-3.87
-2.67
-1.64
-0.92
-0.38
0.46
1.57
2.89
4.22
5.44
6.53
7.60
8.68
9.93
11.50
13.00
14.59
16.21
17.84
19.51
21.03
22.25
23.09
23.66
24.02
24.29
24.57
24.67
24.76
24.86
25.05
25.17
25.26
25.14
24.77
24.37
23.95
23.50
22.99
22.48
21.81
21.09
20.22
19.25
18.25
17.27
16.28
15.27
14.16
12.99
11.81
10.58
9.25
7.87
6.66
6.03
5.45
5.08
4.48
3.53
2.19
0.60
-0.91
-2.31
-3.49
-4.52
-5.26
-5.92
-5.81
-5.46
-5.00
-4.84
-5.20
-6.12
-7.49
-9.15
-10.64
-12.05
-13.59
-15.08
-16.01
-15.88
-15.27
-14.71
-14.30
-13.92
-13.77
-13.75
-13.55
-13.07
-12.56
-11.96
-11.16
-10.52
-9.86
-9.20
-8.59
-8.12
-7.86
-7.73
-7.39
-6.93
-6.49
-6.24
-6.00
-5.70
-5.40
-5.15
-5.02
-4.86
-4.72
-4.60
-4.54
-4.62
-4.86
-5.22
-5.75
-6.28
-6.80
-7.31
-7.64
-7.89
-7.90
-7.90
-7.81
-7.61
-7.58
-7.69
-7.83
-7.89
-8.19
-8.29
-8.61
-9.00
-9.45
-9.73
-9.80
-9.42
-8.74
-7.87
-7.02
-6.17
-5.27
-4.30
-3.40
-2.63
-1.95
-1.13
-0.14
0.87
1.82
2.89
3.93
4.81
5.57
6.20
6.78
7.33
7.95
8.65
9.38
10.19
11.09
12.08
13.07
14.04
14.86
15.61
16.42
17.26
18.09
18.85
19.63
20.31
20.89
21.40
21.81
22.14
22.52
22.80
23.03
23.15
23.21
23.21
23.14
23.00
22.83
22.74
22.69
22.65
22.52
22.41
22.27
22.07
21.85
21.62
21.24
20.80
20.01
19.01
18.00
16.91
15.74
14.52
13.36
12.34
11.49
10.58
9.83
9.12
8.38
7.55
6.67
5.63
4.65
3.53
2.25
0.83
-0.52
-1.69
-3.05
-3.92
-4.65
-5.26
-5.67
-5.79
-5.90
-7.57
-19.57
-34.56
-35.84
-29.70
-21.66
-14.06
-6.54
0.32
4.98
7.42
8.17
7.79
7.82
9.38
12.26
15.82
18.86
20.50
20.42
18.70
14.53
2.53
-20.50
-32.67
-30.30
-25.52
-21.63
-18.59
-15.59
-12.47
-9.19
-5.69
-2.28
0.13
1.11
1.06
0.27
-0.83
-2.05
-3.02
-3.27
-2.96
-2.33
-1.65
-1.09
-0.74
-0.51
-0.40
-0.46
-0.56
-0.69
-0.71
-0.60
-0.46
-0.31
-0.19
-0.16
-0.12
-0.13
-0.14
-0.08
0.03
0.12
0.28
0.45
0.63
0.81
0.93
0.98
1.00
0.97
0.97
0.92
0.88
0.76
0.58
0.30
-0.02
-0.38
-0.61
-0.62
-0.49
-0.20
0.11
0.41
0.61
0.72
0.71
0.64
0.57
0.56
0.61
0.65
0.68
0.66
0.61
0.54
0.47
0.40
0.36
0.38
0.39
0.45
0.49
0.54
0.64
0.73
0.78
0.79
0.75
0.66
0.56
0.42
0.34
0.20
0.11
0.07
0.00
-0.01
0.02
0.07
0.15
0.22
0.24
0.33
0.34
0.38
0.40
0.40
0.41
0.37
0.38
0.41
0.44
0.46
0.52
0.56
0.55
0.54
0.54
0.50
0.49
0.50
0.50
0.51
0.54
0.53
0.55
0.54
0.56
0.56
0.58
0.61
0.64
0.68
0.70
0.70
0.69
0.67
0.66
0.65
0.66
0.69
0.67
0.65
0.63
0.65
0.68
0.67
0.68
0.70
0.71
0.72
0.68
0.68
0.67
0.68
0.65
0.62
0.63
0.63
0.65
0.67
0.65
0.64
0.65
0.66
0.66
0.65
0.65
0.65
0.65
0.66
0.67
0.69
0.70
0.71
0.69
0.71
0.72
0.71
0.72
0.69
0.66
0.69
0.70
0.70
0.68
0.68
0.65
0.62
0.61
0.63
0.65
0.65
0.67
0.68
0.66
0.65
0.64
0.60
0.57
0.56
0.49
0.49
0.50
0.51
0.52
0.56
0.57
0.60
0.63
0.65
0.68
0.72
0.73
0.74
0.71
0.66
0.62
0.59
0.54
0.56
0.57
0.58
0.58
0.59
0.58
0.57
0.58
0.59
0.59
0.60
0.60
0.58
0.59
0.56
0.55
0.54
0.50
0.47
0.47
0.51
0.54
0.57
0.59
0.61
0.65
0.67
0.68
0.69
0.70
0.74
0.76
0.77
0.73
0.70
0.68
0.67
0.69
0.69
0.70
0.70
0.68
0.63
0.62
0.63
0.60
0.58
0.63
0.67
0.71
0.72
0.71
0.68
0.67
0.66
0.64
0.62
0.57
0.60
0.57
0.55
0.57
0.59
0.57
0.56
0.55
0.57
0.59
0.59
0.63
0.65
0.66
0.70
0.69
0.71
0.74
0.78
0.82
0.83
0.81
0.76
0.69
0.63
0.59
0.57
0.60
0.57
0.57
0.60
0.67
0.74
0.77
0.74
0.74
0.70
0.67
0.64
0.65
0.64
0.63
0.59
0.60
0.60
0.60
0.63
0.65
0.63
0.62
0.66
0.65
0.64
0.66
0.65
0.65
0.64
0.61
0.63
0.64
0.60
0.59
0.61
0.60
0.61
0.62
0.61
0.63
0.63
0.65
0.64
0.64
0.64
0.63
0.63
0.62
0.62
0.62
0.60
0.58
0.61
0.57
0.51