=~=~=~=~=~=~=~=~=~=~=~= PuTTY log 2021.09.22 19:18:55 =~=~=~=~=~=~=~=~=~=~=~=
0.60 -3.77 3.07 3.08
-0.02 -0.00 1.02  0.01 0.22 0.70 -0.26 -0.03 0.01 0.90  -0.78 0.23 0.75 0.49 -0.00 -0.00 0.99  -0.01 -0.12 0.39 -0.08 0.01 -0.05 0.86  0.37 0.10 -0.62 -3.75 3.07 3.08
-0.02 -0.00 1.01  0.12 0.25 0.72 -0.31 -0.03 0.00 0.90  -0.77 0.14 0.72 0.41 0.00 -0.01 0.99  0.48 -0.31 0.44 -0.34 0.01 -0.05 0.86  0.66 -0.08 -0.40 -4.07 3.07 3.08
-0.02 -0.00 1.02  0.14 -0.06 0.63 -0.30 -0.03 0.00 0.90  -0.68 0.30 0.70 0.35 -0.00 -0.00 0.99  0.53 -0.56 0.47 -0.09 0.01 -0.05 0.86  1.18 -0.09 -0.50 -4.04 3.07 3.08
-0.02 -0.00 1.02  0.01 0.09 0.68 -0.30 -0.03 0.01 0.90  -0.61 -0.13 0.60 0.47 0.00 -0.00 0.99  -0.02 -1.03 0.58 -0.14 0.02 -0.05 0.86  0.76 0.22 -0.47 -3.86 3.07 3.08
-0.02 -0.00 1.02  0.11 0.35 0.69 -0.32 -0.03 0.01 0.90  -0.62 0.28 0.67 0.46 0.00 -0.00 0.99  0.02 -0.69 0.36 -0.24 0.01 -0.04 0.86  0.36 0.43 -0.49 -3.58 3.07 3.08
-0.02 -0.00 1.02  0.14 0.28 0.73 -0.34 -0.03 0.01 0.91  -0.77 0.22 0.65 0.46 0.00 -0.00 0.99  0.82 -0.19 0.34 -0.22 0.01 -0.04 0.86  0.32 0.33 -0.54 -3.68 3.07 3.08
-0.02 -0.00 1.02  -0.01 0.07 0.71 -0.32 -0.03 0.01 0.91  -0.84 0.43 0.64 0.42 -0.00 -0.00 0.99  0.43 -0.13 0.27 -0.14 0.01 -0.04 0.86  -0.33 0.29 -0.47 -3.66 3.07 3.08
-0.02 -0.01 1.02  0.02 0.32 0.72 -0.38 -0.03 0.01 0.90  -0.79 -0.02 0.55 0.47 0.00 -0.00 0.99  0.89 -0.61 0.27 -0.20 0.01 -0.05 0.86  -0.40 0.23 -0.55 -3.79 3.07 3.08
-0.02 -0.01 1.02  0.08 0.25 0.69 -0.37 -0.03 0.01 0.91  -0.73 0.14 0.47 0.43 -0.01 -0.00 0.99  1.03 -0.25 0.25 -0.21 0.01 -0.05 0.86  -0.12 0.01 -0.66 -3.87 3.07 3.08
-0.02 -0.00 1.02  -0.01 0.11 0.70 -0.34 -0.04 0.00 0.90  -0.67 0.01 0.25 0.33 0.00 -0.00 0.99  0.60 -0.94 0.41 -0.26 0.01 -0.05 0.86  0.02 -0.03 -0.51 -3.93 3.07 3.08
-0.02 -0.01 1.02  -0.04 0.13 0.60 -0.36 -0.03 0.00 0.90  -0.33 0.29 0.12 0.35 0.00 -0.00 0.98  0.93 0.13 0.27 -0.25 0.01 -0.05 0.86  -0.15 -0.36 -0.53 -3.80 3.07 3.08
-0.02 -0.01 1.01  0.11 0.21 0.55 -0.37 -0.03 0.01 0.90  -0.07 0.19 0.00 0.43 0.00 0.00 0.99  0.51 -0.17 0.28 -0.01 0.01 -0.05 0.86  -0.08 -0.67 -0.47 -4.08 3.07 3.08
-0.02 -0.00 1.02  -0.05 0.06 0.56 -0.28 -0.03 0.00 0.91  -0.13 0.55 -0.06 0.35 -0.00 -0.01 0.99  0.40 0.46 0.25 -0.35 0.01 -0.05 0.86  0.52 -0.74 -0.26 -4.15 3.07 3.08
-0.02 -0.00 1.02  -0.09 -0.14 0.53 -0.32 -0.03 0.01 0.91  -0.15 -0.03 -0.08 0.45 0.00 -0.00 0.99  0.80 -0.64 0.50 -0.17 0.01 -0.04 0.86  0.21 -1.12 -0.39 -3.68 3.07 3.08
-0.02 -0.01 1.02  -0.09 0.16 0.49 -0.35 -0.03 0.01 0.90  0.13 0.04 0.00 0.42 0.01 -0.00 0.99  0.95 -1.22 0.70 -0.04 0.01 -0.05 0.86  -0.76 -0.63 -0.44 -3.82 3.06 3.08
-0.02 -0.00 1.02  -0.10 -0.09 0.31 -0.32 -0.03 0.00 0.91  0.30 1.04 -0.11 0.32 0.01 -0.00 0.99  0.01 0.13 1.09 -0.08 0.00 -0.05 0.86  -0.33 0.65 -0.87 -4.25 3.06 3.08
-0.02 -0.00 1.02  -0.32 -0.22 0.37 -0.30 -0.04 0.01 0.90  0.64 2.59 -0.31 0.40 0.01 -0.00 0.98  -0.47 3.71 1.51 -0.21 -0.00 -0.04 0.86  -0.37 0.46 -2.66 -3.30 3.07 3.08
-0.02 -0.00 1.02  -0.36 -0.38 0.37 -0.33 -0.03 0.00 0.90  1.44 2.41 -0.06 0.14 0.00 -0.00 0.98  -0.24 0.83 2.82 -0.30 -0.01 -0.05 0.85  0.21 -0.52 -3.65 -3.71 3.07 3.08
-0.01 -0.01 1.01  0.03 -0.17 0.55 -0.36 -0.02 0.00 0.91  2.21 -1.54 0.81 0.26 0.01 -0.01 1.00  -0.50 -5.12 3.25 -0.47 -0.03 -0.07 0.85  1.50 -0.40 -2.14 -5.59 3.07 3.08
-0.01 -0.00 1.02  -0.28 -0.19 0.98 -0.31 -0.02 0.00 0.91  2.02 -1.83 1.82 0.25 0.03 -0.01 0.99  0.49 -4.74 3.15 -0.68 -0.03 -0.07 0.85  5.44 -1.52 -0.74 -5.77 3.07 3.08
-0.01 -0.01 1.01  -0.46 -0.10 1.06 -0.50 -0.02 0.00 0.90  2.73 -0.03 2.50 0.10 0.02 -0.00 0.97  0.80 -2.14 2.78 -0.37 0.00 -0.05 0.86  7.69 -1.58 -0.52 -4.55 3.07 3.08
-0.01 -0.01 1.01  -0.01 0.44 1.04 -0.54 -0.02 -0.01 0.90  4.39 -2.96 2.81 -0.30 0.01 -0.00 0.97  -0.91 -5.80 3.67 -0.26 -0.01 -0.05 0.86  8.86 -0.50 -0.62 -3.95 3.06 3.08
-0.02 -0.01 1.02  -0.09 0.03 0.80 -0.45 -0.05 0.00 0.92  5.83 -3.38 3.49 0.02 0.00 0.00 0.99  -1.34 -5.27 4.01 -0.03 -0.01 -0.05 0.86  8.58 -1.98 -0.02 -4.07 3.06 3.08
-0.02 -0.00 1.02  -0.77 -1.51 0.73 -0.37 -0.04 0.00 0.94  6.01 -5.04 3.69 0.22 -0.01 -0.01 1.00  -1.44 -4.22 3.74 -0.41 -0.00 -0.04 0.87  8.30 -2.86 1.37 -3.52 3.03 3.08
-0.01 -0.01 1.01  -0.66 -1.10 0.91 -0.43 -0.03 0.01 0.94  4.91 -4.38 4.10 0.68 -0.01 0.00 1.01  0.76 -3.22 3.89 0.09 0.02 -0.03 0.88  6.96 -4.96 2.00 -2.58 3.03 3.07
-0.01 -0.01 1.01  -0.16 0.33 1.04 -0.52 -0.04 0.01 0.95  4.06 -3.04 4.68 0.86 -0.01 0.00 1.00  1.23 -3.49 3.85 0.30 0.04 -0.02 0.88  5.37 -4.24 1.49 -1.70 3.03 3.06
-0.02 -0.01 1.01  -0.05 -0.09 0.61 -0.50 -0.06 0.01 0.95  4.15 -4.12 4.89 0.52 -0.02 0.00 0.99  2.42 -5.14 4.17 0.32 0.05 -0.02 0.89  2.31 -1.12 -1.06 -1.67 3.03 3.07
-0.03 -0.00 1.02  -0.59 -1.49 -0.20 -0.37 -0.08 -0.00 0.95  4.16 0.10 4.27 0.08 -0.03 0.01 0.99  -0.30 -1.77 5.32 0.76 0.03 -0.02 0.90  0.25 3.37 -3.02 -1.93 3.03 3.08
-0.02 -0.01 1.01  -2.00 -3.36 -1.27 -0.48 -0.08 0.00 0.94  5.08 1.55 3.44 0.24 0.02 0.01 0.98  -6.53 5.12 7.06 0.81 0.01 0.00 0.90  2.13 8.90 -7.13 -0.35 3.03 3.08
0.00 -0.01 1.01  -2.79 -3.41 -1.40 -0.51 0.01 -0.00 0.93  5.65 9.51 4.83 0.01 0.06 -0.03 0.96  -4.34 17.89 8.41 -1.42 -0.04 -0.05 0.91  0.69 10.62 -8.55 -3.23 3.03 3.08
0.01 -0.01 1.00  -1.80 -0.97 0.05 -0.68 -0.02 -0.01 0.93  8.43 4.24 7.41 -0.42 0.02 -0.02 0.96  -2.11 15.19 6.15 -1.20 -0.10 -0.07 0.89  2.08 3.40 -5.53 -4.86 3.03 3.08
0.00 -0.01 1.01  -1.09 1.20 1.72 -0.71 -0.02 -0.00 0.97  10.06 1.35 10.55 -0.07 -0.02 -0.01 0.98  -2.30 0.25 4.82 -1.11 -0.10 -0.08 0.90  7.14 -0.35 -0.05 -5.82 3.03 3.06
-0.01 -0.01 1.01  -1.33 1.30 2.21 -0.75 -0.05 0.02 1.00  8.60 -0.39 13.25 1.11 -0.02 -0.01 1.00  2.22 -2.95 7.86 -0.51 -0.07 -0.03 0.91  11.73 -2.28 4.69 -3.16 3.02 3.03
-0.01 -0.01 1.01  -3.35 -1.01 2.24 -0.64 -0.08 -0.00 1.02  4.28 -0.22 15.69 0.20 -0.04 -0.04 1.00  14.66 8.29 13.05 -2.27 -0.04 -0.01 0.92  15.88 -5.02 4.84 -1.26 2.98 2.93
-0.00 -0.01 1.01  -5.50 -3.49 3.27 -0.89 -0.09 -0.00 1.01  1.14 -4.51 16.22 -0.13 -0.06 0.00 1.03  17.07 12.73 14.08 -0.33 0.01 -0.01 0.92  12.95 -5.18 4.18 -1.11 2.96 2.57
0.03 -0.03 1.00  -4.93 -7.35 4.58 -1.86 -0.03 0.01 1.05  -4.98 4.20 16.21 0.59 -0.06 0.03 1.08  6.85 13.95 13.34 1.49 0.03 -0.01 0.91  9.61 -5.42 4.38 -0.67 2.88 1.34
0.11 -0.05 0.97  5.11 -5.60 5.88 -3.11 0.06 0.05 1.06  -17.54 29.01 18.10 2.67 -0.03 -0.03 1.19  11.60 25.40 15.22 -1.12 0.08 -0.02 0.92  6.14 -7.93 3.34 -1.27 2.72 0.53
0.18 -0.09 1.00  11.94 12.89 10.02 -5.76 0.06 -0.02 1.01  -34.65 55.59 23.20 -0.61 0.03 -0.10 1.28  46.26 52.88 10.25 -4.76 0.12 -0.03 0.92  2.34 -4.06 1.55 -2.27 2.19 0.48
0.07 -0.10 0.93  14.64 16.04 12.42 -7.37 -0.02 -0.04 0.92  -47.63 63.07 24.90 -2.72 -0.04 0.02 1.24  55.76 76.94 -3.56 0.15 0.10 -0.04 0.91  -1.21 -3.18 -3.01 -3.27 0.94 0.67
0.27 0.06 0.87  -20.10 31.64 -18.26 2.32 0.07 -0.04 0.88  -53.17 56.91 20.31 -3.28 -0.08 0.03 1.15  43.78 82.87 -12.72 1.82 0.11 -0.05 0.90  -4.04 -3.93 -7.68 -3.92 0.89 0.55
0.15 0.17 0.95  -34.33 38.16 -32.59 10.69 -0.00 -0.03 0.90  -45.42 82.94 13.30 -2.33 -0.05 0.06 1.07  35.32 64.82 -24.36 3.45 0.13 -0.03 0.89  -7.41 -2.83 -8.27 -3.04 0.87 0.54
0.12 0.23 1.01  -29.78 21.28 -39.47 15.16 -0.10 -0.05 0.94  -28.26 65.71 1.93 -3.40 -0.06 0.02 1.07  39.73 66.58 -31.20 1.71 0.12 -0.03 0.89  -10.60 0.94 -7.85 -2.69 0.77 0.56
0.14 0.35 1.04  -26.74 27.15 -47.86 21.69 -0.11 -0.06 0.96  -3.87 49.26 -9.06 -4.20 -0.17 0.03 1.07  45.76 70.72 -32.97 2.15 0.09 -0.03 0.89  -9.73 2.30 -7.44 -2.76 0.75 0.52
0.07 0.31 1.16  -9.75 3.64 -46.34 19.17 -0.13 -0.06 0.96  24.32 40.82 -21.14 -4.43 -0.20 0.06 1.10  44.55 48.16 -27.91 3.49 0.09 -0.03 0.87  -9.85 3.02 -7.48 -2.27 0.72 0.50
0.05 0.22 1.19  17.69 5.68 -43.24 14.31 -0.16 -0.07 0.94  51.11 19.42 -31.62 -5.19 -0.19 0.07 1.09  39.98 30.65 -22.42 4.18 0.09 -0.04 0.86  -7.11 4.11 -5.66 -3.26 0.68 0.48
0.04 0.23 1.09  35.01 -27.97 -33.17 15.07 -0.14 -0.06 0.93  70.38 -0.22 -41.01 -4.93 -0.17 0.05 1.14  41.43 21.13 -17.17 3.42 0.08 -0.06 0.85  -5.39 4.58 -3.69 -4.49 0.68 0.43
-0.01 0.13 1.13  26.11 -48.71 -16.00 9.65 -0.13 -0.04 0.93  84.97 -15.54 -47.89 -3.57 -0.16 0.11 1.14  44.69 12.07 -9.81 6.10 0.10 -0.04 0.84  -3.92 6.78 -2.71 -3.71 0.58 0.40
0.07 -0.06 1.18  52.17 -50.14 -25.20 -0.95 -0.09 -0.00 0.93  90.50 -31.51 -53.33 -0.73 -0.18 0.11 1.17  42.29 0.88 -6.27 6.84 0.11 -0.05 0.82  -3.59 9.59 -1.08 -4.06 0.63 0.40
-0.06 0.10 1.07  57.53 -36.42 -10.50 4.93 -0.13 0.01 1.00  90.74 -44.28 -54.59 0.75 -0.13 0.19 1.21  33.06 -10.54 -8.88 10.43 0.09 -0.06 0.81  -0.59 11.39 0.56 -4.86 0.66 0.42
-0.16 -0.11 1.18  52.95 -28.55 -8.01 -4.31 -0.08 0.07 1.02  83.43 -48.95 -47.51 4.40 -0.10 0.23 1.29  21.14 -32.66 -6.42 12.17 0.11 -0.05 0.80  3.32 13.61 2.48 -4.36 0.59 0.41
-0.16 -0.06 0.99  57.23 -17.08 -20.06 -4.10 0.04 0.11 1.05  63.39 -19.68 -29.51 6.90 -0.04 0.20 1.36  14.18 -35.42 -5.97 10.92 0.11 -0.05 0.80  3.97 14.65 3.63 -4.70 0.64 0.39
-0.15 -0.13 0.79  10.61 31.17 -26.88 -10.47 0.03 0.19 1.03  26.41 24.46 -6.08 11.63 -0.06 0.24 1.38  7.04 -19.46 -5.55 12.12 0.10 -0.07 0.79  3.13 15.37 3.78 -5.98 0.58 0.40
-0.30 -0.35 0.72  -22.51 21.88 -25.75 -27.80 0.01 0.23 0.92  -22.88 46.93 11.49 16.40 -0.04 0.30 1.38  -11.86 3.95 -6.78 14.58 0.11 -0.06 0.77  2.22 12.24 3.53 -5.69 0.59 0.99
-0.08 0.17 0.99  -35.35 2.96 16.95 4.36 0.09 0.02 1.23  -61.07 25.73 18.97 3.96 -0.10 0.15 1.34  -40.16 13.19 -9.64 9.07 0.12 -0.09 0.78  -1.32 4.69 1.58 -7.50 0.67 3.08
0.10 0.08 1.08  -61.59 -29.91 51.83 5.00 -0.03 -0.08 1.31  -52.98 34.36 1.89 -2.70 -0.24 -0.20 1.43  -8.40 22.71 -10.42 -6.08 0.04 -0.18 0.82  -3.86 -8.61 -3.17 -13.92 0.78 3.10
0.18 0.01 1.00  -33.87 -9.39 64.63 1.83 0.05 0.00 1.06  -71.34 -21.12 -4.45 -0.39 -0.11 0.09 1.56  -2.95 44.04 -34.74 2.01 0.10 -0.15 0.78  -1.30 -17.12 0.10 -13.33 0.75 3.10
-0.12 -0.15 1.20  -29.86 86.54 58.60 -6.83 0.06 -0.01 0.90  -71.97 0.23 -1.08 -0.90 -0.16 0.17 0.99  -15.20 -19.25 -24.37 10.20 0.15 -0.11 0.76  -10.52 -15.82 4.20 -10.77 0.73 3.12
-0.03 -0.07 1.08  -10.51 44.64 27.12 -5.01 -0.06 -0.02 0.79  -58.70 -17.53 -5.21 -1.65 -0.02 0.07 1.05  -41.47 -55.61 -18.34 5.94 0.06 -0.11 0.82  -19.08 -13.88 -2.87 -10.03 0.63 3.13
-0.02 -0.01 1.05  -3.71 14.73 8.86 -1.72 0.05 -0.05 0.77  -44.36 -32.06 -7.78 -3.86 0.09 0.05 0.97  -60.67 -76.22 -15.98 4.10 0.06 -0.09 0.93  -13.56 -11.87 -5.83 -7.53 1.93 3.13
-0.01 -0.00 1.03  -1.28 5.39 3.06 -0.41 0.19 0.01 0.80  -33.49 -20.29 -7.82 -0.10 0.24 0.04 0.99  -77.22 -69.16 -13.06 3.18 0.07 0.06 0.98  -1.97 3.90 -10.08 1.77 2.30 3.13
-0.00 0.01 1.03  -2.24 6.26 1.86 0.49 0.12 0.01 0.85  -30.04 -1.46 -4.94 0.56 0.33 -0.02 1.05  -74.54 -31.89 -6.18 -0.63 -0.03 0.06 0.98  4.76 8.14 -16.87 3.93 2.45 3.13
-0.01 0.01 1.03  -1.86 7.12 2.37 0.45 0.20 0.03 0.84  -26.79 -11.41 -1.56 1.95 0.24 -0.02 1.06  -58.84 -15.07 -1.31 -1.44 -0.05 -0.03 0.95  6.15 5.60 -9.74 -1.24 2.57 3.13
-0.02 0.01 1.03  -2.11 6.57 3.58 0.48 0.15 0.03 0.84  -27.11 -3.96 3.10 2.19 0.13 -0.01 1.01  -47.95 -34.87 -2.23 -0.88 -0.08 -0.05 0.92  2.95 6.21 1.23 -3.23 2.76 3.12
-0.03 -0.00 1.03  1.49 7.38 5.12 0.03 0.12 0.04 0.80  -25.48 -17.18 3.78 3.22 0.16 0.03 0.91  -44.92 -64.93 4.03 1.80 -0.08 -0.01 0.88  0.66 8.59 4.72 -1.60 2.88 3.08
-0.05 0.00 1.04  3.90 7.02 4.70 0.12 0.13 0.04 0.79  -24.23 -19.50 6.03 3.77 0.25 -0.01 0.92  -42.60 -58.55 10.76 -0.58 -0.06 -0.02 0.86  3.41 8.36 5.79 -1.95 2.93 3.06
-0.04 0.01 1.03  3.26 10.35 4.55 0.52 0.13 0.04 0.80  -25.36 -13.99 7.98 3.68 0.28 -0.03 0.94  -41.34 -29.74 4.52 -1.92 -0.08 -0.02 0.84  11.21 1.88 1.16 -1.79 2.98 2.96
-0.07 0.01 1.05  2.36 -5.52 6.04 0.55 0.11 0.04 0.78  -27.63 -10.19 10.42 3.76 0.16 -0.01 0.90  -39.03 -14.12 -0.85 -0.98 -0.07 -0.03 0.81  12.17 -6.06 -2.38 -2.19 3.03 2.77
-0.06 0.01 1.05  0.01 -5.23 6.60 0.89 0.08 0.03 0.77  -29.04 -20.34 13.42 3.26 0.07 0.00 0.91  -42.14 -32.22 5.21 -0.16 -0.07 -0.07 0.79  17.02 -7.48 -0.24 -5.46 3.07 1.89
-0.05 0.02 1.05  -6.81 -5.52 8.92 1.51 0.09 0.04 0.79  -33.92 -24.16 17.96 3.27 0.09 -0.02 0.95  -42.46 -52.93 15.31 -1.53 -0.10 -0.05 0.79  22.96 -16.06 0.15 -5.00 3.08 0.82
-0.06 0.02 1.07  -17.84 -5.85 13.54 1.61 0.08 0.03 0.78  -42.61 -30.09 22.68 2.64 0.17 -0.07 0.93  -34.29 -50.22 14.24 -4.64 -0.06 -0.04 0.81  22.57 -26.34 -0.73 -3.46 3.11 0.66
-0.05 0.00 1.06  -34.24 -9.75 15.22 0.33 0.08 0.02 0.73  -52.23 -25.67 31.02 2.25 0.21 -0.07 0.93  -21.28 -43.77 15.67 -5.18 0.02 -0.03 0.80  14.39 -27.65 1.25 -2.59 3.13 0.57
0.01 -0.02 1.05  -56.47 -23.13 24.53 -0.81 0.06 0.01 0.71  -62.84 -16.43 39.02 1.50 0.24 -0.06 0.96  -9.74 -36.90 17.34 -4.78 -0.08 -0.04 0.81  2.84 -25.38 3.56 -3.49 3.13 0.45
0.06 -0.02 1.06  -96.50 -14.36 43.40 -1.42 0.02 -0.14 0.71  -78.01 -8.94 50.97 -10.55 0.24 -0.19 1.07  -1.91 -35.67 18.35 -10.92 0.07 -0.20 0.89  -14.68 -5.77 17.30 -13.12 3.13 0.30
0.05 -0.03 1.06  -161.60 -15.95 82.22 -1.74 -0.14 -0.23 0.81  -98.55 -18.29 52.14 -18.02 0.12 -0.25 1.19  23.36 -23.45 9.91 -13.91 0.03 -0.17 0.87  -15.97 5.80 18.34 -13.43 3.13 0.14
0.24 -0.12 0.97  -246.64 -4.99 133.79 -7.35 -0.09 -0.40 0.93  -120.34 -24.41 47.02 -27.04 -0.08 -0.16 1.36  49.37 -4.78 16.12 -9.23 -0.06 -0.09 0.95  -9.72 -10.59 12.71 -7.89 3.11 0.21
0.19 -0.85 1.15  -246.64 59.89 151.89 -38.00 0.32 -0.08 0.51  -107.77 -11.12 48.73 -14.17 0.19 -0.11 1.08  90.18 22.66 27.63 -7.40 0.09 0.07 1.03  -5.14 -19.43 20.25 2.36 2.59 0.28
0.57 -0.69 1.49  -25.51 6.27 91.66 -32.36 0.29 0.08 0.31  -85.83 43.14 43.12 10.73 0.28 -0.22 0.67  87.58 37.60 13.72 -19.35 0.20 0.03 1.03  -3.55 -2.15 18.61 2.15 0.44 0.13
0.42 0.22 0.60  117.89 22.21 50.34 14.10 -0.19 0.12 0.67  -19.04 42.88 6.53 12.05 0.16 -0.18 0.69  73.96 88.23 3.18 -18.69 0.12 -0.01 0.96  -6.72 6.92 -4.50 -0.24 0.90 0.25
0.24 0.30 0.58  77.35 47.46 -59.70 30.02 -0.02 0.29 0.58  56.86 -45.47 -10.84 29.21 0.09 -0.03 0.87  78.43 97.37 -10.79 -5.49 0.11 0.01 0.94  -8.14 1.69 -13.90 0.32 0.85 0.30
0.04 0.09 0.81  107.66 -13.68 -124.38 12.03 0.33 0.34 0.47  108.44 34.76 -30.85 41.77 0.02 0.04 0.80  80.08 100.17 -6.49 2.20 0.09 -0.00 0.95  -7.30 -0.13 -7.24 -0.04 0.71 0.38
-0.14 -0.06 1.01  174.43 -32.12 -109.30 -1.03 -0.12 0.15 0.50  152.32 93.18 -41.67 24.81 -0.15 0.09 0.83  77.47 65.02 -9.16 6.85 0.13 0.01 0.92  1.14 5.74 0.34 0.39 0.66 0.32
-0.08 -0.24 1.06  171.49 -3.13 -103.76 -13.03 -0.20 -0.00 0.45  194.48 5.28 -50.17 4.70 -0.16 0.17 0.86  61.76 6.05 -18.21 12.50 0.14 0.04 0.89  2.54 12.31 -0.46 2.53 0.64 0.25
-0.08 -0.40 1.11  157.26 46.65 -70.60 -22.13 -0.03 -0.00 0.38  209.22 -17.47 -62.19 0.91 0.01 0.21 0.89  45.14 -9.58 -16.95 15.60 0.11 -0.02 0.85  1.18 16.12 -3.14 -0.67 0.54 0.18
-0.09 -0.56 1.30  147.22 -18.75 -30.59 -27.72 -0.15 -0.08 0.42  219.19 -16.02 -70.20 -9.85 0.02 0.17 0.94  22.08 -7.71 -16.43 13.18 0.12 -0.02 0.82  8.02 17.20 -3.19 -1.74 0.48 0.18
-0.31 -0.58 1.10  148.86 -100.05 -21.07 -33.14 -0.16 -0.10 0.50  211.32 -62.29 -88.69 -12.94 0.02 0.17 1.10  21.80 -7.56 -18.79 11.65 0.12 -0.02 0.81  7.71 16.86 -1.03 -1.88 0.53 0.20
-0.51 -0.90 0.78  87.16 -202.91 -33.01 -55.55 -0.04 0.17 0.62  153.26 -44.59 -86.20 12.99 -0.07 0.15 1.50  8.61 12.57 -28.66 8.20 0.13 -0.06 0.80  4.83 18.50 1.36 -4.53 0.51 0.19
-0.56 -0.97 0.28  12.35 -125.81 -80.89 -84.78 0.05 0.44 0.69  37.17 28.04 -31.92 34.99 -0.11 0.07 1.64  15.56 33.76 -24.17 4.20 0.09 -0.09 0.78  2.47 17.48 4.74 -7.63 0.40 0.00
-0.57 -0.82 0.49  -79.99 -1.86 -48.01 -76.38 -0.11 0.30 0.85  -75.47 84.75 17.92 26.64 -0.10 0.05 1.48  23.29 28.88 -22.78 2.74 0.14 -0.04 0.75  -1.44 12.50 3.85 -4.39 0.86 3.12
-0.74 -0.56 1.58  -80.51 76.83 125.90 -34.90 -0.15 -0.21 1.01  -97.37 141.17 23.77 -6.40 -0.22 -0.04 1.35  16.11 69.86 -23.70 -0.98 -0.04 -0.17 0.86  -27.85 -2.73 -11.36 -12.45 0.69 3.13
-0.10 -0.33 1.23  -15.70 152.51 73.37 -22.15 -0.23 -0.12 0.70  -106.49 -5.11 2.62 -10.80 -0.13 0.06 0.91  -15.37 11.62 -27.34 3.55 0.10 -0.21 0.86  -29.27 -9.98 -17.31 -16.26 1.90 3.13
-0.13 -0.10 1.11  0.56 61.07 26.66 -9.58 0.01 -0.11 0.62  -81.68 -23.85 3.20 -12.76 -0.06 0.13 0.66  -60.52 -76.05 -20.68 12.01 0.12 -0.12 0.99  -22.81 13.40 -15.08 -10.34 2.57 3.13
-0.10 -0.02 1.08  -0.09 22.02 10.31 -3.12 0.18 -0.04 0.72  -57.84 -12.64 2.14 -6.16 0.43 -0.09 0.92  -84.93 -69.67 -8.69 -3.19 -0.06 0.02 1.02  -10.76 20.53 -27.33 -1.20 2.80 3.13
-0.05 -0.01 1.05  -6.73 6.60 6.23 -1.07 0.11 -0.02 0.79  -45.68 -2.23 5.14 -2.42 0.35 -0.04 0.99  -70.80 -14.12 -0.48 -3.02 -0.12 -0.07 0.97  3.55 5.66 -20.85 -4.14 2.93 3.10
-0.06 -0.01 1.05  -8.46 0.25 6.72 -1.02 0.19 -0.00 0.75  -35.62 -13.61 6.54 -0.59 0.15 -0.03 0.95  -64.87 -17.83 2.70 -2.37 -0.13 -0.03 0.94  -2.53 -0.15 3.34 -2.60 3.00 2.88
-0.08 -0.01 1.05  -12.71 -4.49 6.93 -1.00 0.04 -0.03 0.76  -27.33 -21.37 6.64 -2.41 0.05 -0.03 0.91  -59.73 -68.05 10.39 -2.67 -0.14 0.00 0.89  -5.44 -2.04 5.66 -0.21 3.03 1.75
-0.05 -0.04 1.02  -13.01 -8.56 10.37 -2.18 0.12 0.04 0.79  -20.36 -46.86 3.80 2.49 0.11 0.05 0.84  -60.05 -98.89 20.19 2.69 -0.10 -0.04 0.86  2.12 -9.25 -1.38 -2.72 3.03 0.92
-0.03 -0.06 0.99  -3.20 -2.74 12.66 -3.99 0.22 0.10 0.79  -21.56 -46.70 5.94 7.63 0.35 0.00 0.92  -54.35 -79.36 12.49 0.63 -0.05 0.05 0.82  12.12 -16.08 1.73 3.18 3.06 0.52
-0.08 -0.07 1.00  7.32 4.43 10.95 -4.62 0.12 0.09 0.78  -24.11 -32.49 10.88 7.78 0.28 0.02 0.93  -45.64 -36.79 3.73 1.41 -0.09 0.05 0.77  7.87 -22.34 3.53 4.58 3.07 0.58
-0.08 -0.04 1.01  9.64 1.00 6.42 -3.21 0.09 0.06 0.80  -28.45 -27.99 16.46 5.78 0.12 0.05 0.94  -47.67 -29.23 8.76 3.42 -0.10 -0.05 0.77  9.86 -24.44 2.16 -2.77 3.08 0.56
-0.09 -0.02 1.04  5.72 4.42 5.90 -1.83 0.11 0.05 0.83  -37.06 -24.93 22.17 4.58 0.13 -0.05 0.97  -46.66 -35.35 17.57 -2.51 -0.03 -0.09 0.79  19.82 -26.05 -1.19 -7.08 3.08 0.55
-0.07 -0.01 1.06  -5.80 -6.09 8.41 -0.82 0.08 0.01 0.78  -47.72 -23.25 29.18 1.80 0.16 -0.09 0.97  -31.61 -42.48 16.22 -5.66 -0.00 -0.06 0.85  23.44 -27.32 -2.40 -5.44 3.12 0.48
-0.03 -0.01 1.07  -27.93 -17.59 17.28 -0.94 0.06 -0.01 0.75  -57.55 -22.80 36.02 -0.28 0.16 -0.10 0.96  -17.57 -46.67 19.22 -7.24 0.03 -0.04 0.77  17.64 -22.96 -0.44 -4.38 3.13 0.37
-0.02 -0.02 1.07  -57.89 -19.24 33.31 -1.46 0.01 -0.01 0.73  -69.57 -27.94 41.05 -1.16 0.18 -0.08 1.02  -5.95 -42.54 16.82 -6.01 -0.11 -0.07 0.75  6.02 -19.86 0.89 -5.92 3.16 0.21
-0.01 -0.01 1.09  -106.44 -28.68 52.35 -0.88 -0.02 -0.19 0.77  -88.11 -20.70 54.60 -14.08 0.22 -0.18 1.16  4.78 -45.05 17.63 -10.17 0.08 -0.21 0.83  -12.94 -0.55 17.66 -15.73 3.16 0.07
0.12 -0.00 1.09  -202.19 -3.25 97.68 -0.50 -0.06 -0.36 0.88  -114.71 -10.99 61.58 -25.26 0.19 -0.26 1.38  33.11 -10.12 10.83 -12.69 0.10 -0.21 0.90  -12.46 15.03 20.37 -16.01 3.16 0.00
0.37 -0.13 0.95  -246.64 89.28 161.49 -8.23 0.13 -0.46 0.98  -126.45 -9.09 65.15 -30.46 0.23 -0.22 1.30  67.11 45.49 14.78 -12.02 0.00 -0.06 0.95  -4.36 -3.18 16.18 -6.72 3.08 0.18
0.32 -1.02 1.52  -214.49 74.30 85.68 -35.64 0.34 0.19 0.22  -91.39 53.01 74.26 34.70 0.33 -0.11 0.82  93.32 73.36 7.05 -9.71 0.12 0.09 0.99  -1.66 -6.56 20.60 3.64 1.27 0.16
0.22 -0.35 1.28  71.18 6.42 30.13 -22.35 0.25 0.07 0.45  -50.38 117.91 46.94 15.95 0.16 -0.23 0.64  79.52 83.51 2.56 -21.86 0.18 -0.02 0.97  -5.49 10.07 10.52 -0.27 0.75 0.11
0.26 0.25 0.54  135.43 -46.71 -31.38 20.03 -0.22 0.24 0.66  22.61 34.24 7.83 23.41 0.05 -0.12 0.82  77.18 94.90 -8.28 -12.74 0.11 -0.01 0.92  -7.07 11.06 -9.50 -0.44 0.72 0.17
0.19 0.31 0.60  106.49 -52.53 -89.96 31.15 0.00 0.25 0.60  87.31 -42.04 -26.58 27.46 -0.05 0.01 0.81  83.40 99.47 -9.15 -1.52 0.07 0.04 0.90  -8.81 3.26 -12.52 2.51 0.70 0.16
0.05 0.10 0.89  136.75 -35.47 -118.77 12.94 0.13 0.25 0.51  138.84 22.07 -54.85 31.73 -0.17 0.08 0.77  89.17 85.11 1.33 5.62 0.05 0.02 0.90  -1.71 -0.24 -2.47 1.67 0.59 0.17
0.07 -0.03 1.04  158.31 -56.17 -127.41 1.09 -0.17 0.06 0.50  185.17 48.49 -62.62 12.99 -0.24 0.17 0.81  71.06 24.70 -3.01 13.01 0.13 -0.01 0.87  5.76 3.98 6.68 -0.11 0.57 0.13
0.05 -0.35 1.29  150.53 -27.60 -122.01 -14.70 -0.20 -0.07 0.42  225.38 6.20 -60.06 -6.80 -0.10 0.21 0.83  45.34 -34.19 -12.52 16.61 0.11 0.02 0.81  2.91 5.33 3.86 1.16 0.58 0.12
-0.18 -0.47 1.32  165.18 -39.30 -92.08 -22.44 -0.19 -0.15 0.39  244.91 -21.92 -59.82 -21.48 0.11 0.21 0.84  22.57 -31.87 -14.31 17.75 0.09 -0.03 0.76  0.65 2.72 -0.34 -1.73 0.44 0.00
0.11 -0.84 1.14  124.82 -112.42 -67.59 -40.84 -0.20 -0.15 0.44  238.62 -42.57 -73.29 -22.77 0.04 0.17 1.10  18.47 -38.26 -12.15 12.51 0.17 -0.06 0.77  5.66 5.94 2.84 -4.96 0.35 0.11
-0.45 -1.08 0.73  101.05 -93.15 -97.87 -63.83 -0.11 0.22 0.56  164.38 -35.06 -71.14 17.46 -0.07 0.12 1.70  25.13 3.36 -11.91 6.49 0.17 -0.02 0.79  2.20 11.36 7.35 -2.61 0.40 0.12
-0.74 -1.04 0.26  19.28 -16.92 -58.06 -88.59 -0.05 0.50 0.65  36.28 5.42 -26.32 41.41 -0.06 0.16 1.71  20.56 54.15 -21.85 6.62 0.11 -0.05 0.76  0.21 12.80 3.81 -4.24 0.34 0.15
-0.40 -0.87 0.40  -68.03 13.14 -11.26 -83.00 -0.04 0.33 0.69  -72.93 49.66 14.15 34.12 -0.11 0.09 1.37  32.25 34.00 -16.43 4.95 0.19 -0.08 0.71  -1.31 14.42 1.11 -7.03 0.60 3.12
-0.40 -0.94 1.43  -79.97 106.55 133.18 -50.01 0.16 -0.32 0.99  -88.49 107.13 22.38 -10.91 -0.23 -0.16 1.34  11.79 39.94 -16.41 -5.89 -0.06 -0.19 0.82  -21.35 -2.13 -13.20 -14.24 0.63 3.13
0.15 -0.39 1.11  -22.67 156.81 100.83 -29.49 -0.30 -0.16 0.72  -109.64 21.78 -0.12 -14.93 -0.07 -0.05 1.05  -15.82 17.43 -35.40 -4.09 0.01 -0.25 0.84  -21.30 -15.59 -20.69 -19.27 0.49 3.16
-0.06 -0.07 1.13  -5.35 52.51 37.72 -9.40 0.00 -0.10 0.55  -82.60 -28.75 -0.53 -13.50 -0.14 0.16 0.65  -54.79 -47.06 -24.66 12.46 0.18 -0.19 0.95  -16.98 4.85 -14.53 -15.45 2.52 3.16
-0.11 -0.04 1.08  -0.17 26.11 10.99 -4.15 0.10 -0.04 0.72  -53.80 -17.90 -3.22 -6.18 0.39 -0.07 0.95  -90.85 -68.57 -16.46 -2.08 -0.03 -0.02 1.01  -8.58 23.86 -29.17 -3.96 2.70 3.16
-0.04 -0.01 1.04  -4.34 15.26 4.79 -1.65 0.11 0.01 0.80  -43.79 8.83 0.99 -0.73 0.36 -0.02 1.02  -71.18 -4.87 -6.63 -1.83 -0.10 -0.05 0.95  11.57 14.23 -26.38 -3.91 2.82 3.13
-0.05 -0.02 1.04  -4.30 2.67 3.29 -1.20 0.17 0.00 0.78  -34.39 -27.06 1.48 -0.12 0.18 -0.01 1.00  -65.61 -6.49 -2.43 -1.10 -0.08 -0.03 0.91  10.12 11.31 -1.35 -2.56 2.90 3.13
-0.07 -0.01 1.04  -6.16 -0.05 2.66 -0.87 0.13 -0.01 0.79  -29.55 -1.78 5.61 -0.49 0.05 -0.03 0.97  -62.84 -38.65 2.87 -1.95 -0.14 0.04 0.87  3.38 7.55 6.53 1.84 2.93 3.08
-0.06 -0.02 1.03  -6.40 -2.49 4.05 -1.31 0.05 0.02 0.82  -22.87 -34.30 3.63 0.96 0.07 0.02 0.95  -59.05 -88.19 13.50 0.81 -0.12 -0.03 0.85  1.66 -0.54 -0.95 -1.66 2.96 2.88
-0.05 -0.03 1.02  -4.61 -3.85 5.78 -1.71 0.17 0.07 0.83  -25.30 -32.51 5.17 4.94 0.28 -0.02 0.95  -55.72 -81.96 16.36 -1.02 -0.08 0.03 0.83  14.50 -13.03 -2.05 1.73 2.98 2.27
-0.02 -0.03 1.01  0.07 -0.10 9.01 -2.30 0.15 0.07 0.80  -29.49 -30.85 6.85 6.25 0.28 0.00 0.97  -45.51 -45.34 8.85 -0.15 -0.07 0.04 0.77  11.07 -22.95 -0.63 3.27 3.03 1.54
-0.06 -0.02 1.03  3.69 0.71 11.50 -1.84 0.10 0.04 0.79  -33.34 -29.55 11.01 4.08 0.15 0.02 0.96  -44.47 -38.58 6.38 0.83 -0.07 -0.05 0.75  12.18 -26.12 0.06 -3.05 3.05 1.04
-0.07 -0.02 1.03  0.41 -1.82 12.65 -1.40 0.09 0.05 0.79  -38.59 -32.51 15.75 4.76 0.14 0.00 0.95  -44.24 -45.59 16.14 0.12 -0.03 -0.08 0.78  19.06 -25.56 -2.22 -6.72 3.07 0.46
-0.08 -0.01 1.04  -7.98 -8.36 14.37 -0.91 0.09 0.03 0.73  -45.36 -31.41 21.64 3.24 0.18 -0.04 0.92  -38.43 -44.99 14.74 -2.81 0.02 -0.06 0.85  22.89 -24.58 -3.93 -5.05 3.10 0.44
-0.05 -0.03 1.05  -23.43 -14.62 16.57 -1.87 0.08 0.01 0.71  -51.03 -26.35 28.81 1.73 0.19 -0.10 0.91  -27.31 -48.12 17.38 -6.62 0.06 -0.01 0.80  19.26 -18.28 -5.13 -1.66 3.13 0.35
0.01 -0.04 1.04  -45.93 -21.00 30.02 -2.80 0.06 0.01 0.72  -60.92 -27.49 33.89 0.80 0.19 -0.08 0.99  -14.69 -38.82 13.67 -6.04 -0.07 -0.06 0.69  4.20 -22.42 -1.17 -5.40 3.13 0.24
-0.05 -0.03 1.08  -79.76 -24.19 46.79 -2.03 0.07 -0.04 0.75  -79.23 -28.69 44.71 -3.04 0.24 -0.09 1.14  -5.50 -48.80 18.54 -5.61 -0.05 -0.16 0.81  -11.65 -13.77 14.67 -11.94 3.16 0.14
0.11 0.01 1.10  -156.93 -26.65 86.60 -0.10 -0.08 -0.29 0.88  -107.97 -22.03 53.16 -19.02 0.19 -0.28 1.36  19.98 -39.99 12.80 -12.87 0.16 -0.23 0.98  -16.21 8.96 29.71 -15.62 3.16 0.00
0.30 -0.11 1.01  -246.64 6.77 146.81 -6.25 -0.14 -0.58 0.96  -130.25 -26.13 53.83 -35.14 0.07 -0.28 1.42  60.74 20.43 14.76 -13.53 0.00 -0.08 0.96  -4.30 3.92 18.15 -8.19 3.11 0.00
0.22 -0.92 1.25  -246.64 63.32 145.14 -37.72 0.40 -0.06 0.36  -103.11 -2.75 54.60 -16.61 0.23 -0.14 0.96  103.37 52.39 24.20 -10.59 0.05 0.08 0.99  -4.17 -10.98 20.05 3.11 2.29 0.15
0.55 -0.42 1.24  2.82 8.52 59.62 -26.50 0.34 0.07 0.35  -67.98 70.98 45.72 8.18 0.16 -0.26 0.62  92.85 55.81 14.37 -24.86 0.24 -0.02 1.02  -6.42 5.68 18.90 -0.74 0.77 0.04
0.51 0.16 0.52  84.13 119.17 12.47 11.98 -0.13 0.24 0.57  6.26 36.92 13.34 24.73 0.14 -0.18 0.76  79.02 72.57 -5.41 -18.40 0.16 -0.06 0.95  -6.19 13.21 -3.36 -4.03 0.61 0.13
0.09 0.19 0.46  95.07 78.61 -67.24 24.63 0.05 0.36 0.52  69.28 -20.35 -9.79 39.75 0.13 -0.01 0.81  82.63 92.47 -25.09 -4.16 0.09 0.02 0.92  -4.17 6.63 -13.28 0.48 0.70 0.14
-0.01 0.06 0.66  125.77 -30.00 -110.12 10.21 0.19 0.38 0.44  121.61 30.43 -35.82 49.28 0.00 0.05 0.72  83.73 104.68 -12.32 3.46 0.08 0.03 0.91  -1.99 6.11 -8.39 2.00 0.62 0.15
-0.02 -0.13 0.85  161.51 -41.33 -112.25 -6.70 -0.10 0.25 0.42  164.07 72.73 -55.17 40.94 -0.16 0.17 0.75  70.63 65.23 -10.47 13.60 0.13 0.00 0.89  1.15 11.75 -1.23 0.49 0.53 0.14
-0.16 -0.49 1.00  149.17 41.16 -107.33 -27.62 -0.19 0.09 0.35  198.17 22.42 -64.65 22.98 -0.15 0.21 0.84  48.61 24.10 -16.66 16.87 0.14 -0.01 0.85  3.01 21.19 -0.33 -0.28 0.49 0.09
-0.35 -0.66 1.07  159.30 24.63 -61.46 -37.00 -0.13 0.03 0.31  204.98 -17.64 -66.70 9.85 -0.03 0.22 0.88  18.23 1.42 -23.60 17.33 0.08 -0.02 0.79  -2.35 19.05 -2.21 -1.31 0.46 0.08
-0.34 -0.62 1.10  147.21 -51.40 -9.10 -36.86 -0.25 -0.05 0.39  204.81 -42.64 -72.47 -4.81 0.02 0.15 0.97  4.15 -29.96 -24.42 12.08 0.06 -0.05 0.79  4.05 16.46 -0.23 -3.51 0.42 0.04
-0.47 -0.86 0.90  135.38 -176.10 -9.65 -50.93 -0.20 -0.02 0.48  179.06 -90.98 -86.46 -3.16 -0.03 0.17 1.19  -5.25 -32.03 -18.69 10.32 0.12 -0.07 0.81  7.29 15.23 6.69 -5.29 0.46 0.06
-0.77 -0.81 0.54  84.91 -229.54 31.53 -66.35 -0.10 0.25 0.65  101.03 -92.97 -66.49 20.66 -0.08 0.00 1.55  1.92 4.97 -21.67 2.16 0.08 -0.04 0.81  6.41 13.14 6.35 -3.72 0.42 0.08
-0.60 -0.82 0.38  7.11 -115.38 65.66 -78.46 -0.04 0.36 0.76  5.66 -69.79 -25.44 29.45 -0.10 0.02 1.46  23.88 12.80 -17.48 1.06 0.05 -0.06 0.78  5.49 11.64 5.04 -4.80 0.39 0.08
0.41 -0.46 0.76  23.81 242.80 100.35 -47.00 0.10 0.09 0.99  -61.87 -48.12 -0.02 11.09 -0.22 0.27 1.12  27.27 25.37 -13.46 13.74 0.09 -0.05 0.75  5.31 5.86 8.86 -5.11 0.46 3.07
-0.65 -0.33 1.41  24.00 105.44 109.82 -22.63 0.23 -0.21 0.99  -69.92 129.29 20.97 -9.84 -0.23 -0.27 1.38  5.37 12.08 -4.06 -8.12 -0.11 -0.18 0.88  -4.43 -9.57 2.51 -12.33 2.76 3.13
-0.32 -0.12 1.17  0.44 41.04 32.14 -10.41 -0.10 -0.06 0.71  -74.51 42.49 26.83 -7.02 0.03 -0.12 1.07  -27.80 -15.76 -14.27 -7.92 -0.01 -0.19 0.90  -8.67 -31.53 -5.39 -14.63 3.03 3.13
-0.13 -0.08 1.04  -0.31 14.22 9.49 -6.52 -0.09 -0.06 0.70  -46.57 -48.90 3.01 -6.07 0.02 0.14 0.73  -48.01 -70.75 -15.85 9.20 0.15 -0.09 0.96  -10.61 -27.61 2.05 -8.36 3.10 3.13
-0.15 -0.05 1.05  0.36 4.22 0.20 -4.03 0.36 0.05 0.78  -32.07 -7.48 0.21 2.12 0.15 -0.05 0.91  -68.10 -85.13 -11.25 -1.37 -0.12 0.03 1.02  -2.46 -21.94 -3.93 -0.18 3.12 3.13
-0.09 -0.04 1.04  -3.13 -5.12 -1.82 -3.09 -0.02 -0.05 0.88  -28.39 -13.96 -1.36 -2.54 0.33 -0.06 1.04  -57.55 -50.43 -4.14 -3.52 -0.22 -0.01 1.01  13.67 -42.93 -4.69 -0.54 3.12 3.13
-0.04 -0.05 1.01  -0.71 -3.19 -0.26 -3.52 0.40 0.07 0.80  -21.86 -30.99 1.09 4.37 0.29 -0.01 1.00  -39.21 -43.41 -5.35 -1.57 -0.12 -0.01 0.99  16.43 -50.69 17.27 -0.86 3.13 3.13
-0.09 -0.04 1.03  0.14 -2.37 -0.17 -3.01 0.11 0.00 0.80  -18.60 -7.70 4.99 1.17 0.21 -0.02 0.94  -35.38 -49.15 -0.16 -1.75 -0.16 0.00 0.96  12.91 -55.68 29.78 0.08 3.13 3.13
-0.08 -0.04 1.02  -0.67 -5.40 -0.24 -3.08 0.19 0.03 0.80  -10.88 -29.00 3.31 2.36 0.17 -0.02 0.94  -35.05 -65.22 4.99 -1.78 -0.13 -0.03 0.93  6.99 -64.54 24.75 -1.86 3.13 3.12
-0.06 -0.05 1.02  0.73 -4.52 0.17 -3.33 0.19 0.05 0.83  -8.78 -25.19 5.44 3.64 0.25 -0.02 0.96  -29.49 -75.14 7.40 -1.61 -0.13 -0.01 0.91  13.65 -75.72 23.08 -0.77 3.13 3.12
-0.06 -0.04 1.02  2.97 -2.70 0.69 -3.05 0.19 0.04 0.84  -8.73 -25.57 7.09 3.77 0.27 -0.03 0.98  -20.69 -67.61 8.57 -2.38 -0.15 0.03 0.88  12.39 -89.49 27.37 1.64 3.13 3.12
-0.08 -0.04 1.02  3.80 -3.88 0.79 -2.73 0.18 0.04 0.83  -10.04 -26.18 9.73 3.60 0.18 -0.02 0.98  -14.99 -70.92 12.51 -1.49 -0.14 -0.05 0.85  8.70 -102.84 27.54 -2.87 3.13 3.12
-0.07 -0.04 1.02  5.11 -2.30 1.21 -2.97 0.14 0.05 0.81  -10.22 -35.06 12.24 4.09 0.15 -0.01 0.93  -14.02 -93.15 16.16 -0.93 -0.08 -0.06 0.83  13.44 -109.47 31.49 -4.79 3.13 3.11
-0.06 -0.03 1.03  5.65 -4.24 0.96 -2.33 0.12 0.03 0.79  -9.62 -46.28 14.42 3.07 0.22 -0.03 0.91  -13.10 -100.51 19.56 -1.98 -0.06 -0.05 0.84  15.54 -116.86 32.73 -4.39 3.13 3.10
-0.05 -0.04 1.02  6.60 -5.05 0.77 -2.49 0.14 0.05 0.76  -8.45 -43.59 17.11 3.99 0.27 -0.01 0.90  -12.63 -91.93 24.19 -0.91 -0.02 -0.03 0.87  13.92 -120.25 31.94 -2.77 3.13 3.10
-0.04 -0.03 1.02  6.12 -5.13 0.52 -1.93 0.16 0.04 0.79  -10.01 -46.15 21.97 3.63 0.35 -0.03 0.95  -8.46 -70.07 17.59 -2.29 -0.04 -0.00 0.86  10.90 -114.44 33.05 -0.81 3.13 3.08
-0.02 -0.02 1.02  4.20 -3.74 2.78 -1.41 0.13 0.04 0.79  -14.19 -43.57 29.57 3.39 0.26 0.01 0.96  -1.28 -69.46 18.58 0.14 -0.11 -0.01 0.80  7.31 -116.05 37.54 -1.15 3.13 3.03
-0.05 -0.02 1.03  2.98 -5.06 4.34 -1.27 0.04 0.03 0.77  -16.62 -50.19 34.59 3.07 0.13 0.03 0.95  -7.00 -94.45 25.89 1.59 -0.16 -0.03 0.80  3.80 -119.63 39.44 -2.39 3.13 2.88
-0.03 0.01 1.05  -4.44 -14.52 5.99 0.17 0.05 0.02 0.81  -22.78 -55.79 37.38 1.68 0.20 -0.02 0.97  -5.95 -102.72 28.55 -0.75 0.14 -0.22 1.03  10.46 -111.60 49.47 -12.39 3.13 1.69
0.09 0.03 1.05  -17.54 -41.73 37.73 1.40 -0.03 -0.09 0.78  -33.39 -50.28 27.20 -6.43 0.15 -0.26 0.96  23.24 -78.75 14.51 -15.08 0.32 -0.01 1.09  10.73 -90.36 57.48 -2.79 3.13 0.42
0.11 -0.14 0.91  -1.94 -79.08 116.16 -8.52 -0.05 -0.04 0.55  -29.93 -83.64 -9.87 -5.08 -0.05 -0.15 0.84  39.10 -55.70 23.70 -12.95 0.01 -0.04 1.00  10.61 -96.63 39.16 -2.88 3.12 0.31
0.04 -0.21 0.87  59.52 -125.35 181.97 -15.38 -0.13 0.04 0.52  -15.38 -152.80 -54.30 3.23 -0.19 -0.08 0.73  24.24 -65.23 36.38 -8.94 0.07 0.02 0.94  1.88 -110.27 30.86 0.38 3.08 0.23
0.01 -0.34 0.76  105.16 -174.85 205.89 -26.93 -0.08 0.16 0.49  -3.89 -223.35 -85.48 18.57 -0.19 -0.02 0.74  16.56 -134.87 40.72 -3.31 0.14 -0.01 0.93  -4.63 -120.99 33.84 -0.51 2.88 0.27
-0.02 -0.49 0.75  145.38 -187.69 208.00 -38.32 -0.07 0.25 0.42  -9.70 -236.38 -98.96 33.74 -0.16 0.06 0.72  9.07 -178.02 38.23 3.80 0.17 0.04 0.91  0.93 -126.49 34.40 2.33 0.92 0.32
-0.04 -0.26 0.76  150.75 -153.00 193.28 -26.46 -0.18 0.20 0.48  -15.32 -246.21 -95.83 29.00 -0.08 0.07 0.64  -4.59 -203.12 36.93 7.28 0.13 0.09 0.88  -6.40 -129.15 37.87 5.98 0.89 0.35
-0.16 -0.11 0.88  134.33 -116.21 183.02 -12.41 -0.15 0.14 0.53  -11.40 -240.31 -92.84 21.04 -0.01 0.04 0.64  -18.60 -210.58 43.63 4.66 0.17 -0.02 0.88  -11.87 -132.55 41.66 -0.04 0.84 0.38
-0.09 -0.13 0.97  140.24 -121.27 195.04 -9.92 -0.15 0.10 0.58  -3.85 -249.54 -88.86 13.60 0.03 -0.03 0.76  -28.57 -193.12 47.32 -1.12 0.24 -0.08 0.89  -8.82 -130.70 44.13 -4.88 0.72 0.37
-0.08 -0.09 0.93  129.95 -84.45 210.54 -7.25 -0.08 0.08 0.61  -3.10 -243.98 -79.40 10.04 0.04 -0.08 0.83  -22.24 -190.08 44.52 -5.72 0.15 -0.01 0.87  -7.11 -131.75 44.18 -1.56 0.64 0.34
-0.04 -0.05 0.99  113.85 -80.45 212.57 -4.19 -0.06 0.04 0.63  1.83 -237.42 -71.23 5.47 -0.02 -0.04 0.84  -15.41 -195.61 45.96 -3.94 0.23 -0.06 0.88  -2.11 -128.71 43.56 -4.15 0.63 0.32
0.05 -0.02 0.94  106.71 -113.23 195.99 -1.90 0.05 0.06 0.67  9.35 -229.36 -66.14 6.10 0.02 -0.05 0.82  -16.68 -191.70 46.86 -4.41 0.27 -0.06 0.89  -1.11 -121.70 42.18 -4.81 0.56 0.30
0.07 0.05 0.97  104.08 -100.87 184.68 2.46 0.08 0.06 0.72  15.58 -206.13 -64.21 5.75 0.14 -0.03 0.88  -7.54 -169.51 44.18 -2.91 0.21 -0.03 0.90  0.50 -113.25 40.23 -2.96 0.57 0.34
0.07 0.07 0.95  105.69 -121.81 166.67 4.76 0.08 0.06 0.75  25.43 -202.54 -64.59 5.59 0.17 0.04 0.98  -15.60 -159.49 35.13 1.53 0.24 -0.05 0.90  5.83 -111.70 38.93 -3.97 0.48 0.31
0.14 0.06 0.92  99.11 -112.33 152.79 4.99 0.17 0.06 0.76  27.46 -188.04 -64.16 5.40 0.17 0.02 1.05  -19.42 -148.85 26.97 1.57 0.26 -0.05 0.90  8.95 -103.80 39.97 -3.76 0.50 0.26
0.11 0.06 0.92  75.80 -78.78 126.83 4.67 0.18 0.06 0.79  25.02 -151.74 -56.57 5.78 0.16 0.05 1.11  -19.03 -115.98 12.38 2.69 0.24 -0.02 0.90  7.17 -94.10 42.47 -2.15 0.48 0.22
0.05 0.20 0.84  37.56 -83.68 78.89 14.47 0.18 0.06 0.84  18.45 -109.06 -42.64 5.25 0.13 0.07 1.16  -19.47 -98.25 1.62 3.81 0.25 -0.01 0.88  4.68 -83.76 42.83 -0.84 0.52 0.17
0.38 0.22 0.96  -45.86 -153.52 65.84 15.67 0.16 0.01 0.97  17.96 -51.62 -25.63 1.74 0.11 0.09 1.10  -18.99 -97.44 -6.00 5.51 0.29 0.01 0.87  -1.18 -71.04 41.73 0.79 0.33 0.81
-0.11 -0.31 1.13  -15.70 58.59 39.95 -12.42 0.28 0.07 0.82  21.30 13.35 -14.75 5.38 0.05 0.01 1.06  -10.82 -86.71 -3.19 1.42 0.30 0.02 0.91  -9.72 -57.46 38.50 1.61 2.62 2.93
0.08 -0.07 1.05  10.75 45.51 13.41 -6.08 -0.02 -0.20 0.89  8.85 -11.94 -16.16 -11.39 0.04 -0.12 1.22  -10.18 -59.83 -6.50 -5.25 0.19 -0.02 0.95  -23.08 -51.50 24.17 -1.21 2.82 3.07
-0.15 -0.04 1.07  3.72 15.49 4.94 -3.49 -0.01 0.01 0.87  8.40 -37.87 -19.29 -1.75 -0.09 -0.01 1.00  -21.89 -58.95 -19.52 -1.91 0.03 -0.02 0.90  -22.05 -53.16 7.15 -1.48 2.97 3.10
-0.08 -0.03 1.04  0.66 -2.84 -1.13 -2.17 -0.01 -0.00 0.93  0.32 -1.04 -20.08 -0.50 -0.07 0.05 0.99  -25.64 -73.24 -2.90 2.65 0.05 -0.08 0.92  -15.27 -54.27 3.27 -5.30 2.98 3.13
-0.04 -0.04 1.02  1.04 -5.36 -1.79 -2.47 0.13 0.03 0.88  -1.94 -24.02 -22.68 1.54 0.36 -0.04 1.01  -37.37 -51.40 -9.40 -1.71 0.06 -0.10 0.97  -5.27 -40.25 3.19 -7.24 2.98 3.13
-0.03 -0.03 1.02  -0.53 -6.80 -1.79 -2.07 0.20 0.02 0.86  -4.33 5.58 -13.27 1.77 0.32 -0.05 0.99  -16.53 -8.11 -15.33 -3.51 0.02 -0.10 0.95  8.33 -23.73 6.86 -7.40 2.97 3.13
-0.04 -0.03 1.02  -2.49 -8.29 -2.11 -2.14 0.09 -0.00 0.85  -1.77 -5.60 -8.06 0.30 0.18 -0.03 0.94  -11.09 -0.52 -12.31 -2.35 -0.04 -0.08 0.91  9.31 -13.95 11.02 -6.57 2.91 3.13
-0.05 -0.04 1.02  -2.37 -9.72 -3.40 -2.43 0.14 0.02 0.88  -0.28 -2.80 -4.41 1.62 0.11 -0.01 0.94  -10.27 -14.14 -5.53 -1.13 -0.08 -0.07 0.87  5.63 -11.04 12.31 -6.03 2.75 3.13
-0.02 -0.03 1.00  0.10 -7.69 -3.38 -2.17 0.13 0.03 0.91  -1.66 -1.29 -2.09 2.40 0.15 -0.02 0.99  -8.50 -21.52 -1.17 -1.39 -0.11 -0.05 0.87  11.91 -15.84 12.32 -4.61 2.72 3.16
-0.02 -0.03 1.00  0.11 -3.77 -1.59 -1.87 0.09 0.01 0.90  -3.39 -5.25 0.39 1.37 0.14 -0.02 0.98  -7.02 -17.74 0.03 -1.25 -0.03 -0.06 0.89  15.64 -19.29 13.35 -4.70 2.75 3.16
-0.03 -0.03 1.01  -0.03 -6.00 -2.79 -2.11 0.12 0.01 0.86  -3.67 0.70 2.50 0.91 0.16 -0.00 0.93  -10.56 -11.87 3.63 -0.37 0.05 -0.02 0.89  19.79 -12.10 9.72 -2.43 2.72 3.16
-0.02 -0.03 1.00  -0.66 -6.27 -3.49 -2.10 0.12 0.01 0.86  -2.33 6.51 4.95 1.11 0.17 -0.00 0.93  -13.42 -4.99 6.12 -0.35 0.03 -0.03 0.88  20.17 -5.47 2.03 -2.39 2.78 3.16
-0.03 -0.03 1.00  0.75 -10.44 -5.10 -1.96 0.09 0.01 0.87  -0.33 -3.56 8.11 0.77 0.12 -0.00 0.95  -19.63 -11.45 10.04 -0.28 -0.04 -0.04 0.88  21.08 -2.15 -1.98 -3.16 2.78 3.16
0.02 -0.02 0.99  -0.02 -4.99 -3.22 -1.44 0.14 0.03 0.91  -2.30 -4.89 12.82 2.13 0.13 -0.01 0.99  -24.44 -16.68 12.15 -0.83 -0.05 -0.02 0.88  19.57 -3.45 0.12 -2.07 2.82 3.16
0.01 -0.02 0.99  1.68 -0.77 -0.47 -1.49 0.11 0.03 0.91  -5.67 -12.16 18.35 2.31 0.14 -0.01 1.00  -24.81 -19.12 13.02 -0.59 -0.04 0.02 0.84  11.92 -6.77 1.62 1.02 2.85 3.16
0.00 -0.02 0.99  2.33 4.46 0.14 -1.46 0.12 0.03 0.93  -9.80 -21.51 25.28 2.57 0.15 -0.00 1.08  -32.89 -21.86 14.73 -0.18 -0.06 0.05 0.78  0.60 -9.15 -1.61 3.58 2.86 3.16
-0.00 -0.01 1.01  1.46 6.65 1.01 -1.13 0.15 0.06 1.00  -19.59 -21.81 34.80 3.75 0.19 -0.04 1.21  -31.66 -26.43 19.43 -1.88 -0.09 -0.01 0.85  -13.05 -11.96 -2.05 -0.16 2.88 3.13
0.02 -0.01 1.01  -2.68 1.50 4.48 -0.58 0.16 0.10 1.15  -44.26 -28.61 50.02 5.62 0.15 -0.09 1.25  0.21 -15.49 13.63 -4.52 0.10 -0.10 1.00  -24.84 0.36 11.18 -5.87 2.86 3.06
0.19 0.06 1.02  -17.70 -11.84 20.70 3.43 0.15 -0.01 1.19  -87.64 -28.15 61.32 0.51 0.04 -0.11 1.23  55.84 4.78 1.28 -5.71 0.00 0.01 0.98  -16.15 -2.74 18.95 -0.80 2.85 1.16
0.38 -0.01 1.11  -57.58 8.80 86.18 -0.11 0.16 -0.27 0.83  -119.27 7.60 56.36 -18.24 0.03 -0.13 1.15  89.08 34.02 15.72 -7.33 -0.01 0.04 0.99  -9.92 -3.40 15.63 1.92 2.90 0.72
0.30 -0.19 1.15  -69.77 2.42 111.57 -9.60 0.08 -0.16 0.52  -117.85 42.71 53.98 -20.63 0.22 -0.24 1.11  70.05 84.70 7.34 -13.42 0.12 0.00 0.99  -15.17 -2.48 9.69 0.37 2.46 0.67
0.40 0.12 0.90  -57.39 45.59 38.63 5.84 0.09 0.01 0.52  -88.62 58.97 45.28 -3.52 0.17 -0.19 0.83  58.71 86.45 -10.43 -15.62 0.15 -0.08 0.93  -18.40 -2.64 1.84 -4.69 0.85 0.60
0.22 0.25 0.85  -65.36 51.09 -24.60 17.28 0.01 0.06 0.63  -48.01 87.33 28.60 4.75 0.05 -0.04 0.74  62.63 73.02 -4.95 -5.74 0.14 -0.07 0.90  -20.56 -4.60 -6.14 -5.23 0.74 0.52
0.05 0.28 1.00  -33.28 26.96 -45.53 18.90 -0.12 0.10 0.72  -1.66 79.60 9.65 9.21 -0.12 0.06 0.88  61.48 82.65 -0.73 2.55 0.15 -0.04 0.90  -15.56 -2.47 -9.94 -3.75 0.80 0.44
0.02 0.34 1.00  17.59 10.55 -50.76 22.86 -0.21 0.10 0.75  48.96 19.23 -8.58 9.21 -0.17 0.05 0.97  48.95 50.61 -6.59 3.68 0.11 -0.03 0.90  -9.55 2.98 -5.76 -2.73 0.77 0.38
0.06 0.25 1.06  54.48 -18.91 -52.81 17.62 -0.07 0.07 0.71  93.66 -12.83 -26.92 7.64 -0.13 0.09 0.93  45.79 6.53 -3.34 6.21 0.05 -0.01 0.87  -7.43 3.49 -1.63 -1.15 0.69 0.32
0.12 0.18 1.07  82.62 -34.45 -63.44 12.92 -0.04 -0.00 0.68  127.51 3.59 -45.24 1.48 -0.08 0.12 0.92  39.24 -17.19 0.82 8.49 0.06 -0.04 0.84  -6.05 -0.06 -1.02 -3.07 0.66 0.33
0.15 0.25 0.95  57.20 -46.35 -48.75 17.64 -0.08 -0.07 0.69  156.10 10.50 -52.78 -5.61 -0.01 0.13 0.99  25.40 -12.67 -4.20 9.30 0.10 -0.09 0.83  0.48 -2.89 1.50 -6.86 0.60 0.22
0.21 -0.52 1.38  45.30 -28.61 -58.30 -17.00 -0.07 -0.03 0.58  174.23 2.25 -59.35 -3.56 0.02 0.16 1.01  16.43 -4.87 -9.46 10.94 0.17 -0.08 0.81  10.76 1.23 5.21 -7.24 0.48 0.27
-0.13 -0.39 1.15  100.02 -62.29 -74.08 -22.23 -0.07 -0.07 0.66  172.35 -20.91 -63.01 -6.86 -0.03 0.14 1.14  9.63 1.86 -15.34 9.07 0.15 -0.03 0.80  10.52 5.12 5.77 -3.89 0.65 0.30
-0.29 -0.45 0.88  69.72 -117.43 -26.17 -31.55 -0.15 0.05 0.76  143.87 -60.03 -64.06 2.72 -0.04 0.10 1.36  8.10 -0.22 -22.74 6.04 0.09 -0.06 0.79  11.88 1.52 5.03 -5.17 0.55 0.31
-0.20 -0.69 0.61  77.79 -126.07 -22.80 -54.78 0.05 0.29 0.80  81.66 -97.20 -58.76 20.39 -0.10 0.12 1.51  10.72 -18.90 -20.92 5.69 0.08 -0.08 0.77  15.55 -2.04 6.92 -7.10 0.64 0.04
-0.25 -0.50 0.31  -6.90 -66.74 13.26 -68.91 0.16 0.37 0.86  -8.82 -38.36 -31.03 27.10 -0.15 0.15 1.49  3.64 -13.16 -19.82 6.97 0.10 -0.07 0.74  14.29 -3.49 10.09 -7.11 0.56 2.82
0.49 0.23 1.10  -118.96 184.48 99.79 -2.03 0.55 -0.29 1.38  -60.54 52.05 19.42 -6.58 -0.14 -0.14 1.38  11.94 -10.70 -6.68 -4.42 0.04 -0.08 0.80  1.92 -10.51 6.60 -7.47 0.66 3.13
0.13 -0.50 1.18  -33.22 136.19 132.77 -23.28 -0.48 -0.04 0.98  -100.97 146.62 20.03 -3.80 -0.04 0.09 1.56  12.92 27.23 -22.43 2.44 -0.04 -0.19 0.86  -13.73 -30.18 -6.84 -13.90 0.70 3.13
-0.10 -0.29 1.05  -2.54 114.64 55.75 -20.29 -0.15 -0.02 0.61  -85.67 -2.06 6.02 -2.44 -0.10 0.22 0.68  -18.60 -17.10 -13.07 18.46 0.18 -0.14 0.87  -20.52 -28.86 -5.72 -11.79 2.91 3.16
-0.08 -0.10 1.03  9.72 46.94 23.44 -9.77 -0.04 -0.08 0.71  -51.81 -81.61 -6.14 -7.38 0.08 0.08 0.76  -71.59 -103.64 -12.06 9.52 0.13 -0.05 1.04  -18.81 -1.44 -12.49 -5.00 3.03 3.16
-0.10 -0.04 1.05  5.97 18.79 7.68 -4.12 0.38 0.01 0.82  -42.57 -3.58 7.46 -0.87 0.38 -0.07 1.02  -77.41 -76.16 -0.16 -1.97 -0.06 0.00 1.05  -4.01 2.44 -22.87 -0.99 3.08 3.17
-0.02 -0.04 1.01  2.78 6.03 3.82 -3.02 0.05 -0.00 0.88  -39.16 -14.39 8.00 -0.24 0.39 -0.01 1.05  -67.62 -21.03 5.03 -1.14 -0.02 0.00 0.99  5.92 -3.73 -11.98 0.06 3.10 3.16
-0.02 -0.04 1.01  4.43 10.47 4.92 -2.71 0.37 0.05 0.83  -33.30 -30.41 13.52 3.51 0.20 -0.00 1.01  -61.82 -23.74 -1.12 -0.45 -0.05 0.05 0.95  -7.17 0.21 7.34 3.22 3.13 3.13
-0.08 -0.03 1.04  2.83 8.06 4.23 -2.00 0.06 0.01 0.85  -33.36 -5.99 17.76 1.09 0.07 0.01 0.97  -56.01 -67.77 11.05 0.39 -0.09 -0.00 0.90  -12.39 4.04 4.79 0.59 3.13 3.12
-0.07 -0.03 1.03  2.34 4.96 4.98 -2.16 0.13 0.03 0.84  -31.52 -35.27 15.57 2.37 0.17 -0.01 0.91  -52.22 -92.31 17.89 -0.62 -0.09 -0.03 0.86  -1.59 -2.95 -2.68 -1.72 3.16 3.07
-0.07 -0.04 1.03  4.46 4.51 4.93 -2.49 0.16 0.06 0.80  -33.59 -25.48 17.60 4.62 0.30 -0.00 0.89  -46.66 -63.08 12.35 -0.36 -0.03 0.03 0.82  5.22 -8.75 -0.63 1.52 3.16 2.88
-0.08 -0.03 1.03  6.12 4.77 4.97 -2.35 0.10 0.04 0.77  -33.78 -18.74 18.37 3.78 0.27 0.00 0.91  -47.00 -31.69 10.15 0.13 -0.01 -0.01 0.77  0.13 -11.18 -2.14 -0.78 3.17 2.51
-0.09 -0.01 1.04  3.71 2.62 4.70 -1.22 0.12 0.05 0.83  -37.40 -15.44 22.07 3.87 0.16 0.02 0.98  -49.73 -28.47 11.36 1.27 -0.05 -0.07 0.80  2.60 -6.67 -3.07 -5.26 3.17 1.50
-0.07 0.00 1.05  -6.07 -2.00 7.66 -0.19 0.11 0.05 0.86  -49.79 -11.77 28.58 4.02 0.12 -0.06 1.00  -42.63 -27.62 16.80 -3.02 -0.02 -0.07 0.84  10.89 -7.05 -6.77 -5.56 3.17 0.54
-0.10 0.01 1.08  -25.51 -11.00 11.33 0.41 0.06 0.02 0.78  -63.56 -13.39 36.57 2.35 0.13 -0.08 0.94  -20.16 -27.84 15.52 -5.64 -0.00 -0.02 0.88  13.85 -6.35 -6.39 -2.58 3.18 0.52
-0.05 -0.02 1.08  -57.46 -24.00 21.49 -0.95 -0.01 -0.02 0.72  -74.68 -14.95 42.80 -1.06 0.11 -0.09 0.92  -6.80 -43.56 17.88 -6.63 -0.01 -0.01 0.74  4.56 -12.07 -7.40 -1.02 3.18 0.38
0.01 -0.04 1.07  -91.76 -30.63 35.59 -2.32 -0.02 -0.03 0.72  -87.75 -18.09 48.21 -2.45 0.15 -0.07 1.06  2.19 -36.06 16.03 -5.21 -0.13 -0.09 0.74  -6.91 -16.05 -4.52 -7.08 3.18 0.33
0.13 -0.04 1.04  -154.06 -9.14 69.04 -2.51 -0.02 -0.27 0.78  -109.80 -12.22 56.96 -19.55 0.20 -0.23 1.22  17.44 -33.58 17.83 -11.77 0.10 -0.27 0.89  -27.75 3.15 16.50 -18.08 3.18 0.18
0.21 -0.08 1.00  -246.64 3.00 132.38 -5.13 -0.16 -0.55 0.85  -128.57 -18.83 53.78 -36.70 0.02 -0.30 1.36  51.83 9.96 15.15 -14.70 0.04 -0.15 0.90  -15.74 6.94 16.36 -13.42 3.17 0.14
0.34 -0.28 0.91  -246.64 95.72 212.35 -18.22 0.26 -0.37 0.82  -110.56 -46.83 41.95 -31.61 0.28 -0.20 1.12  91.06 24.28 30.86 -12.95 0.05 -0.04 0.97  -9.17 -14.70 16.19 -5.29 3.07 0.40
0.24 -1.17 1.48  -110.38 27.11 84.43 -42.04 0.32 0.36 0.14  -73.07 22.01 55.23 62.49 0.34 -0.15 0.68  95.96 66.35 7.84 -14.87 0.20 -0.01 1.02  -6.92 -1.49 22.63 -1.55 1.22 0.16
0.24 -0.20 0.86  64.76 34.22 54.41 -21.59 0.21 0.25 0.39  -24.58 88.35 38.99 44.94 0.27 -0.23 0.70  76.08 90.90 0.90 -21.03 0.14 -0.03 0.94  -4.93 14.03 4.25 -2.34 0.85 0.03
0.24 0.07 0.32  115.51 121.48 -34.59 7.53 -0.15 0.44 0.51  34.78 32.90 8.44 50.02 0.14 -0.07 0.81  82.53 101.49 -18.20 -8.86 0.12 -0.03 0.90  0.45 9.81 -13.37 -2.67 0.89 0.23
0.00 0.15 0.47  126.22 -6.63 -119.57 19.80 0.12 0.41 0.49  93.33 -7.10 -13.76 49.51 0.05 0.06 0.73  82.50 111.20 -14.38 2.71 0.12 -0.01 0.89  -2.70 12.99 -7.52 -1.39 0.84 0.21
-0.08 0.01 0.73  148.14 -23.07 -127.27 4.83 0.10 0.39 0.46  140.07 68.99 -42.91 50.40 -0.10 0.12 0.72  79.42 95.97 -13.04 10.22 0.08 -0.00 0.86  3.40 17.17 2.12 -0.43 0.71 0.22
0.14 -0.11 0.96  174.84 -82.12 -131.47 -5.40 -0.19 0.13 0.47  188.89 65.06 -55.46 26.13 -0.20 0.18 0.76  55.12 41.39 -21.11 15.73 0.09 0.02 0.84  13.92 20.82 2.75 1.22 0.64 0.12
-0.10 -0.41 1.20  165.29 33.54 -116.70 -20.04 -0.22 -0.01 0.39  227.02 13.91 -59.60 3.89 -0.10 0.27 0.81  32.30 5.72 -19.80 21.50 0.07 -0.01 0.80  11.99 16.66 -0.08 -0.24 0.55 0.09
-0.39 -0.72 1.41  193.81 -13.32 -65.45 -31.05 -0.19 -0.14 0.38  248.20 -32.92 -64.76 -19.24 0.03 0.19 0.83  0.60 -25.52 -18.00 17.08 0.08 -0.02 0.77  15.51 15.44 2.49 -1.42 0.51 0.12
-0.38 -0.69 1.17  190.24 -112.68 -33.59 -36.59 -0.22 -0.20 0.49  248.22 -64.59 -79.32 -26.11 -0.02 0.12 1.06  -15.53 -37.19 -23.62 9.88 0.10 -0.02 0.78  15.35 12.37 5.55 -1.98 0.54 0.20
-0.55 -1.03 0.89  133.12 -249.41 -49.56 -56.30 -0.09 0.09 0.67  192.38 -88.71 -90.30 2.76 -0.11 0.04 1.56  -1.85 -20.27 -13.54 3.61 0.10 -0.02 0.81  10.05 10.13 7.48 -2.13 0.51 0.10
-0.66 -0.99 0.11  36.18 -33.57 -53.26 -94.64 0.10 0.62 0.87  55.99 -6.04 -30.15 36.24 -0.04 -0.05 1.91  22.24 24.87 -19.74 -0.64 -0.01 -0.05 0.82  9.12 0.88 7.95 -3.57 0.42 0.16
-0.75 -0.81 0.43  -51.59 1.70 -0.86 -81.34 -0.01 0.37 0.76  -79.42 44.39 12.00 33.29 -0.13 0.05 1.55  37.78 33.92 -8.51 1.82 0.11 -0.02 0.74  7.44 -1.35 7.68 -2.04 0.49 3.08
0.08 -0.07 1.53  -149.70 -11.52 125.93 -18.92 0.23 -0.54 1.31  -80.27 108.13 31.17 -15.85 -0.28 -0.11 1.12  28.50 41.01 3.29 -5.10 0.06 -0.10 0.81  -16.01 -13.35 -2.21 -7.76 0.49 3.13
0.12 -0.43 1.23  -29.40 148.98 123.16 -23.04 -0.12 -0.10 0.83  -113.07 49.02 11.79 -10.22 -0.05 -0.00 1.41  -5.54 -0.98 -14.16 -1.22 -0.01 -0.25 0.86  -27.53 -29.77 -20.27 -17.69 0.53 3.16
-0.00 -0.23 1.06  1.74 86.39 54.27 -16.94 -0.10 -0.07 0.52  -87.14 -31.50 7.58 -9.79 -0.07 0.21 0.57  -31.30 -79.64 -18.59 20.42 0.20 -0.19 0.93  -19.58 -16.34 -12.96 -15.08 2.62 3.16
-0.11 -0.10 1.03  6.33 38.03 19.15 -8.86 0.01 -0.07 0.66  -51.26 -66.43 -0.42 -7.97 0.28 -0.01 0.75  -84.10 -104.80 -8.08 3.01 0.03 -0.04 1.03  -12.64 6.49 -20.78 -5.41 2.88 3.16
-0.04 -0.04 1.03  2.75 11.69 6.70 -4.01 0.23 -0.01 0.80  -40.26 17.59 6.05 -2.40 0.44 -0.06 1.00  -82.30 -32.42 4.18 -2.80 -0.08 -0.02 1.00  2.57 1.14 -29.67 -2.27 2.93 3.16
-0.02 -0.04 1.01  -0.53 11.41 4.50 -3.33 0.12 0.00 0.83  -31.53 -29.21 5.23 -0.29 0.32 -0.02 1.01  -73.61 9.23 1.22 -2.09 -0.05 -0.03 0.95  7.62 -0.64 -12.26 -2.36 3.02 3.13
-0.05 -0.04 1.02  -0.11 5.93 4.00 -2.79 0.23 0.01 0.82  -28.31 -12.96 9.97 0.87 0.11 -0.01 1.00  -63.44 -18.55 3.60 -1.24 -0.08 0.02 0.92  -1.37 3.30 4.83 0.72 3.06 3.13
-0.06 -0.04 1.01  0.01 3.55 3.95 -3.08 0.08 0.00 0.83  -24.87 -16.22 11.37 0.38 0.08 0.02 0.94  -57.37 -72.27 13.35 0.69 -0.07 -0.01 0.86  -4.59 5.11 1.47 -0.29 3.08 3.10
-0.05 -0.04 1.01  3.12 4.32 4.09 -3.13 0.14 0.04 0.85  -21.86 -38.58 11.55 3.00 0.21 0.00 0.91  -60.36 -86.83 16.81 0.27 -0.05 -0.02 0.82  7.16 0.88 -1.12 -1.20 3.10 3.07
-0.05 -0.04 1.01  4.88 3.30 4.24 -2.96 0.16 0.06 0.84  -25.88 -22.58 14.93 4.36 0.31 -0.02 0.96  -55.09 -50.22 11.24 -1.46 -0.07 0.01 0.80  12.32 -5.80 1.03 0.40 3.12 2.93
-0.06 -0.03 1.02  5.16 3.82 4.84 -2.54 0.12 0.05 0.83  -30.76 -16.12 17.67 4.05 0.22 -0.01 0.95  -49.18 -19.68 6.41 -0.68 -0.06 -0.02 0.74  10.25 -13.17 -1.41 -1.19 3.13 2.64
-0.07 -0.03 1.03  3.20 1.10 5.35 -2.01 0.10 0.05 0.85  -36.97 -15.69 22.67 4.48 0.11 0.02 0.96  -47.25 -17.17 11.66 0.86 -0.06 -0.05 0.77  14.26 -12.17 -2.45 -4.22 3.13 1.47
-0.05 -0.02 1.04  -2.64 -2.19 7.92 -1.25 0.12 0.04 0.83  -46.39 -15.15 29.80 3.43 0.12 -0.04 0.96  -42.56 -31.77 19.42 -2.25 -0.03 -0.07 0.84  17.09 -14.38 -4.21 -5.36 3.16 0.40
-0.07 -0.01 1.06  -15.74 -9.72 14.02 -0.58 0.08 0.03 0.80  -56.47 -19.29 37.88 3.00 0.15 -0.08 0.92  -25.73 -38.60 16.54 -5.30 0.03 0.00 0.85  19.09 -10.54 -5.79 -0.88 3.17 0.29
-0.02 -0.03 1.06  -43.89 -19.36 23.34 -1.58 0.01 -0.00 0.73  -68.68 -14.92 47.27 0.25 0.17 -0.09 0.92  -4.40 -41.06 15.00 -6.92 -0.07 -0.00 0.68  2.59 -17.54 -0.85 -0.22 3.17 0.23
0.02 -0.02 1.11  -78.68 -26.16 36.97 -1.46 0.05 -0.08 0.72  -82.92 -20.06 57.42 -6.25 0.23 -0.13 1.04  1.49 -47.58 19.73 -8.73 -0.06 -0.21 0.80  -16.27 -10.38 12.90 -14.70 3.18 0.17
0.14 -0.01 1.09  -145.64 -14.01 78.24 -1.08 -0.05 -0.29 0.82  -105.14 -10.09 63.84 -20.86 0.18 -0.28 1.26  21.73 -30.58 11.52 -14.41 0.07 -0.24 0.93  -19.53 4.45 24.47 -17.48 3.17 0.05
0.25 -0.12 1.01  -246.64 14.54 154.99 -6.98 -0.15 -0.57 0.93  -126.72 -14.11 61.45 -35.76 0.12 -0.29 1.43  56.76 10.41 14.39 -14.21 -0.00 -0.15 0.94  -6.45 -7.41 15.84 -12.69 3.13 0.00
0.31 -0.47 0.97  -246.64 141.70 227.48 -27.24 0.36 -0.27 0.76  -118.88 -1.78 55.92 -26.63 0.20 -0.16 1.13  105.14 62.09 24.26 -10.56 0.05 0.04 0.98  -0.84 -22.56 19.75 -0.06 2.82 0.19
0.27 -0.99 1.41  -85.00 25.16 70.90 -40.63 0.19 0.21 0.26  -81.15 31.62 51.91 34.45 0.15 -0.21 0.70  100.27 65.39 12.54 -19.06 0.26 0.02 0.99  -1.15 -2.58 19.19 1.18 0.84 0.03
0.15 -0.10 0.62  72.23 -55.65 21.37 -17.12 0.14 0.26 0.45  -22.37 65.30 21.04 37.27 0.12 -0.21 0.65  80.86 68.06 -3.35 -21.57 0.17 -0.04 0.92  -5.27 10.46 1.05 -2.32 0.58 0.04
0.26 0.23 0.38  102.30 -0.86 -41.72 27.90 -0.12 0.43 0.57  38.03 33.43 -10.36 44.76 0.11 -0.02 0.81  85.27 85.91 -23.69 -5.50 0.11 0.02 0.90  -3.84 6.24 -10.78 0.85 0.50 0.12
0.05 0.15 0.53  110.44 -0.30 -127.75 21.53 -0.00 0.45 0.52  105.53 -10.53 -36.56 49.53 0.04 0.11 0.73  83.42 81.31 -17.52 7.74 0.10 0.02 0.89  -3.50 6.16 -7.39 1.47 0.51 0.16
-0.04 -0.01 0.70  143.43 -23.21 -169.45 3.97 0.05 0.37 0.48  160.32 41.28 -66.16 47.46 -0.07 0.19 0.68  70.44 75.57 -12.93 17.16 0.13 -0.02 0.86  5.05 13.07 1.37 -0.70 0.70 0.15
0.01 -0.27 0.99  169.37 -59.23 -164.62 -14.22 -0.11 0.16 0.42  207.51 65.17 -79.38 30.08 -0.18 0.24 0.74  49.34 27.59 -21.97 21.55 0.14 0.01 0.82  7.48 17.80 2.37 0.69 0.85 0.10
-0.12 -0.57 1.20  166.82 -58.34 -134.90 -28.09 -0.28 -0.11 0.37  238.32 17.70 -74.17 -9.86 -0.06 0.31 0.79  10.89 -10.97 -26.91 25.59 0.11 -0.02 0.80  2.33 17.33 0.25 -1.57 0.62 0.02
-0.13 -0.63 1.31  148.45 -67.62 -76.05 -31.28 -0.25 -0.22 0.38  249.06 -69.70 -76.53 -31.95 0.07 0.12 0.89  -22.23 -19.64 -32.50 12.71 0.10 -0.05 0.80  12.04 15.58 2.11 -3.58 0.57 0.04
-0.05 -0.98 1.03  122.72 -100.84 -58.16 -49.74 -0.09 -0.10 0.54  220.80 -70.24 -93.95 -16.21 -0.04 0.09 1.28  1.57 -24.35 -26.92 6.36 0.11 -0.04 0.80  15.50 17.35 6.63 -3.81 0.49 0.07
-0.45 -0.85 0.62  80.39 -75.81 -97.09 -63.74 0.06 0.23 0.83  131.86 -29.02 -71.01 12.10 -0.09 0.00 1.79  8.76 -5.35 -16.90 1.38 0.06 -0.04 0.82  11.77 12.55 8.92 -3.68 0.41 0.05
-0.87 -0.99 0.22  -28.99 6.52 -61.39 -90.34 -0.04 0.54 0.83  -12.17 61.15 -4.65 35.15 -0.07 -0.10 1.73  28.01 55.62 -21.67 -2.94 0.01 -0.05 0.77  7.60 9.20 8.52 -4.67 0.38 0.00
-0.24 -0.04 1.05  -15.56 32.00 9.24 -20.27 0.03 -0.16 1.31  -94.65 61.48 35.60 -0.15 -0.16 0.01 1.30  44.61 46.18 -7.71 0.06 0.15 -0.04 0.76  -2.23 2.62 3.40 -3.64 0.68 3.13
0.06 -0.44 1.06  -40.12 44.06 135.27 -26.83 -0.30 -0.03 0.89  -88.86 73.30 10.96 -2.36 -0.38 -0.02 1.17  -1.19 21.56 -8.10 -1.08 -0.05 -0.19 0.85  -27.18 -13.38 -17.31 -13.13 0.67 3.16
-0.07 -0.33 1.15  -3.25 165.79 82.79 -21.23 0.01 -0.08 0.67  -91.37 -23.16 5.34 -7.27 0.01 0.06 0.97  -26.94 -43.37 -14.08 3.23 0.07 -0.21 0.90  -28.21 -21.38 -25.27 -15.65 0.47 3.16
-0.02 -0.10 1.02  -0.83 91.02 34.12 -9.61 -0.02 -0.10 0.72  -69.36 -12.35 3.89 -9.16 0.04 0.14 0.69  -62.30 -86.01 -10.11 11.93 0.13 -0.06 1.00  -14.92 3.47 -22.33 -6.35 2.37 3.17
-0.08 -0.07 1.05  1.40 32.10 13.19 -5.93 0.20 -0.04 0.76  -50.81 -21.30 0.99 -4.60 0.46 -0.09 0.94  -77.67 -49.43 0.25 -2.99 -0.07 -0.01 1.02  -2.72 7.38 -32.70 -1.75 2.61 3.17
-0.02 -0.06 1.01  -0.80 19.30 6.63 -4.45 0.18 0.01 0.81  -39.80 -6.80 5.50 -0.57 0.37 -0.03 0.99  -70.15 0.17 1.38 -2.26 -0.08 -0.09 0.96  2.81 -3.25 -18.43 -5.66 2.74 3.16
-0.07 -0.05 1.02  -1.31 7.19 4.42 -3.58 0.19 -0.01 0.81  -31.60 -15.01 8.85 -0.55 0.18 -0.02 0.95  -63.62 -8.82 -0.73 -1.92 -0.07 -0.02 0.91  -1.03 1.01 1.60 -2.62 2.82 3.13
-0.07 -0.06 1.01  -1.63 1.74 3.47 -3.84 0.09 0.00 0.82  -23.59 -25.66 9.18 -0.13 0.04 0.02 0.92  -60.33 -65.05 8.88 0.74 -0.11 -0.01 0.86  -3.03 0.61 3.08 -1.44 2.88 3.13
-0.04 -0.06 1.00  3.62 3.64 4.48 -4.05 0.20 0.07 0.88  -21.91 -34.86 9.98 4.34 0.20 0.01 0.91  -58.16 -98.41 17.67 0.64 -0.06 -0.02 0.83  2.64 -5.96 2.93 -1.92 2.93 3.10
-0.05 -0.05 1.01  8.17 8.32 6.17 -3.86 0.19 0.07 0.86  -26.92 -29.92 13.08 5.79 0.33 -0.03 0.98  -48.17 -52.19 8.18 -1.89 -0.06 0.05 0.80  8.94 -13.81 2.24 3.38 2.98 3.07
-0.08 -0.05 1.02  10.07 8.79 5.28 -3.43 0.12 0.05 0.84  -31.43 -20.92 16.50 4.45 0.21 0.01 0.98  -40.91 -25.58 4.57 -0.14 -0.05 0.03 0.74  1.37 -18.91 -0.86 2.99 3.02 3.02
-0.07 -0.03 1.03  9.70 8.34 5.77 -2.51 0.12 0.06 0.87  -38.07 -20.09 21.34 4.69 0.13 0.03 1.01  -41.89 -22.22 8.74 1.36 -0.03 -0.07 0.74  2.18 -18.72 -1.56 -4.45 3.03 2.82
-0.06 -0.02 1.04  5.60 6.12 9.30 -1.59 0.12 0.05 0.83  -48.17 -19.68 27.06 4.26 0.11 -0.01 0.96  -36.76 -37.12 16.99 -0.30 -0.02 -0.10 0.78  15.59 -19.34 -6.34 -8.20 3.08 1.44
-0.08 -0.01 1.05  -0.89 -0.88 15.79 -0.79 0.08 0.03 0.77  -55.62 -25.56 30.79 3.38 0.14 -0.06 0.93  -30.06 -50.58 15.89 -4.01 0.04 -0.04 0.83  19.85 -17.76 -8.21 -4.20 3.10 0.46
-0.10 -0.01 1.08  -19.45 -16.52 20.07 -0.61 0.06 0.03 0.75  -65.50 -23.91 38.29 2.81 0.18 -0.06 0.94  -12.67 -45.73 13.30 -4.67 -0.01 -0.00 0.73  5.88 -19.80 -3.87 -0.86 3.13 0.34
-0.03 -0.03 1.09  -47.83 -21.65 31.02 -1.92 0.03 0.01 0.71  -78.94 -20.38 44.93 1.25 0.22 -0.04 1.00  -1.07 -42.26 13.73 -3.25 -0.17 -0.11 0.78  -4.62 -20.46 6.08 -7.89 3.16 0.24
-0.00 -0.01 1.13  -93.63 -32.28 55.81 -1.02 -0.03 -0.21 0.72  -96.51 -19.54 53.15 -15.77 0.23 -0.21 1.12  11.21 -38.84 15.00 -11.40 0.08 -0.26 0.86  -25.08 -0.93 26.29 -18.57 3.17 0.13
0.14 0.04 1.17  -200.89 -9.23 113.67 1.59 -0.14 -0.52 0.81  -123.30 -14.40 60.15 -35.76 0.13 -0.32 1.41  37.62 -1.68 10.31 -15.10 0.04 -0.22 0.89  -16.00 6.20 24.49 -17.31 3.17 0.00
0.43 -0.16 0.98  -246.64 16.67 203.52 -9.13 0.12 -0.49 0.98  -129.68 -22.83 58.25 -33.83 0.15 -0.26 1.30  76.90 44.16 23.50 -14.24 -0.02 -0.09 0.92  1.31 -19.16 19.44 -8.93 3.08 0.23
0.41 -1.27 1.50  -188.70 25.85 107.62 -42.15 0.21 0.25 0.22  -95.30 25.00 57.50 41.43 0.20 -0.11 0.72  104.98 65.76 16.34 -11.11 0.18 0.09 0.97  2.85 -16.10 25.05 3.40 1.35 0.09
0.36 -0.16 0.92  36.68 31.53 58.89 -18.30 0.17 0.13 0.43  -41.11 52.95 30.24 25.65 0.08 -0.25 0.64  83.33 63.53 11.80 -23.51 0.23 -0.06 0.93  -2.95 5.42 13.06 -3.07 0.69 0.05
0.33 0.24 0.38  88.12 129.74 -14.69 28.82 -0.11 0.40 0.56  27.98 9.48 -4.26 40.38 0.08 -0.11 0.80  77.15 59.97 -10.26 -12.50 0.09 -0.04 0.88  -1.70 4.80 -8.34 -3.24 0.75 0.14
-0.03 0.21 0.53  96.99 30.09 -98.31 27.43 0.00 0.42 0.53  89.72 -7.80 -34.98 46.32 0.03 0.06 0.79  76.69 57.62 -8.99 2.16 0.07 0.01 0.87  0.50 -0.21 -9.92 0.27 0.67 0.14
0.06 0.03 0.72  121.88 -52.81 -131.01 8.26 0.02 0.36 0.49  141.43 37.24 -63.77 45.75 -0.04 0.17 0.72  73.79 69.74 4.53 13.94 0.12 -0.01 0.87  4.41 0.07 -1.59 -0.73 0.53 0.11
-0.09 -0.19 1.05  151.91 -23.94 -119.18 -8.44 -0.18 0.16 0.48  187.83 44.20 -74.34 27.34 -0.15 0.22 0.77  55.12 37.28 -5.70 18.51 0.15 0.01 0.85  12.02 7.39 3.92 0.78 0.51 0.05
-0.20 -0.51 1.27  171.00 16.58 -113.72 -23.33 -0.24 0.02 0.43  220.00 -0.87 -67.89 7.77 -0.11 0.27 0.87  27.49 -0.50 -22.41 20.82 0.12 0.03 0.80  5.13 10.99 2.47 2.48 0.42 0.02
-0.24 -0.61 1.27  188.23 18.37 -85.50 -30.29 -0.13 -0.12 0.42  232.37 -21.06 -53.79 -14.12 0.06 0.25 0.91  3.49 -18.93 -26.02 19.61 0.10 -0.03 0.78  3.82 12.30 4.58 -1.95 0.43 0.07
-0.14 -0.66 1.19  170.89 -42.50 -69.98 -34.99 -0.09 -0.21 0.51  230.35 3.93 -50.79 -24.86 0.07 0.11 1.03  -13.75 -41.35 -22.11 9.97 0.14 -0.06 0.79  6.73 14.54 8.32 -4.57 0.46 0.10
-0.09 -0.67 0.70  90.61 -199.62 -107.71 -50.53 -0.14 -0.01 0.68  192.66 17.02 -59.24 -5.83 -0.05 0.02 1.40  1.78 -24.61 -0.66 3.00 0.12 -0.06 0.80  5.83 18.85 10.62 -5.51 0.45 0.10
-0.40 -0.99 0.32  5.11 -145.59 -108.42 -82.35 0.06 0.43 0.89  93.03 8.27 -45.81 24.91 -0.10 -0.09 1.85  30.22 47.27 -12.88 -1.99 0.07 -0.07 0.82  3.78 16.20 8.59 -5.83 0.53 0.09
-0.73 -0.80 0.27  -59.57 26.93 -18.27 -88.16 -0.01 0.42 0.82  -42.30 67.33 -4.75 32.05 -0.04 0.07 1.63  39.02 76.47 -32.43 2.10 0.08 -0.06 0.77  7.57 14.98 8.03 -5.93 0.53 0.96
0.06 0.35 1.36  -71.08 -13.80 24.05 -3.01 -0.08 -0.26 1.38  -91.36 33.42 22.27 -4.36 -0.25 0.08 1.24  38.07 44.94 -15.87 3.98 0.17 -0.02 0.78  -1.62 14.88 1.21 -2.39 0.62 3.12
-0.01 -0.59 1.30  -24.89 23.95 151.33 -25.19 -0.24 -0.04 0.88  -95.31 87.80 2.63 -3.57 -0.36 -0.06 1.23  8.66 9.81 -13.24 -1.97 -0.06 -0.17 0.88  -19.31 4.85 -21.11 -11.63 0.80 3.13
-0.16 -0.32 1.17  -2.25 114.09 74.81 -20.35 -0.23 -0.07 0.66  -86.81 -22.23 -0.72 -6.74 0.08 0.01 0.93  -17.83 -23.83 -20.66 0.27 0.02 -0.20 0.90  -16.47 0.56 -30.06 -14.67 2.88 3.13
-0.04 -0.14 1.02  1.88 23.19 30.04 -11.82 0.03 -0.09 0.69  -59.40 -34.67 -6.91 -8.71 0.01 0.08 0.69  -54.67 -44.06 -14.07 6.73 0.11 -0.11 0.97  -10.12 22.31 -27.84 -9.53 3.06 3.13
-0.05 -0.08 1.01  2.88 17.59 12.29 -6.83 0.16 -0.05 0.80  -40.10 5.26 -5.75 -5.14 0.34 -0.08 0.98  -59.92 -40.11 -2.62 -3.23 -0.12 -0.03 1.01  -3.79 30.17 -36.08 -3.82 3.11 3.13
-0.02 -0.07 1.00  -1.06 5.98 7.95 -5.12 0.12 -0.03 0.87  -27.73 -5.80 -4.16 -3.21 0.41 -0.04 1.05  -47.66 3.75 2.47 -2.88 -0.16 -0.12 0.97  6.76 19.91 -22.02 -7.60 3.13 3.12
-0.03 -0.07 0.99  -2.06 4.27 7.68 -5.00 0.21 -0.01 0.83  -18.15 -3.34 0.17 -1.22 0.18 0.00 1.00  -43.60 5.36 0.32 -0.58 -0.11 -0.02 0.96  10.90 25.90 -0.76 -2.80 3.16 3.06
-0.05 -0.07 0.99  -1.41 3.16 7.70 -5.01 0.07 -0.03 0.84  -7.97 -4.83 1.25 -2.10 0.07 0.02 0.92  -55.28 -42.31 4.63 0.81 -0.09 0.04 0.89  6.79 29.06 2.30 2.34 3.17 2.96
-0.06 -0.07 0.99  -0.44 1.74 6.86 -5.29 0.11 0.03 0.91  -1.00 -22.33 -0.62 1.56 0.17 -0.01 0.97  -61.11 -46.86 9.56 -0.46 -0.09 0.01 0.88  0.47 26.34 0.40 1.10 3.17 2.88
-0.06 -0.07 0.99  0.41 1.02 5.08 -5.16 0.15 0.04 0.97  -4.51 -10.45 1.31 2.45 0.25 -0.04 1.08  -50.77 -14.45 4.94 -2.50 -0.09 0.03 0.89  3.81 21.53 -4.80 2.32 3.18 2.77
-0.04 -0.08 0.99  1.40 2.77 5.53 -5.39 0.17 0.05 0.99  -11.60 -1.76 3.65 3.15 0.19 -0.02 1.09  -40.98 18.36 2.60 -1.47 -0.05 0.03 0.90  -0.13 25.43 -6.61 2.55 3.18 2.54
-0.07 -0.07 1.00  0.88 2.81 4.95 -4.94 0.15 0.03 0.98  -19.91 7.84 8.36 2.54 0.12 -0.04 1.05  -33.41 16.83 6.80 -2.40 0.02 -0.01 0.92  -2.63 33.91 -10.12 0.07 3.18 1.99
-0.07 -0.07 1.00  -3.24 1.83 4.28 -4.72 0.15 0.02 0.92  -26.12 9.22 13.02 1.47 0.15 -0.06 0.97  -19.28 12.94 9.51 -4.27 0.01 -0.04 0.91  2.74 47.66 -20.83 -2.56 3.18 1.08
-0.06 -0.08 0.99  -6.54 1.71 4.92 -5.37 0.14 0.02 0.86  -27.68 9.48 17.46 1.44 0.20 -0.05 0.88  -6.31 9.45 10.85 -3.99 -0.04 -0.05 0.90  3.44 53.52 -26.25 -3.51 3.18 0.29
-0.09 -0.09 1.00  -7.27 0.25 3.83 -5.99 0.10 0.01 0.81  -25.36 10.80 22.36 1.24 0.22 -0.04 0.84  -0.16 25.33 9.02 -3.53 -0.07 -0.06 0.89  4.75 56.47 -24.91 -4.81 3.18 0.00
-0.08 -0.08 0.99  -8.47 -2.20 3.66 -6.06 0.09 -0.03 0.78  -22.03 6.45 27.15 -1.90 0.22 -0.06 0.86  1.72 42.56 7.88 -4.87 -0.07 -0.10 0.91  4.38 57.71 -20.98 -7.21 3.18 0.00
-0.06 -0.08 1.01  -12.83 -6.54 4.53 -5.61 0.06 0.00 0.84  -20.47 -3.36 32.44 -0.15 0.15 -0.07 0.88  9.24 61.89 6.86 -5.77 -0.04 -0.06 0.88  3.03 60.19 -19.01 -5.15 3.18 0.00
-0.06 -0.09 1.00  -22.54 -9.22 6.30 -6.42 0.02 0.01 0.86  -23.21 0.03 35.15 0.62 0.08 -0.03 0.98  12.63 69.20 9.55 -3.16 -0.07 -0.03 0.85  2.29 57.20 -20.94 -3.22 3.18 0.00
-0.05 -0.09 1.01  -36.67 -3.00 1.63 -6.46 0.06 0.03 0.95  -31.71 -3.58 43.77 1.62 0.10 -0.03 1.08  23.85 65.79 13.18 -2.05 -0.05 -0.02 0.84  -0.73 54.94 -18.66 -1.79 3.17 0.00
0.09 -0.11 1.01  -62.53 14.45 5.11 -7.38 0.13 -0.04 1.01  -55.30 21.23 57.57 -1.97 0.11 0.01 1.23  40.89 76.46 13.89 0.06 0.06 -0.01 0.86  -2.83 61.53 -12.43 -0.71 3.17 0.00
0.15 -0.15 1.01  -95.08 33.07 28.31 -9.94 0.14 -0.18 0.89  -80.58 49.46 69.09 -11.99 0.13 -0.02 1.36  70.04 95.17 18.03 -0.91 0.14 -0.00 0.86  0.41 72.78 -5.66 -0.47 3.13 0.00
0.19 -0.36 0.91  -114.94 43.03 61.20 -23.38 0.19 -0.06 0.50  -75.92 71.55 85.52 -9.18 0.34 -0.07 1.18  89.24 103.20 24.12 -3.27 0.22 -0.01 0.85  2.43 83.31 -2.11 -0.92 3.03 0.00
0.42 -0.35 0.90  -43.86 92.34 -4.14 -25.94 0.19 0.24 0.27  -49.88 92.42 106.99 38.92 0.50 -0.09 0.84  58.72 102.05 -12.60 -6.71 0.21 -0.05 0.85  -2.30 94.89 -10.21 -3.79 1.46 0.05
0.27 -0.09 0.57  -22.76 180.25 -104.28 -13.96 0.20 0.30 0.39  -13.70 149.56 125.78 45.65 0.54 -0.05 0.64  35.95 97.52 -48.33 -5.34 0.16 -0.12 0.81  -3.71 97.90 -23.98 -9.16 1.18 0.02
0.17 -0.03 0.47  -29.69 201.77 -159.40 -6.22 0.14 0.34 0.41  13.35 210.05 128.72 48.87 0.42 0.04 0.67  30.23 146.44 -57.88 2.79 0.22 -0.12 0.80  1.81 101.72 -27.22 -10.25 1.07 0.14
0.08 0.03 0.56  -38.50 159.48 -191.99 1.64 0.03 0.33 0.43  37.19 233.30 119.25 47.33 0.19 0.02 0.76  20.47 200.50 -61.94 1.87 0.22 -0.06 0.79  4.67 118.04 -25.82 -6.45 0.95 0.14
0.26 -0.12 0.51  -42.80 154.17 -213.67 -12.89 -0.01 0.27 0.43  62.56 222.23 102.86 41.65 0.08 -0.05 0.73  6.98 221.15 -61.92 -3.14 0.19 -0.05 0.79  5.28 136.80 -25.44 -4.71 0.88 0.17
0.29 -0.22 0.58  -65.82 156.78 -244.94 -23.12 0.10 0.18 0.38  76.35 247.52 90.96 33.32 -0.05 -0.10 0.71  11.52 232.94 -67.40 -8.86 0.15 -0.08 0.79  8.12 148.52 -24.90 -6.97 0.87 0.17
0.05 -0.47 0.77  -72.66 144.61 -242.71 -36.09 -0.13 0.11 0.37  71.70 250.72 91.31 23.62 -0.21 -0.07 0.75  24.02 211.54 -58.62 -7.44 0.06 -0.06 0.79  15.40 150.91 -27.92 -5.39 0.71 0.21
-0.01 -0.36 0.81  -67.73 97.99 -226.89 -31.38 -0.27 0.07 0.41  69.10 200.55 88.91 14.80 -0.21 -0.05 0.87  27.06 156.99 -46.48 -4.85 0.06 -0.05 0.79  20.70 150.29 -31.24 -4.91 0.72 0.18
0.18 -0.28 0.73  -90.67 72.75 -221.16 -27.35 -0.11 0.09 0.40  78.17 156.02 79.84 16.34 -0.17 -0.04 0.83  7.37 151.97 -40.98 -3.92 0.04 -0.07 0.78  16.41 146.55 -32.94 -6.00 0.71 0.16
0.25 -0.50 0.56  -128.18 111.64 -228.67 -47.27 0.03 0.14 0.33  72.06 203.04 81.73 26.74 -0.01 -0.07 0.78  10.05 152.72 -34.10 -5.58 0.01 -0.11 0.81  13.83 134.83 -32.89 -8.76 0.75 0.14
0.07 -0.71 0.48  -154.02 113.78 -192.59 -65.76 -0.19 0.18 0.28  46.54 198.42 79.03 37.39 -0.04 -0.06 0.95  11.31 146.81 -37.19 -4.46 0.04 -0.08 0.85  15.11 124.72 -31.25 -7.12 0.86 0.11
-0.09 -0.88 0.37  -136.40 97.53 -117.82 -80.29 -0.17 0.30 0.18  10.21 150.40 53.22 66.24 -0.24 -0.00 0.88  0.56 121.85 -34.20 -1.09 0.06 -0.05 0.87  17.12 118.10 -29.42 -4.76 0.87 0.08
-0.08 -0.35 0.67  -79.26 77.22 -71.08 -43.68 -0.29 0.19 0.37  -6.01 76.71 25.93 40.47 -0.25 0.04 0.61  -7.55 95.15 -25.76 3.56 0.06 -0.05 0.87  16.28 114.52 -28.34 -4.08 1.32 0.15
0.27 -0.21 0.75  -7.09 -7.13 -40.56 -24.28 -0.14 0.12 0.49  18.27 7.10 -6.34 21.49 -0.20 -0.03 0.68  -20.02 37.54 -12.97 -2.02 0.02 -0.05 0.93  15.80 108.88 -29.35 -3.91 1.45 0.07
0.31 -0.04 0.82  21.11 26.90 -24.33 -7.89 -0.04 -0.02 0.64  28.53 -13.35 -28.53 2.45 -0.08 -0.15 0.94  -9.79 29.14 -9.50 -9.32 -0.08 -0.08 0.98  20.75 91.01 -33.98 -5.54 1.50 2.77
0.14 -0.01 0.94  8.68 17.92 -9.32 -2.07 -0.05 -0.06 0.81  32.40 -4.27 -28.49 -3.63 0.02 -0.11 1.09  -14.34 9.59 -10.74 -7.61 -0.10 -0.08 0.97  29.17 72.52 -36.89 -5.45 1.86 3.02
0.14 -0.02 0.90  -1.23 1.21 -10.00 -1.91 -0.12 0.03 0.84  23.92 27.42 -26.56 1.43 0.09 0.01 1.07  -4.57 47.81 -11.10 -0.84 -0.06 -0.01 0.94  26.56 66.30 -29.29 -1.52 1.16 3.07
0.19 -0.01 0.86  -2.22 -0.12 -4.88 -1.10 0.06 0.03 0.82  21.21 -0.56 -28.30 2.43 0.18 0.01 1.07  1.78 62.97 -12.82 0.46 -0.05 0.06 0.89  18.76 68.26 -22.13 3.40 1.30 3.08
0.16 -0.03 0.88  0.40 6.41 0.73 -2.30 0.14 0.06 0.80  15.70 33.83 -21.91 4.53 0.20 0.03 1.05  -0.33 56.26 -16.95 1.72 -0.08 0.03 0.87  9.96 74.42 -21.80 2.86 2.34 3.12
0.14 -0.03 0.89  -0.26 4.96 0.05 -2.40 0.02 0.00 0.80  13.93 37.79 -16.14 1.27 0.13 0.02 1.02  -1.26 48.41 -11.70 1.45 -0.13 -0.02 0.87  7.70 80.01 -24.53 -0.94 2.51 3.13
0.14 -0.02 0.89  -1.76 1.30 -1.10 -2.06 0.05 0.00 0.82  14.47 28.79 -14.49 0.57 0.09 0.01 1.01  -5.94 40.39 -4.07 0.89 -0.12 -0.02 0.88  4.07 78.28 -27.64 -1.50 2.60 3.13
0.17 -0.02 0.88  0.11 6.67 3.02 -1.75 0.14 0.03 0.83  16.20 37.63 -12.72 1.94 0.16 0.00 0.98  -13.71 40.84 -5.93 0.31 -0.08 0.01 0.88  -2.37 77.46 -28.47 0.11 2.80 3.13
0.13 -0.03 0.89  2.63 14.05 6.63 -2.28 0.06 0.02 0.86  15.19 41.61 -9.62 1.71 0.19 -0.01 0.99  -15.11 58.10 -10.37 -0.81 -0.14 0.00 0.87  -5.50 74.68 -27.24 0.10 2.96 3.13
0.10 -0.03 0.91  2.03 10.57 4.44 -2.59 0.06 0.03 0.87  12.90 42.02 -6.26 2.10 0.15 -0.03 0.98  -10.45 71.29 -9.05 -1.82 -0.16 0.00 0.86  -8.50 66.62 -28.43 0.25 3.02 3.16
0.12 -0.04 0.91  1.36 5.66 1.06 -2.84 0.10 0.02 0.87  13.97 26.97 -3.40 1.75 0.10 -0.02 0.93  -9.67 74.78 -5.98 -1.41 -0.17 -0.02 0.87  -11.53 58.85 -29.10 -0.96 3.03 3.16
0.14 -0.03 0.90  5.77 14.21 3.37 -2.28 0.18 0.04 0.91  12.58 38.61 1.31 3.07 0.12 -0.02 0.96  -7.47 63.57 -3.56 -1.68 -0.15 -0.03 0.90  -11.14 54.10 -26.61 -2.31 3.08 3.16
0.09 -0.02 0.92  4.82 11.57 2.21 -1.81 0.05 0.01 0.94  10.93 24.55 7.05 1.04 0.06 -0.04 0.97  0.21 53.60 0.30 -2.89 -0.17 -0.06 0.91  -6.53 51.07 -24.76 -4.08 3.10 3.17
0.11 -0.02 0.92  4.51 7.90 1.83 -1.60 0.15 0.03 0.94  8.77 18.68 11.43 2.09 0.07 -0.02 0.96  6.51 32.49 8.75 -1.84 -0.15 -0.03 0.91  -1.58 48.85 -24.39 -2.89 3.12 3.17
0.10 -0.02 0.93  4.61 9.10 3.25 -1.51 0.10 0.01 0.89  9.36 23.46 16.63 0.96 0.15 -0.03 0.92  10.38 22.09 13.89 -1.99 -0.13 -0.02 0.90  0.86 49.20 -24.56 -1.67 3.13 3.17
0.09 -0.02 0.94  2.97 4.87 1.57 -1.77 0.07 -0.00 0.90  13.15 13.46 20.24 -0.10 0.11 -0.02 0.90  11.90 21.15 17.87 -1.70 -0.14 -0.02 0.88  1.67 47.43 -25.78 -1.79 3.13 3.17
0.10 -0.03 0.94  4.14 4.85 0.53 -2.00 0.11 0.01 0.91  15.31 20.63 24.31 0.61 0.14 -0.02 0.92  13.03 23.06 21.35 -1.54 -0.15 -0.03 0.88  0.12 43.65 -25.19 -2.37 3.13 3.17
0.15 -0.03 0.92  10.40 11.39 2.66 -2.35 0.15 0.02 0.92  16.38 28.52 27.77 1.39 0.17 -0.00 0.94  14.74 25.06 19.90 -0.48 -0.09 -0.06 0.93  -2.27 40.66 -18.18 -4.24 3.13 3.17
0.11 -0.04 0.95  14.97 16.53 2.24 -2.65 -0.04 0.01 0.98  16.90 25.49 31.12 0.92 0.01 0.00 0.96  19.11 25.75 15.34 0.04 -0.00 -0.10 0.93  -2.91 44.19 -5.76 -6.88 3.13 3.16
0.14 -0.05 0.98  20.67 23.20 0.94 -3.18 -0.02 0.01 1.06  13.83 1.20 28.57 0.99 -0.13 0.01 1.06  13.84 12.65 15.38 0.36 -0.04 -0.03 0.88  2.76 37.84 -5.13 -3.24 3.10 3.13
0.19 -0.04 0.95  36.65 44.61 6.18 -3.26 0.08 0.05 1.11  3.28 5.65 30.22 2.57 -0.10 -0.01 1.18  23.79 4.69 16.55 -0.58 -0.01 -0.02 0.91  2.76 24.26 -2.65 -1.85 2.98 3.11
0.20 -0.04 0.96  42.68 66.51 6.99 -2.77 0.08 0.01 1.07  -12.86 17.64 30.63 0.93 -0.00 0.03 1.20  37.04 0.15 12.23 1.51 0.09 -0.03 0.95  4.38 18.75 5.29 -2.00 2.20 2.96
0.24 0.01 0.85  -2.22 64.02 -34.64 0.14 0.06 -0.05 0.92  -24.72 33.06 29.61 -3.17 -0.05 -0.11 1.14  40.73 4.81 11.06 -5.18 0.14 -0.03 0.96  6.50 16.95 2.82 -2.31 1.16 1.58
0.16 -0.15 0.76  -39.49 37.13 -90.34 -11.30 0.22 -0.05 0.79  -29.76 86.41 26.47 -4.39 0.02 -0.08 1.02  40.78 13.07 9.22 -5.56 0.11 -0.05 0.94  2.96 11.27 -10.47 -3.78 0.85 0.73
0.08 -0.07 0.90  -54.58 25.83 -97.09 -6.81 0.03 0.03 0.79  -36.29 129.82 16.99 0.97 0.13 0.03 1.07  33.60 66.87 -9.55 0.39 0.10 -0.05 0.92  -1.99 2.38 -18.62 -3.99 0.80 0.70
0.04 0.06 0.91  -72.41 39.22 -97.16 2.35 -0.09 0.04 0.83  -33.92 108.36 9.45 2.98 0.04 0.06 1.03  24.12 128.05 -34.42 3.70 0.10 -0.04 0.90  -2.26 -5.22 -16.24 -3.31 0.78 0.59
-0.07 0.13 1.03  -82.02 10.12 -89.60 7.85 -0.13 0.01 0.87  -27.36 100.90 0.00 1.40 -0.13 0.04 0.99  32.05 129.91 -42.60 2.87 0.12 -0.04 0.90  -1.59 -7.76 -10.50 -3.17 0.74 0.55
-0.07 0.14 1.11  -60.64 25.29 -90.24 8.51 -0.19 -0.02 0.87  -14.15 95.98 -0.04 -0.79 -0.21 0.05 1.02  32.51 94.52 -38.56 3.26 0.13 -0.03 0.91  -0.83 -5.29 -6.54 -2.53 0.76 0.44
-0.18 0.17 1.20  -46.59 18.05 -73.08 9.81 -0.30 -0.01 0.85  4.25 90.09 1.07 -0.94 -0.28 0.06 0.95  21.50 57.99 -35.77 4.35 0.11 -0.03 0.90  0.99 -1.18 -4.68 -2.15 0.63 0.42
-0.37 0.20 1.09  -52.39 -40.97 -62.59 12.53 -0.39 0.01 0.84  18.39 56.29 -0.66 0.18 -0.32 0.08 0.98  11.37 12.66 -23.80 5.81 0.10 -0.02 0.90  3.79 1.73 -2.76 -1.43 0.57 0.31
0.07 -0.29 1.12  -41.20 -13.95 -41.63 -11.79 -0.30 0.08 0.78  22.99 7.57 -5.21 5.62 -0.26 0.09 1.07  4.88 -14.68 -4.76 6.11 0.12 -0.00 0.90  2.30 4.04 -1.69 -0.41 0.52 0.30
-0.21 -0.21 1.07  9.33 -2.75 -3.79 -13.69 -0.22 0.09 0.77  14.86 5.78 -3.62 7.61 -0.14 0.07 1.13  1.87 -11.41 0.50 4.85 0.11 -0.01 0.89  -2.40 8.17 -0.37 -1.01 0.52 0.28
-0.09 -0.07 0.90  23.40 -14.75 19.91 -7.10 -0.25 0.07 0.78  7.89 -21.65 -3.11 6.56 -0.05 0.06 1.08  3.36 -1.50 2.50 4.16 0.13 -0.03 0.88  -4.60 11.65 0.71 -1.90 0.56 0.33
0.12 0.02 0.85  3.90 -38.83 10.66 -0.06 -0.10 0.07 0.78  10.06 -36.69 -5.66 6.22 -0.08 0.10 0.99  -7.55 -9.39 5.89 6.43 0.11 -0.03 0.88  -7.35 13.40 0.58 -2.64 0.44 0.25
0.03 -0.13 0.88  -12.28 8.51 14.54 -8.52 -0.04 0.06 0.78  10.87 -18.51 -5.31 5.60 -0.08 0.07 1.01  -16.19 -23.66 9.09 5.05 0.09 -0.03 0.89  -8.88 12.98 1.23 -2.43 0.31 0.83
0.04 0.03 1.02  3.49 42.62 7.70 -0.12 -0.15 -0.03 0.89  10.39 -30.13 -3.88 -0.79 -0.12 -0.00 1.11  -16.94 -23.32 8.04 0.95 0.08 -0.04 0.90  -9.01 13.33 2.97 -3.04 0.16 2.77
0.11 -0.02 1.05  -6.03 19.62 14.84 -1.00 -0.08 -0.09 0.96  14.22 -52.02 -9.59 -5.48 -0.20 -0.07 1.17  -13.74 -35.93 8.93 -3.44 0.04 -0.07 0.91  -10.03 10.93 1.05 -5.05 1.75 2.93
0.12 -0.04 0.96  -7.44 4.52 7.56 -2.81 0.02 -0.01 0.92  8.46 -57.67 -9.98 -1.55 -0.01 -0.02 1.19  -16.02 -46.67 2.44 -1.47 0.03 -0.08 0.91  -7.94 2.62 -3.01 -5.91 2.21 2.96
0.10 -0.03 0.94  -5.93 -2.04 2.34 -2.43 0.04 0.02 0.91  2.70 -26.86 -6.51 1.24 0.09 0.03 1.08  -10.48 -33.80 -2.34 1.20 0.06 -0.05 0.90  -3.53 -2.86 -2.71 -4.25 2.26 2.98
0.07 -0.03 0.95  -4.68 -2.52 -1.02 -2.13 -0.01 0.02 0.91  -0.49 -2.44 -4.75 1.48 0.04 0.03 1.08  -8.53 -10.78 -2.87 1.95 0.05 -0.04 0.89  -2.85 -3.47 -0.39 -3.57 2.34 3.03
0.09 -0.02 0.95  -1.49 -1.13 -1.90 -1.81 -0.01 0.00 0.93  -1.81 0.06 -5.86 0.36 -0.02 0.02 1.08  -11.76 -0.32 -4.29 1.20 0.03 -0.05 0.90  -2.94 -3.84 1.27 -4.16 2.35 3.06
0.10 -0.01 0.94  0.40 3.68 0.90 -1.16 0.01 0.01 0.93  -2.89 6.87 -6.01 0.53 0.01 0.00 1.08  -10.02 -2.36 -6.66 0.44 0.01 -0.05 0.90  -0.47 -5.56 2.93 -3.82 2.42 3.07
0.05 -0.02 0.96  -0.88 2.17 1.60 -1.31 -0.05 0.00 0.93  -3.61 -0.18 -6.50 0.26 -0.05 0.01 1.06  -6.20 -8.68 -6.20 0.68 0.00 -0.03 0.89  -0.31 -7.51 3.56 -2.73 2.51 3.08
0.05 -0.02 0.96  -1.51 -1.71 -0.17 -1.53 -0.02 0.00 0.92  -3.95 -5.37 -7.31 0.25 -0.02 0.01 1.05  -6.01 -16.56 -2.45 0.50 0.01 -0.02 0.89  -0.79 -8.02 3.66 -2.13 2.52 3.08
0.08 -0.02 0.95  -1.00 -1.52 -0.68 -1.57 0.02 0.01 0.92  -5.22 0.57 -6.63 0.84 0.06 0.01 1.08  -6.20 -12.77 -3.37 0.49 0.02 -0.03 0.90  -1.10 -6.45 3.19 -2.42 2.51 3.08
0.08 -0.02 0.95  -0.52 1.54 0.91 -1.51 0.02 0.01 0.93  -6.47 0.95 -5.68 0.96 0.06 0.00 1.08  -2.78 -1.12 -6.40 0.23 0.01 -0.03 0.89  -0.15 -5.12 2.64 -2.32 2.54 3.08
0.07 -0.02 0.95  0.09 3.45 1.78 -1.58 0.03 0.02 0.92  -8.23 3.66 -4.59 1.28 0.04 0.01 1.07  0.21 1.26 -6.13 0.76 0.01 -0.03 0.88  -0.10 -3.21 2.15 -2.34 2.60 3.08
0.07 -0.02 0.95  0.27 3.74 2.17 -1.59 0.00 0.01 0.90  -9.35 5.65 -3.82 0.56 0.03 0.00 1.06  0.83 0.17 -5.95 0.39 0.02 -0.05 0.87  -0.82 -0.51 2.76 -3.63 2.66 3.10
0.06 -0.02 0.95  0.65 2.91 1.87 -1.67 0.01 0.01 0.88  -8.39 1.55 -3.86 0.45 0.06 0.00 1.04  0.06 -1.03 -6.82 0.23 0.01 -0.06 0.87  0.16 3.88 3.26 -4.77 2.69 3.10
0.06 -0.02 0.96  0.33 2.74 1.76 -1.67 0.02 0.00 0.87  -7.32 4.37 -3.18 0.34 0.07 0.00 1.04  -0.15 4.68 -6.04 0.14 0.00 -0.05 0.87  -0.30 6.44 2.02 -4.01 2.72 3.10
0.06 -0.02 0.96  -0.06 1.83 1.47 -1.72 0.02 0.01 0.87  -6.21 3.94 -2.88 0.47 0.06 0.00 1.04  -0.31 6.62 -5.18 0.20 -0.02 -0.04 0.86  -0.34 6.66 0.27 -3.61 2.77 3.11
0.06 -0.02 0.96  0.35 2.11 1.24 -1.68 0.03 0.01 0.88  -5.38 4.23 -2.21 0.62 0.05 0.00 1.05  -1.54 6.72 -5.31 0.25 -0.03 -0.05 0.86  0.63 6.66 0.73 -4.29 2.78 3.12
0.06 -0.02 0.96  0.63 2.35 1.24 -1.66 0.02 0.01 0.88  -5.30 3.93 -1.24 0.71 0.05 0.00 1.05  -0.95 5.34 -5.49 0.20 -0.04 -0.05 0.85  0.92 4.43 2.95 -4.53 2.80 3.12
0.05 -0.02 0.96  0.38 1.40 1.15 -1.75 0.01 0.00 0.86  -4.48 0.59 -0.54 0.45 0.04 0.00 1.04  -0.21 -0.03 -4.15 0.19 -0.05 -0.05 0.85  0.93 0.95 4.55 -4.35 2.82 3.12
0.06 -0.02 0.96  0.63 1.48 0.80 -1.67 0.03 0.01 0.86  -3.46 -0.09 -0.66 0.80 0.06 0.00 1.04  -1.77 -3.46 -3.95 0.26 -0.03 -0.05 0.85  0.93 -2.03 5.79 -4.26 2.82 3.12
0.05 -0.02 0.96  0.59 1.36 0.93 -1.70 0.02 0.01 0.87  -3.04 0.78 -0.53 0.92 0.06 0.00 1.05  -1.49 -2.93 -4.11 0.10 -0.04 -0.05 0.85  -0.45 -4.80 7.53 -4.08 2.85 3.12
0.05 -0.02 0.96  0.35 1.17 0.69 -1.62 0.03 0.01 0.87  -2.91 0.33 -0.71 1.03 0.06 0.00 1.05  -2.08 -3.99 -3.80 0.25 -0.04 -0.04 0.85  -1.51 -7.31 8.51 -3.56 2.85 3.12
0.05 -0.02 0.96  0.35 1.36 0.88 -1.52 0.02 0.01 0.87  -3.14 -0.03 -0.65 1.00 0.05 0.00 1.05  -1.63 -6.54 -3.42 0.17 -0.04 -0.04 0.85  -3.14 -10.17 9.66 -3.26 2.87 3.12
0.05 -0.02 0.96  0.43 1.27 1.16 -1.51 0.03 0.01 0.87  -3.27 -1.32 -0.79 1.07 0.05 0.00 1.04  -0.96 -12.37 -2.56 0.13 -0.05 -0.04 0.85  -4.01 -13.43 10.71 -3.32 2.90 3.13
0.05 -0.02 0.96  0.41 1.16 1.16 -1.52 0.02 0.01 0.86  -3.37 -2.38 -1.16 0.79 0.06 -0.00 1.04  -1.46 -17.29 -2.24 -0.02 -0.05 -0.04 0.85  -4.73 -16.14 11.03 -3.38 2.91 3.13
0.05 -0.02 0.96  0.13 1.07 1.24 -1.58 0.03 0.01 0.86  -3.20 -2.17 -1.66 1.09 0.07 0.00 1.04  -1.40 -17.87 -2.10 0.20 -0.04 -0.04 0.85  -5.11 -17.86 10.79 -3.51 2.93 3.13
0.05 -0.02 0.96  -0.02 1.03 1.20 -1.54 0.04 0.01 0.86  -3.17 -1.21 -1.65 1.00 0.10 -0.00 1.04  -1.66 -15.03 -2.67 -0.08 -0.03 -0.04 0.86  -5.42 -17.05 10.85 -3.44 2.95 3.13
0.05 -0.02 0.96  -0.06 0.78 0.81 -1.63 0.03 0.01 0.85  -3.04 0.20 -1.59 1.20 0.09 0.00 1.04  -1.20 -11.85 -3.03 -0.02 -0.05 -0.04 0.85  -6.45 -16.63 10.02 -3.50 2.96 3.13
0.05 -0.02 0.96  0.42 0.85 0.64 -1.78 0.04 0.02 0.85  -3.47 -0.21 -1.91 1.51 0.09 0.00 1.04  -0.79 -10.45 -3.13 0.14 -0.05 -0.05 0.85  -6.50 -16.19 9.95 -3.93 2.96 3.13
0.05 -0.02 0.96  1.05 0.77 0.49 -1.57 0.03 0.01 0.86  -4.10 0.27 -1.74 1.20 0.10 -0.00 1.05  -0.99 -8.43 -3.62 -0.06 -0.07 -0.04 0.84  -6.28 -15.23 9.73 -3.58 2.96 3.13
0.05 -0.02 0.96  0.66 0.77 0.75 -1.53 0.03 0.02 0.85  -3.94 -0.58 -1.49 1.33 0.09 -0.00 1.04  0.47 -7.66 -3.44 -0.04 -0.07 -0.03 0.83  -5.94 -15.47 7.56 -3.01 2.96 3.13
0.04 -0.02 0.97  0.16 0.53 0.63 -1.58 0.03 0.01 0.84  -3.62 -2.17 -1.23 1.24 0.09 0.00 1.04  1.11 -9.64 -1.63 0.00 -0.07 -0.05 0.83  -5.20 -14.93 5.95 -4.10 2.97 3.13
0.05 -0.02 0.96  0.26 0.30 0.46 -1.49 0.04 0.01 0.84  -3.44 -1.77 -0.82 1.09 0.11 0.00 1.05  -0.27 -10.90 -1.20 0.09 -0.07 -0.05 0.83  -4.56 -12.89 5.11 -4.59 2.98 3.13
0.05 -0.02 0.97  0.04 0.34 0.70 -1.52 0.04 0.01 0.83  -2.77 -3.31 -0.35 1.20 0.12 0.00 1.04  -1.14 -8.54 -0.88 0.04 -0.06 -0.05 0.83  -3.72 -10.23 3.56 -4.14 2.98 3.13
0.05 -0.02 0.96  -0.15 0.32 0.81 -1.57 0.05 0.02 0.83  -2.52 -1.55 0.22 1.29 0.12 0.00 1.03  -1.36 -5.06 -0.32 0.03 -0.07 -0.05 0.83  -3.42 -8.13 2.21 -4.06 2.98 3.13
0.05 -0.02 0.96  0.04 0.51 0.83 -1.51 0.04 0.02 0.84  -2.57 -0.42 0.70 1.42 0.12 -0.00 1.04  -1.31 -3.29 0.16 -0.15 -0.06 -0.05 0.83  -2.71 -5.15 0.98 -4.23 2.98 3.13
0.05 -0.02 0.97  0.12 0.54 1.01 -1.53 0.04 0.02 0.83  -2.46 -0.34 0.97 1.51 0.12 -0.00 1.03  -0.21 -0.96 0.66 -0.18 -0.06 -0.05 0.83  -1.08 -2.85 -0.83 -4.19 2.98 3.13
0.05 -0.02 0.97  0.07 0.55 0.83 -1.57 0.04 0.01 0.83  -2.13 0.96 1.05 1.30 0.11 -0.00 1.02  -1.08 0.56 0.86 -0.30 -0.06 -0.05 0.84  -0.03 -0.47 -2.28 -4.30 2.98 3.13
0.05 -0.02 0.97  0.04 0.17 0.70 -1.56 0.04 0.02 0.83  -1.43 0.94 1.18 1.39 0.11 -0.00 1.02  -0.53 0.32 1.54 -0.18 -0.06 -0.05 0.84  0.14 1.78 -2.44 -4.61 2.98 3.13
0.05 -0.02 0.97  -0.03 0.31 0.97 -1.56 0.03 0.02 0.83  -0.71 0.33 1.28 1.32 0.11 -0.00 1.02  -0.85 0.68 1.44 -0.28 -0.06 -0.06 0.84  1.63 3.68 -2.54 -4.71 3.00 3.13
0.05 -0.02 0.96  0.19 0.34 0.89 -1.55 0.04 0.01 0.83  0.00 1.20 1.34 1.27 0.11 -0.00 1.02  -1.11 1.92 1.77 -0.28 -0.06 -0.05 0.83  2.39 5.41 -3.69 -4.41 3.00 3.13
0.05 -0.02 0.97  0.14 0.22 0.70 -1.67 0.03 0.01 0.83  0.75 1.90 1.22 1.26 0.11 -0.00 1.02  -2.02 2.88 2.29 -0.31 -0.06 -0.05 0.83  3.40 6.79 -4.30 -4.36 3.01 3.13
0.05 -0.02 0.97  0.01 0.19 0.73 -1.67 0.03 0.02 0.84  1.17 2.51 1.13 1.36 0.10 -0.00 1.03  -1.68 5.68 2.54 -0.32 -0.06 -0.05 0.83  4.44 7.36 -5.34 -4.36 3.01 3.13
0.05 -0.02 0.97  -0.40 -0.15 0.76 -1.48 0.03 0.02 0.84  1.11 3.08 0.92 1.29 0.09 -0.00 1.03  -1.76 7.17 2.42 -0.24 -0.06 -0.06 0.84  6.22 7.78 -5.82 -4.64 3.01 3.13
0.04 -0.02 0.97  -0.59 -0.71 0.81 -1.59 0.02 0.01 0.83  1.72 2.36 0.53 1.09 0.08 -0.00 1.01  -1.50 7.10 2.51 -0.20 -0.06 -0.05 0.83  6.63 8.07 -5.50 -4.48 3.02 3.13
0.05 -0.02 0.97  -0.74 -0.88 0.72 -1.66 0.03 0.01 0.84  2.52 1.67 0.09 1.12 0.09 -0.00 1.02  -2.77 7.37 3.00 -0.31 -0.06 -0.05 0.83  7.13 7.33 -6.14 -4.19 3.01 3.13
0.05 -0.03 0.96  -0.60 -0.93 0.36 -1.83 0.04 0.02 0.86  2.06 1.74 -0.01 1.78 0.08 0.00 1.04  -3.48 7.11 2.70 0.04 -0.04 -0.04 0.85  7.25 6.76 -6.23 -3.26 3.00 3.13
0.05 -0.02 0.96  -0.00 0.04 0.66 -1.70 0.05 0.03 0.87  -0.12 4.31 0.52 2.02 0.10 -0.00 1.05  -1.18 8.01 1.73 -0.27 -0.02 -0.02 0.85  7.50 9.80 -7.27 -1.77 3.01 3.13
0.05 -0.02 0.96  0.20 0.98 1.06 -1.65 0.03 0.02 0.85  -1.38 3.03 0.94 1.                                        '     & '           @iCj8 3.02 3.13
0.05 -0.02 0.97  -0.10 0.51 0.98 -1.69 0.03 0.01 0.84  -1.14 3.53 1.04 1.00 0.08 -0.00 1.01  1.02 9.54 1.26 -0.32 -0.04 -0.06 0.84  6.19 13.11 -9.44 -4.60 3.02 3.13
0.05 -0.02 0.96  -0.39 -0.17 0.86 -1.79 0.03 0.01 0.83  0.46 2.55 0.71 0.89 0.08 -0.00 0.99  -1.01 8.27 1.41 -0.30 -0.06 -0.07 0.85  6.66 11.63 -9.36 -5.29 3.01 3.13
0.05 -0.02 0.96  -0.38 -0.55 0.47 -1.79 0.03 0.01 0.84  1.84 1.65 0.53 0.77 0.08 -0.00 1.00  -3.53 7.07 1.71 -0.33 -0.03 -0.06 0.85  7.11 12.39 -8.34 -4.75 3.01 3.13
0.05 -0.02 0.96  -0.67 -1.23 0.21 -1.78 0.03 0.01 0.85  2.73 1.65 0.50 1.03 0.08 -0.00 1.01  -3.60 7.04 2.22 -0.31 -0.05 -0.05 0.87  7.67 11.68 -8.88 -4.10 3.00 3.13
0.05 -0.02 0.96  -0.67 -0.99 0.24 -1.72 0.04 0.01 0.86  2.54 2.81 1.00 1.17 0.09 -0.01 1.02  -3.59 8.69 2.57 -0.47 -0.02 -0.03 0.88  7.79 12.69 -8.85 -3.06 3.00 3.12
0.05 -0.02 0.96  -0.72 -0.78 0.53 -1.79 0.04 0.02 0.86  2.02 3.71 1.34 1.39 0.08 -0.01 1.01  -1.78 12.01 2.05 -0.46 -0.03 -0.04 0.87  8.47 12.89 -9.98 -3.41 3.00 3.12
0.05 -0.02 0.96  -0.73 -1.11 0.41 -1.80 0.03 0.01 0.85  2.17 3.25 1.29 0.91 0.05 -0.00 1.00  -2.11 9.20 2.80 -0.23 -0.03 -0.04 0.88  8.70 11.81 -9.30 -3.45 2.99 3.12
0.05 -0.02 0.96  -0.98 -1.93 0.05 -1.83 0.03 0.01 0.86  2.83 1.78 1.37 0.81 0.07 -0.01 1.00  -4.24 5.02 3.07 -0.42 -0.01 -0.04 0.88  6.59 13.69 -7.91 -3.23 2.98 3.12
0.06 -0.03 0.96  -1.01 -1.55 0.39 -1.89 0.04 0.01 0.86  3.03 1.77 1.72 1.15 0.08 -0.00 1.00  -2.67 5.22 3.41 -0.33 -0.02 -0.03 0.88  5.83 13.19 -8.49 -2.77 2.98 3.11
0.05 -0.03 0.96  -0.82 -1.26 0.44 -1.94 0.04 0.01 0.87  2.70 1.78 2.45 1.11 0.07 -0.01 1.01  -2.81 7.93 2.85 -0.38 -0.02 -0.03 0.88  4.74 13.26 -6.95 -2.72 2.98 3.11
0.06 -0.03 0.96  -0.29 -0.33 0.63 -1.96 0.04 0.02 0.87  2.12 2.62 2.90 1.22 0.05 -0.00 1.00  -2.28 7.03 2.51 -0.20 -0.03 -0.03 0.88  2.47 10.98 -4.09 -2.66 3.00 3.10
0.05 -0.03 0.96  0.11 0.39 0.79 -2.00 0.03 0.01 0.88  1.76 0.77 3.08 1.19 0.04 -0.00 0.99  -2.07 3.09 2.52 -0.32 -0.03 -0.03 0.89  2.03 8.36 -2.68 -2.41 3.00 3.10
0.05 -0.03 0.96  0.48 0.52 0.74 -1.99 0.03 0.01 0.88  0.91 -0.51 3.20 1.17 0.03 -0.00 1.00  -1.02 -0.51 2.89 -0.30 -0.01 -0.03 0.89  1.83 5.83 -1.79 -2.47 3.00 3.10
0.06 -0.03 0.96  0.61 0.89 1.00 -1.96 0.02 0.01 0.88  0.05 -0.14 3.26 1.08 0.05 -0.01 1.00  0.15 -1.49 2.98 -0.64 -0.01 -0.03 0.89  1.19 4.41 -0.57 -2.72 3.01 3.10
0.05 -0.03 0.96  0.76 1.13 1.04 -1.90 0.02 0.01 0.87  -0.04 -0.74 3.15 0.93 0.05 -0.00 0.99  0.41 -0.81 2.34 -0.37 -0.00 -0.03 0.89  -0.14 4.06 0.06 -2.33 3.01 3.10
0.05 -0.03 0.96  0.66 0.97 0.83 -1.91 0.02 0.01 0.87  0.05 0.59 3.01 0.86 0.04 -0.01 0.99  -0.57 0.52 1.86 -0.39 0.01 -0.03 0.90  -1.08 4.62 -0.38 -2.48 3.01 3.10
0.05 -0.02 0.96  0.74 1.10 0.63 -1.80 0.02 0.01 0.88  -0.17 0.61 2.72 0.85 0.03 -0.01 0.99  -0.21 0.84 1.63 -0.49 0.01 -0.03 0.90  -1.35 5.30 -0.51 -2.66 3.02 3.10
0.05 -0.03 0.96  0.60 1.00 0.74 -1.86 0.01 0.01 0.88  -0.70 0.13 2.24 1.00 0.03 -0.01 1.00  0.29 0.46 1.07 -0.40 -0.00 -0.03 0.90  -1.32 6.20 -0.59 -2.69 3.02 3.10
0.05 -0.02 0.96  0.62 0.91 0.75 -1.82 0.01 0.01 0.88  -1.42 0.84 1.91 0.74 0.04 -0.01 0.99  0.72 1.94 0.65 -0.48 -0.01 -0.04 0.90  -1.24 6.62 -0.73 -2.92 3.02 3.11
0.05 -0.03 0.96  0.40 0.77 0.78 -1.92 0.01 0.01 0.87  -0.99 1.19 1.41 0.72 0.04 -0.01 0.97  0.04 3.42 -0.05 -0.56 -0.01 -0.04 0.89  -1.37 6.46 -0.92 -3.28 3.02 3.11
0.05 -0.02 0.96  0.30 0.10 0.51 -1.84 0.01 0.01 0.87  -0.17 1.29 0.79 0.49 0.03 -0.01 0.97  -1.10 4.70 -0.27 -0.51 -0.01 -0.04 0.89  -0.79 6.49 -1.08 -3.27 3.02 3.11
0.05 -0.02 0.96  0.22 -0.18 0.18 -1.78 0.01 0.01 0.87  0.35 0.93 0.41 0.62 0.04 -0.01 0.99  -2.98 3.58 -0.45 -0.45 -0.01 -0.04 0.89  -0.43 7.04 -1.27 -3.18 3.01 3.11
0.05 -0.02 0.96  0.24 0.02 0.31 -1.71 0.02 0.01 0.88  0.19 1.17 0.53 0.90 0.04 -0.01 0.99  -1.24 3.68 -0.24 -0.48 -0.02 -0.04 0.89  -0.32 7.07 -1.22 -3.00 3.01 3.11
0.05 -0.02 0.96  0.36 0.42 0.45 -1.72 0.02 0.01 0.88  -0.38 1.20 0.69 0.95 0.04 -0.01 0.99  -1.37 3.36 -0.30 -0.47 -0.02 -0.04 0.88  -0.55 6.90 -0.92 -3.00 3.01 3.11
0.05 -0.02 0.96  0.18 0.35 0.60 -1.72 0.01 0.01 0.87  -0.50 1.24 0.87 0.73 0.04 -0.01 0.98  -0.72 2.03 -0.16 -0.52 -0.02 -0.04 0.88  -0.64 6.85 -0.93 -2.93 3.02 3.12
0.05 -0.02 0.96  0.07 0.09 0.65 -1.73 0.02 0.01 0.87  -0.27 0.05 0.57 0.79 0.04 -0.01 0.97  -1.32 0.52 0.16 -0.44 -0.02 -0.04 0.87  -0.68 6.78 -1.25 -3.17 3.02 3.12
0.05 -0.02 0.96  0.14 0.42 0.62 -1.69 0.01 0.01 0.88  -0.39 1.87 0.60 0.86 0.05 -0.01 0.98  -2.06 0.78 0.10 -0.52 -0.02 -0.04 0.88  -1.10 5.90 -1.35 -3.24 3.02 3.12
0.05 -0.02 0.96  0.11 0.61 0.65 -1.68 0.02 0.01 0.88  -0.81 1.43 0.34 0.97 0.04 -0.01 0.98  -1.62 3.09 -0.56 -0.55 -0.03 -0.04 0.88  -1.03 4.41 -0.97 -3.26 3.02 3.12
0.05 -0.02 0.96  0.07 0.45 0.79 -1.70 0.01 0.01 0.88  -1.40 1.78 0.21 0.94 0.03 -0.01 0.98  -1.08 1.77 -0.56 -0.78 -0.03 -0.04 0.88  -0.62 2.69 -0.46 -3.43 3.02 3.11
0.05 -0.02 0.96  -0.01 0.25 0.86 -1.73 0.01 0.01 0.87  -1.50 0.56 -0.19 0.74 0.03 -0.01 0.97  -0.50 -0.04 -0.34 -0.68 -0.03 -0.04 0.87  -0.27 0.94 -0.27 -3.37 3.02 3.12
0.05 -0.02 0.96  0.11 0.32 0.73 -1.78 0.02 0.01 0.87  -1.14 0.71 -0.50 0.84 0.04 -0.01 0.96  -1.14 -1.83 -0.25 -0.56 -0.03 -0.04 0.88  0.44 -0.38 -0.23 -3.38 3.02 3.12
0.05 -0.02 0.96  -0.08 0.17 0.60 -1.68 0.01 0.01 0.87  -0.97 0.87 -0.79 0.70 0.05 -0.01 0.97  -1.73 -1.47 -0.44 -0.78 -0.03 -0.04 0.88  0.53 -1.13 -0.10 -3.46 3.02 3.11
0.05 -0.02 0.96  -0.25 -0.22 0.61 -1.73 0.02 0.01 0.87  -0.77 0.82 -1.01 0.64 0.05 -0.01 0.97  -2.09 -0.35 -0.56 -0.79 -0.03 -0.04 0.88  1.28 -1.09 -0.40 -3.43 3.02 3.12
0.05 -0.02 0.96  -0.21 -0.20 0.60 -1.78 0.02 0.01 0.87  -0.59 1.12 -0.97 0.81 0.05 -0.01 0.97  -2.27 -1.38 -0.49 -0.72 -0.03 -0.04 0.88  1.00 -1.12 -0.43 -3.25 3.02 3.12
0.05 -0.02 0.96  -0.13 0.01 0.69 -1.78 0.02 0.01 0.88  -0.72 0.77 -0.93 0.86 0.05 -0.01 0.96  -1.61 -0.90 -0.67 -0.94 -0.03 -0.04 0.88  1.05 -1.02 -0.08 -3.07 3.02 3.12
0.05 -0.02 0.96  0.03 0.29 0.66 -1.80 0.02 0.01 0.87  -0.88 1.30 -0.92 0.96 0.05 -0.01 0.96  -1.35 -0.68 -0.37 -0.63 -0.02 -0.04 0.88  1.11 -0.77 -0.12 -3.16 3.03 3.11
0.05 -0.02 0.96  -0.08 0.25 0.60 -1.82 0.02 0.01 0.87  -0.85 1.21 -0.88 0.93 0.05 -0.01 0.97  -1.45 -0.97 -0.03 -0.89 -0.02 -0.04 0.88  1.11 0.04 -0.45 -3.19 3.03 3.12
0.05 -0.02 0.96  0.08 0.41 0.62 -1.78 0.03 0.02 0.89  -1.73 1.65 -0.57 1.35 0.06 -0.01 0.98  -1.06 1.03 -0.63 -0.90 -0.03 -0.03 0.89  1.26 0.36 -0.60 -2.80 3.02 3.11
0.05 -0.02 0.96  -0.13 0.59 0.98 -1.71 0.03 0.02 0.89  -3.44 2.56 0.06 1.29 0.05 -0.01 0.98  2.68 2.98 -0.44 -0.96 -0.03 -0.03 0.88  0.88 0.70 -0.55 -2.41 3.03 3.12
0.05 -0.02 0.96  -0.19 0.52 1.03 -1.82 0.03 0.01 0.87  -3.99 1.74 0.34 0.88 0.05 -0.01 0.96  3.49 2.10 -0.16 -0.78 -0.02 -0.04 0.88  0.31 1.61 -0.78 -2.86 3.03 3.12
0.05 -0.03 0.96  -0.03 0.41 0.89 -1.90 0.02 0.00 0.85  -2.73 1.21 0.21 0.48 0.05 -0.01 0.95  1.95 0.75 -0.17 -0.62 -0.02 -0.04 0.88  0.04 3.17 -1.38 -3.43 3.03 3.12
0.05 -0.03 0.96  -0.05 0.22 0.70 -1.89 0.02 0.01 0.86  -1.24 0.56 -0.05 0.69 0.06 -0.01 0.95  -0.14 0.99 0.11 -0.61 -0.03 -0.04 0.88  -0.40 4.17 -2.02 -3.38 3.03 3.12
0.05 -0.03 0.96  -0.24 0.21 0.60 -1.88 0.03 0.01 0.87  -0.98 2.10 0.09 0.88 0.06 -0.01 0.97  -0.65 2.62 -0.29 -0.86 -0.03 -0.04 0.88  -0.50 4.22 -2.18 -3.19 3.03 3.12
0.05 -0.02 0.96  -0.18 0.14 0.70 -1.85 0.03 0.01 0.87  -1.34 1.65 0.14 1.14 0.05 -0.01 0.97  0.03 3.48 -0.53 -0.84 -0.03 -0.03 0.88  -0.56 3.70 -1.88 -2.88 3.03 3.11
0.05 -0.02 0.96  0.02 0.47 0.83 -1.84 0.03 0.01 0.87  -1.55 1.59 0.27 1.08 0.05 -0.01 0.96  0.49 2.84 -0.52 -0.81 -0.03 -0.04 0.88  -0.59 3.04 -1.98 -3.10 3.03 3.12
0.05 -0.02 0.96  0.01 0.26 0.78 -1.83 0.02 0.01 0.86  -1.22 0.88 0.26 0.78 0.05 -0.01 0.96  0.44 1.57 -0.09 -0.85 -0.03 -0.04 0.88  -0.72 3.22 -2.16 -3.04 3.03 3.12
0.05 -0.02 0.96  -0.06 0.03 0.64 -1.85 0.03 0.01 0.86  -0.97 0.75 0.28 0.92 0.06 -0.01 0.96  0.66 1.07 0.28 -0.79 -0.03 -0.04 0.88  -1.13 3.35 -2.17 -3.24 3.03 3.12
0.05 -0.03 0.96  -0.12 0.22 0.60 -1.89 0.03 0.01 0.87  -1.14 1.16 0.39 1.05 0.06 -0.01 0.97  0.69 2.45 -0.01 -0.73 -0.03 -0.04 0.88  -1.09 3.40 -2.17 -3.27 3.03 3.11
0.05 -0.03 0.96  -0.09 0.22 0.69 -1.98 0.02 0.01 0.86  -1.18 1.63 0.31 1.02 0.05 -0.01 0.96  1.46 2.37 0.05 -0.83 -0.03 -0.04 0.88  -1.23 3.08 -2.04 -3.23 3.03 3.12
0.05 -0.02 0.96  0.04 0.29 0.59 -1.87 0.02 0.01 0.86  -0.88 1.02 0.11 0.91 0.04 -0.01 0.96  0.34 1.66 -0.17 -0.84 -0.03 -0.05 0.87  -0.87 2.11 -2.07 -3.65 3.03 3.12
0.05 -0.03 0.96  -0.04 0.01 0.54 -1.88 0.03 0.01 0.87  -0.77 0.73 -0.04 1.00 0.05 -0.01 0.96  0.62 0.42 0.26 -0.75 -0.03 -0.04 0.87  -0.21 1.27 -2.05 -3.63 3.03 3.12
0.05 -0.03 0.96  -0.11 -0.24 0.54 -1.94 0.03 0.01 0.86  -0.56 0.82 -0.03 0.88 0.06 -0.01 0.96  0.59 0.66 0.09 -0.98 -0.03 -0.04 0.87  -0.24 0.43 -1.35 -3.53 3.03 3.12
0.05 -0.03 0.96  -0.11 -0.33 0.36 -1.98 0.02 0.01 0.86  -0.11 0.36 -0.05 0.85 0.05 -0.01 0.96  1.02 0.33 -0.11 -0.83 -0.03 -0.04 0.87  -0.41 0.01 -1.08 -3.49 3.03 3.12
0.05 -0.03 0.96  0.04 -0.21 0.30 -1.91 0.03 0.01 0.87  0.09 0.22 -0.11 1.05 0.05 -0.01 0.96  0.80 -0.25 0.19 -0.73 -0.03 -0.04 0.87  -0.21 -0.48 -0.79 -3.54 3.02 3.12
0.05 -0.02 0.96  0.11 -0.07 0.34 -1.85 0.03 0.01 0.87  -0.25 0.30 -0.03 1.05 0.05 -0.01 0.97  1.24 0.07 0.18 -0.76 -0.03 -0.04 0.87  0.10 -0.98 -0.53 -3.49 3.02 3.12
0.05 -0.03 0.96  0.01 -0.20 0.54 -1.87 0.03 0.01 0.87  -0.62 0.03 0.12 1.00 0.05 -0.01 0.97  1.90 -0.25 0.39 -0.74 -0.02 -0.05 0.87  0.21 -0.97 -0.33 -3.69 3.02 3.12
0.05 -0.03 0.96  0.08 -0.04 0.52 -1.89 0.03 0.01 0.86  -0.32 0.04 0.22 0.83 0.05 -0.01 0.96  1.56 -0.35 0.15 -0.67 -0.02 -0.04 0.86  -0.09 -0.63 -0.42 -3.55 3.02 3.12
0.05 -0.03 0.96  -0.04 -0.22 0.46 -1.87 0.03 0.01 0.86  0.12 -0.01 0.13 0.82 0.05 -0.01 0.97  0.77 -0.62 0.32 -0.65 -0.02 -0.04 0.86  0.08 -0.28 -0.69 -3.63 3.02 3.12
0.05 -0.03 0.96  -0.10 -0.27 0.45 -1.88 0.03 0.01 0.87  0.03 0.20 0.17 0.99 0.05 -0.01 0.97  0.73 0.26 0.12 -0.59 -0.02 -0.04 0.86  0.12 -0.37 -0.62 -3.65 3.02 3.12
0.05 -0.03 0.96  0.11 -0.10 0.45 -1.88 0.03 0.01 0.87  -0.36 0.29 0.29 1.06 0.05 -0.01 0.98  1.03 0.37 0.15 -0.68 -0.02 -0.04 0.87  0.48 -0.44 -0.37 -3.56 3.02 3.12
0.05 -0.02 0.96  0.16 0.10 0.59 -1.86 0.03 0.01 0.87  -0.53 0.57 0.41 0.97 0.05 -0.01 0.97  1.37 0.13 0.28 -0.68 -0.02 -0.04 0.86  0.48 -0.21 -0.54 -3.39 3.02 3.12
0.05 -0.03 0.96  0.09 0.03 0.57 -1.90 0.03 0.01 0.87  -0.19 -0.00 0.37 0.93 0.05 -0.01 0.97  0.58 -0.63 0.39 -0.62 -0.02 -0.04 0.86  0.37 0.08 -0.82 -3.49 3.02 3.12
0.05 -0.02 0.96  0.05 -0.06 0.57 -1.83 0.03 0.01 0.87  -0.17 0.23 0.38 0.93 0.05 -0.01 0.97  0.76 -0.08 0.34 -0.72 -0.02 -0.04 0.86  0.52 0.33 -1.02 -3.63 3.02 3.12
0.05 -0.02 0.96  0.16 0.09 0.53 -1.84 0.03 0.01 0.87  -0.52 0.32 0.37 1.09 0.05 -0.01 0.98  0.34 0.46 0.16 -0.61 -0.02 -0.04 0.86  0.50 0.32 -0.73 -3.55 3.02 3.12
0.05 -0.02 0.96  0.28 0.32 0.76 -1.80 0.03 0.01 0.87  -0.81 0.82 0.54 0.96 0.05 -0.01 0.97  0.90 0.64 0.05 -0.77 -0.02 -0.04 0.87  0.22 0.32 -0.73 -3.56 3.02 3.12
0.05 -0.02 0.96  0.36 0.34 0.84 -1.82 0.03 0.01 0.87  -0.68 -0.01 0.39 1.00 0.05 -0.01 0.97  0.76 -0.04 0.22 -0.60 -0.01 -0.04 0.86  0.35 0.32 -0.93 -3.59 3.02 3.12
0.05 -0.02 0.96  0.20 0.10 0.71 -1.84 0.03 0.01 0.87  -0.51 0.44 0.36 0.93 0.05 -0.01 0.97  0.15 0.01 0.11 -0.67 -0.02 -0.05 0.87  0.02 0.72 -0.98 -3.73 3.02 3.12
0.05 -0.02 0.96  0.17 0.02 0.68 -1.84 0.03 0.01 0.87  -0.54 0.33 0.27 0.96 0.05 -0.01 0.97  0.13 -0.05 0.13 -0.62 -0.02 -0.04 0.86  -0.46 0.39 -0.95 -3.56 3.02 3.12
0.05 -0.02 0.96  0.07 0.26 0.65 -1.79 0.03 0.01 0.87  -0.73 0.62 0.29 1.09 0.05 -0.01 0.97  -0.06 0.35 -0.20 -0.66 -0.02 -0.04 0.86  -0.36 0.36 -1.19 -3.42 3.02 3.12
0.05 -0.02 0.96  -0.05 -0.03 0.64 -1.84 0.03 0.01 0.87  -0.89 0.66 0.25 0.91 0.05 -0.01 0.97  0.21 0.19 -0.03 -0.77 -0.02 -0.04 0.86  -0.62 -0.11 -1.60 -3.53 3.02 3.12
0.05 -0.02 0.96  -0.09 -0.14 0.65 -1.80 0.03 0.01 0.87  -0.86 0.24 0.23 0.91 0.05 -0.01 0.97  0.23 -0.38 -0.05 -0.80 -0.02 -0.04 0.86  -0.71 -0.23 -1.70 -3.56 3.02 3.12
0.05 -0.03 0.96  -0.10 -0.09 0.75 -1.89 0.03 0.01 0.87  -0.85 -0.09 0.18 1.01 0.05 -0.01 0.97  0.13 -0.93 -0.01 -0.70 -0.02 -0.05 0.87  -0.35 -0.07 -1.75 -3.83 3.02 3.12
0.05 -0.02 0.96  -0.07 0.01 0.66 -1.86 0.03 0.01 0.87  -0.81 0.22 0.19 1.00 0.05 -0.01 0.96  0.48 -0.26 0.17 -0.67 -0.01 -0.05 0.86  0.47 0.36 -1.76 -4.04 3.02 3.12
0.05 -0.02 0.96  -0.06 0.16 0.55 -1.81 0.03 0.01 0.87  -0.69 0.90 0.25 0.88 0.06 -0.01 0.97  0.06 0.10 0.13 -0.78 -0.02 -0.04 0.86  0.46 0.62 -1.57 -3.73 3.02 3.12
0.05 -0.02 0.96  -0.01 0.11 0.60 -1.84 0.03 0.01 0.87  -0.62 0.58 0.25 0.89 0.06 -0.01 0.97  0.20 1.04 -0.02 -0.73 -0.01 -0.04 0.86  0.39 0.91 -1.73 -3.72 3.02 3.12
0.05 -0.03 0.96  -0.04 -0.10 0.76 -1.86 0.03 0.01 0.87  -0.82 0.89 0.36 1.01 0.05 -0.01 0.97  0.46 0.75 0.26 -0.77 -0.01 -0.05 0.86  0.82 1.16 -1.95 -3.73 3.02 3.12
0.05 -0.03 0.96  -0.00 0.05 0.74 -1.88 0.03 0.01 0.87  -0.81 0.35 0.44 0.90 0.05 -0.01 0.97  0.45 1.03 0.13 -0.72 -0.01 -0.04 0.86  0.92 1.50 -1.74 -3.51 3.02 3.12
0.05 -0.03 0.96  0.02 0.16 0.71 -1.88 0.03 0.01 0.87  -0.55 0.42 0.50 0.95 0.05 -0.01 0.96  0.36 -0.12 0.41 -0.83 -0.02 -0.05 0.86  0.84 1.23 -1.37 -3.75 3.02 3.12
0.05 -0.02 0.96  0.09 0.08 0.59 -1.85 0.03 0.01 0.87  -0.53 0.44 0.49 0.87 0.06 -0.01 0.97  0.34 0.52 0.35 -0.79 -0.02 -0.04 0.86  1.03 1.11 -1.18 -3.66 3.02 3.12
0.05 -0.03 0.96  0.11 0.19 0.65 -1.89 0.03 0.01 0.87  -0.52 0.77 0.57 1.03 0.06 -0.01 0.97  0.60 1.07 0.33 -0.67 -0.01 -0.05 0.86  