0.09 0.01 0.95  -0.25 -0.51 1.05 0.51 -0.03 0.01 0.86  -2.91 0.20 0.76 0.94 0.04 -0.01 0.92  -1.63 -0.08 0.25 -1.03 -0.00 -0.05 0.87  2.08 2.28 -0.91 -3.88 3.07 3.08
0.09 0.01 0.95  -0.36 -0.62 1.05 0.46 -0.02 0.01 0.86  -2.91 0.82 0.84 0.91 0.04 -0.02 0.91  -1.24 -0.68 0.12 -1.45 -0.00 -0.04 0.87  1.96 1.94 -0.48 -3.48 3.07 3.08
0.09 0.00 0.95  -0.17 -0.20 0.91 0.31 -0.03 0.01 0.85  -2.58 0.85 0.82 1.13 0.03 -0.01 0.91  -0.63 0.78 0.29 -0.91 0.00 -0.05 0.87  2.13 1.67 -0.40 -3.66 3.07 3.08
0.09 0.01 0.95  0.11 0.05 0.69 0.39 -0.03 0.01 0.85  -1.97 0.78 0.82 0.99 0.03 -0.02 0.91  -1.24 -0.96 0.68 -1.21 -0.00 -0.04 0.87  2.46 1.52 -0.44 -3.60 3.08 3.08
0.09 0.01 0.95  -0.17 -0.28 0.73 0.42 -0.03 0.01 0.85  -1.72 0.58 0.80 0.93 0.03 -0.02 0.91  -1.31 -2.10 0.92 -1.18 -0.01 -0.04 0.87  2.73 0.91 -0.20 -3.49 3.08 3.08
0.09 0.00 0.95  -0.16 -0.20 0.82 0.33 -0.02 0.02 0.85  -1.43 -0.56 0.74 1.20 0.03 -0.01 0.91  -1.50 -1.54 0.69 -0.99 -0.00 -0.05 0.87  2.21 0.35 -0.13 -3.69 3.08 3.08
0.09 0.00 0.95  0.58 0.57 0.93 0.33 -0.02 0.02 0.85  -1.33 0.66 0.94 1.25 0.04 -0.01 0.91  -0.92 -1.25 0.54 -1.04 0.00 -0.04 0.88  2.25 0.20 0.32 -3.16 3.08 3.08
0.09 0.01 0.95  1.00 1.36 0.91 0.40 -0.02 0.02 0.85  -1.51 2.23 1.25 1.30 0.04 -0.02 0.91  0.37 0.45 0.58 -1.32 0.00 -0.03 0.88  1.48 -0.14 0.19 -2.43 3.08 3.08
0.09 0.01 0.96  0.48 0.80 0.85 0.47 -0.04 0.01 0.85  -1.59 1.38 1.23 0.95 0.02 -0.02 0.91  1.38 2.49 0.65 -1.25 0.00 -0.04 0.88  0.75 -0.51 -0.42 -3.21 3.08 3.08
0.09 0.01 0.95  0.15 0.48 1.07 0.49 -0.03 0.01 0.84  -0.94 -0.04 0.92 0.88 0.02 -0.02 0.90  0.16 0.01 0.86 -1.25 0.00 -0.05 0.88  1.22 -0.70 -0.68 -3.89 3.08 3.08
0.09 0.01 0.95  0.12 0.40 0.85 0.41 -0.03 0.01 0.84  -0.17 -1.16 0.66 1.15 0.03 -0.01 0.90  -0.90 -2.15 1.02 -0.89 -0.00 -0.04 0.88  1.88 -0.60 -0.47 -3.58 3.08 3.08
0.09 0.01 0.95  0.11 0.29 0.67 0.39 -0.03 0.02 0.86  -0.21 -0.04 0.41 1.33 0.03 -0.02 0.90  0.11 -1.61 1.28 -1.16 -0.00 -0.04 0.88  2.25 -0.53 -0.94 -3.03 3.08 3.08
0.08 0.01 0.96  0.20 0.68 0.42 0.46 -0.04 0.01 0.85  -0.56 2.13 0.12 1.06 0.03 -0.01 0.91  -0.18 0.91 1.15 -0.69 0.01 -0.04 0.88  1.45 2.04 -1.31 -3.15 3.08 3.08
0.08 0.01 0.96  -0.29 0.38 0.83 0.47 -0.05 0.00 0.84  0.54 4.17 0.05 0.54 0.05 -0.01 0.89  -2.95 1.81 1.36 -0.87 -0.02 -0.05 0.88  1.73 4.51 -1.26 -3.77 3.08 3.08
0.08 0.01 0.96  -0.06 0.83 0.79 0.49 -0.01 0.01 0.84  2.48 5.51 -0.14 0.88 0.04 -0.02 0.86  -3.56 3.20 3.10 -1.30 -0.05 -0.03 0.87  3.90 3.62 -4.76 -2.88 3.08 3.08
0.08 0.01 0.96  0.08 -0.06 0.36 0.41 -0.04 0.01 0.83  4.15 5.81 0.19 0.75 0.03 -0.01 0.89  -4.52 4.26 7.02 -1.10 -0.07 -0.03 0.87  5.02 0.72 -8.33 -2.52 3.10 3.08
0.09 0.01 0.95  -0.18 -0.96 0.40 0.54 0.01 0.00 0.85  5.71 -1.22 1.91 0.43 0.06 -0.03 0.89  -4.08 -3.34 8.47 -2.45 -0.08 -0.04 0.86  4.03 -1.66 -8.03 -3.13 3.10 3.08
0.09 0.01 0.95  -0.35 -1.31 1.04 0.49 0.01 0.01 0.86  6.76 -5.26 5.80 0.97 0.09 -0.02 0.91  -2.02 -8.77 9.26 -2.02 -0.12 -0.05 0.86  3.08 -3.25 -6.30 -3.88 3.08 3.08
0.09 0.01 0.95  -0.47 -1.15 1.86 0.47 -0.00 0.01 0.86  7.87 -9.12 9.97 0.77 0.10 -0.02 0.89  0.76 -10.90 11.15 -1.89 -0.12 -0.05 0.85  4.30 -6.13 -3.49 -4.29 3.08 3.08
0.09 0.00 0.95  -1.38 -2.39 1.65 0.24 -0.00 0.01 0.86  9.60 -12.68 13.96 0.66 0.10 -0.01 0.90  -0.44 -9.70 11.60 -1.20 -0.13 -0.05 0.85  6.02 -7.58 -1.02 -4.23 3.06 3.06
0.09 0.00 0.95  -2.48 -4.49 1.15 0.12 -0.01 0.01 0.89  9.90 -14.80 18.58 0.82 0.09 -0.01 0.94  -2.50 -12.62 11.84 -0.79 -0.09 -0.05 0.86  8.21 -9.12 2.17 -4.14 3.02 3.01
0.09 0.00 0.95  -3.93 -8.73 0.92 0.09 -0.03 0.02 0.96  6.25 -17.46 23.21 1.31 0.06 -0.02 0.98  -0.50 -13.06 10.35 -1.37 -0.07 -0.03 0.88  10.53 -8.97 5.74 -3.00 2.96 2.82
0.10 -0.01 0.95  -5.19 -19.52 -1.14 -0.66 -0.03 0.06 1.08  -6.72 -16.55 28.59 3.26 0.01 -0.03 1.04  12.68 -3.48 13.96 -1.67 -0.04 -0.00 0.88  8.82 -11.53 9.03 -0.65 2.72 2.35
0.19 -0.00 0.94  -4.99 -28.40 0.43 -0.13 0.02 0.03 1.14  -33.69 0.81 34.41 2.08 0.02 -0.04 1.19  29.39 18.05 16.92 -2.44 0.02 0.00 0.90  7.39 -15.64 12.48 0.01 2.47 0.59
0.46 -0.01 0.87  -5.94 -17.85 21.26 -0.82 0.15 -0.07 0.93  -56.00 17.87 36.39 -3.98 0.03 -0.11 1.39  64.77 58.61 23.05 -4.95 0.11 0.01 0.92  4.65 -16.54 13.59 0.51 2.06 0.44
0.40 -0.05 0.85  -14.35 -5.52 45.99 -3.68 0.20 -0.09 0.70  -62.00 73.87 41.21 -8.17 0.11 -0.12 1.19  65.82 59.68 15.51 -6.61 0.14 -0.03 0.90  -0.01 -13.69 6.91 -1.96 0.77 0.53
0.77 0.12 0.54  -32.97 23.33 -4.53 12.11 0.06 -0.07 0.73  -55.74 77.07 34.15 -7.23 0.11 -0.11 0.99  56.44 70.87 -9.22 -7.84 0.16 -0.09 0.88  -8.23 -12.57 -3.08 -6.54 0.79 0.55
0.38 0.21 0.65  -57.80 30.45 -32.87 20.51 0.06 -0.06 0.78  -43.85 100.77 14.25 -6.08 -0.03 -0.01 0.96  60.40 84.39 -30.33 -1.87 0.17 -0.11 0.87  -12.66 -11.52 -8.31 -8.48 0.71 0.53
0.31 0.35 0.81  -35.52 21.93 -20.23 27.22 -0.17 -0.06 0.88  -15.65 55.20 -16.15 -5.37 -0.16 0.01 1.06  55.64 79.13 -36.81 0.17 0.18 -0.08 0.88  -7.88 -4.52 -7.78 -7.01 0.51 0.48
0.32 0.35 0.92  -9.86 -18.76 -19.61 26.23 -0.13 -0.04 0.89  21.86 -3.83 -39.71 -3.75 -0.24 0.03 1.03  53.64 60.40 -30.34 1.63 0.16 -0.05 0.88  -4.74 4.40 -6.14 -4.39 0.39 0.46
0.31 0.29 1.01  13.23 -28.07 -41.05 21.54 -0.05 -0.05 0.88  54.38 -6.92 -54.59 -3.95 -0.20 0.06 1.06  53.25 28.36 -24.35 3.43 0.10 -0.02 0.86  0.12 8.20 -5.92 -2.35 0.36 0.42
0.28 0.33 0.96  25.17 -32.94 -41.38 23.30 -0.10 -0.07 0.89  80.26 12.75 -62.93 -5.30 -0.13 0.07 1.09  58.79 13.56 -16.72 4.63 0.10 -0.03 0.83  3.07 9.89 -4.70 -2.61 0.35 0.38
0.15 0.16 1.10  20.63 -6.48 -35.92 13.15 -0.20 -0.06 0.88  105.84 -2.19 -65.97 -4.61 -0.09 0.13 1.09  57.50 11.97 -12.97 7.67 0.12 -0.05 0.80  6.02 11.75 -3.58 -4.24 0.33 0.39
0.12 -0.01 1.20  36.27 -47.63 -53.23 2.14 -0.18 -0.01 0.84  126.12 -33.75 -66.98 -1.78 -0.05 0.21 1.11  54.57 15.26 -13.72 12.41 0.16 -0.06 0.80  8.88 16.98 -2.85 -5.19 0.33 0.32
0.06 -0.07 1.07  49.20 -17.90 -44.83 -3.24 -0.15 0.01 0.85  134.73 -48.60 -68.82 0.33 -0.08 0.27 1.16  29.47 5.46 -11.20 15.52 0.17 -0.06 0.80  9.12 23.75 -0.97 -5.22 0.25 0.32
0.02 -0.50 1.06  54.00 31.62 -40.82 -25.76 -0.01 0.10 0.86  115.16 -33.12 -56.42 6.95 -0.09 0.25 1.32  7.21 -20.93 -16.01 14.04 0.12 -0.06 0.79  6.79 27.32 -1.35 -5.07 0.27 0.38
-0.26 -0.42 0.66  41.46 19.82 -49.90 -37.65 0.07 0.23 0.91  62.38 21.42 -20.40 15.42 -0.07 0.22 1.46  3.25 -15.28 -20.80 11.25 0.09 -0.07 0.78  5.94 25.60 -1.66 -6.08 0.31 0.44
-0.32 -0.56 0.52  -17.76 -40.06 -22.94 -54.68 -0.02 0.28 0.86  -8.81 58.97 9.72 21.35 -0.17 0.32 1.44  -23.60 1.96 -16.95 14.63 0.10 -0.08 0.77  5.47 20.81 0.89 -7.42 0.31 0.00
-0.23 -0.22 0.83  -20.38 -3.00 14.99 -25.57 -0.02 0.11 1.25  -67.92 24.41 22.61 9.08 -0.14 0.04 1.42  -24.45 12.31 -9.59 4.50 0.13 -0.06 0.77  -3.32 14.35 1.33 -6.12 0.52 3.10
0.15 -0.40 0.96  -81.70 -28.30 106.64 -27.97 -0.08 -0.11 1.33  -47.03 43.07 1.70 -2.90 -0.30 -0.31 1.37  -18.60 13.75 -10.62 -11.78 -0.02 -0.19 0.84  -17.11 -5.67 -7.90 -13.82 0.46 3.13
0.26 -0.25 0.92  -25.33 86.22 68.08 -20.92 0.04 -0.09 0.94  -70.57 -31.70 -2.19 -5.88 -0.09 -0.00 1.40  -19.85 8.28 -24.40 -2.44 0.03 -0.16 0.82  -17.21 -24.38 -8.85 -14.21 0.39 3.13
0.32 -0.05 0.84  -2.52 39.49 43.42 -7.50 0.19 -0.04 0.79  -62.72 4.16 0.67 -4.19 0.04 0.27 0.78  -37.79 -85.43 -20.33 18.66 0.15 -0.08 0.83  -20.05 -23.95 -0.42 -8.34 0.43 3.13
0.14 -0.05 0.92  2.08 34.46 23.87 -4.51 0.01 -0.03 0.78  -42.33 -4.18 -4.97 -3.00 0.30 -0.01 0.93  -70.56 -70.37 -13.82 3.01 0.06 -0.01 0.97  -21.41 -13.51 -7.91 -2.27 0.53 3.16
0.12 -0.00 0.93  2.76 17.37 12.36 -1.17 0.13 -0.02 0.93  -32.56 -5.89 -7.33 -1.87 0.22 -0.02 1.04  -79.77 -37.22 -8.25 -0.77 -0.01 0.02 1.01  -6.82 -3.21 -21.00 0.94 0.65 3.16
0.19 -0.01 0.88  1.78 15.05 9.18 -0.61 0.23 0.03 0.89  -31.66 6.39 -2.90 1.49 0.29 -0.01 1.03  -70.10 -10.62 -5.53 -0.70 -0.01 0.01 0.97  4.73 -5.77 -14.70 0.58 0.78 3.16
0.16 -0.00 0.90  2.03 21.67 12.31 -0.23 0.21 0.01 0.90  -26.53 -19.18 1.31 1.17 0.19 -0.02 1.01  -58.74 -25.13 -3.20 -1.24 -0.06 -0.02 0.94  -1.01 -4.38 2.79 -1.19 1.74 3.13
0.10 -0.01 0.93  0.56 15.93 9.88 -0.94 0.17 0.01 0.87  -23.70 -15.99 5.96 0.76 0.11 0.01 0.95  -52.89 -63.78 3.54 0.15 -0.10 -0.04 0.89  -6.98 -3.30 10.21 -3.13 2.24 3.13
0.12 -0.02 0.92  3.47 10.87 7.78 -1.13 0.19 0.04 0.90  -21.44 -33.84 6.60 2.37 0.22 0.00 0.95  -52.16 -94.04 11.57 -0.00 -0.09 -0.03 0.87  0.75 -7.67 9.86 -2.40 2.42 3.13
0.10 -0.01 0.93  4.80 11.80 8.57 -0.76 0.21 0.07 0.95  -28.36 -23.71 9.92 4.83 0.34 -0.05 1.02  -44.29 -59.28 6.35 -2.70 -0.05 -0.01 0.86  6.44 -12.34 9.66 -0.90 2.80 3.12
0.10 -0.01 0.94  4.53 12.51 9.47 -0.90 0.18 0.06 0.89  -37.17 -8.99 13.64 4.52 0.25 -0.02 0.98  -34.04 -13.02 -0.18 -1.96 -0.03 0.01 0.82  7.96 -16.52 4.50 0.88 2.90 3.08
0.09 -0.02 0.94  5.85 10.55 9.50 -1.12 0.14 0.04 0.83  -40.14 -12.84 15.89 3.93 0.14 0.01 0.87  -28.77 -16.34 -1.33 0.54 -0.01 -0.01 0.79  6.39 -13.83 1.86 -0.81 2.93 3.03
0.07 -0.01 0.96  4.49 6.02 10.55 -0.64 0.09 0.03 0.80  -41.31 -25.11 18.39 2.88 0.09 0.02 0.89  -33.01 -39.20 8.11 1.52 -0.03 -0.06 0.79  9.82 -9.12 -0.21 -4.29 2.98 2.87
0.06 -0.00 0.97  -0.35 1.30 12.60 -0.37 0.10 0.04 0.79  -45.62 -23.78 21.43 3.23 0.15 -0.03 0.89  -33.41 -48.11 14.34 -1.80 -0.05 -0.07 0.82  15.52 -14.09 -4.17 -5.53 3.03 1.69
0.05 0.00 0.99  -10.46 -10.95 17.52 0.20 0.05 0.01 0.77  -52.45 -22.35 24.36 1.26 0.17 -0.08 0.86  -23.05 -29.75 12.08 -5.95 -0.04 -0.07 0.87  18.30 -21.73 -5.41 -6.00 3.08 0.75
0.06 -0.01 0.99  -33.16 -30.20 19.85 -0.38 0.03 -0.01 0.71  -57.87 -23.09 30.51 -0.48 0.11 -0.08 0.86  -12.38 -34.33 15.05 -6.38 0.01 -0.07 0.81  16.40 -25.07 -5.56 -5.81 3.10 0.65
0.13 -0.04 0.94  -57.78 -40.77 30.60 -2.70 0.03 0.01 0.67  -63.12 -23.08 35.13 0.59 0.16 -0.05 0.90  -5.69 -41.66 16.82 -4.68 -0.05 -0.08 0.73  10.88 -27.26 0.15 -7.31 3.12 0.42
0.16 -0.06 0.93  -91.49 -50.33 51.75 -4.22 0.07 -0.11 0.67  -74.04 -31.75 43.65 -9.54 0.27 -0.14 1.03  -3.54 -52.41 20.50 -8.95 0.04 -0.17 0.81  -4.62 -13.17 16.63 -13.07 3.13 0.36
0.22 -0.09 0.91  -148.98 -51.67 98.11 -6.38 -0.05 -0.24 0.81  -92.29 -34.48 48.47 -18.50 0.22 -0.23 1.26  13.51 -33.12 13.72 -12.03 0.09 -0.17 0.88  -12.07 3.37 23.66 -13.44 3.13 0.11
0.39 -0.13 0.83  -232.57 -58.84 165.31 -9.99 -0.05 -0.46 1.00  -112.46 -28.41 54.73 -28.34 0.09 -0.22 1.40  47.21 -3.80 18.41 -11.34 0.01 -0.09 0.96  -4.93 -1.17 14.40 -7.96 3.10 0.12
0.67 -0.25 0.62  -198.93 -1.02 205.67 -23.96 0.40 -0.09 0.62  -99.22 11.27 62.25 -14.19 0.34 -0.12 1.09  80.86 42.60 19.89 -8.18 0.12 0.10 1.01  -4.78 -8.86 18.55 3.95 2.67 0.18
0.86 -0.74 1.11  -56.05 80.48 82.73 -38.36 0.29 0.13 0.26  -84.75 88.34 73.09 24.55 0.34 -0.19 0.64  81.21 70.95 2.73 -17.68 0.20 0.04 1.02  -9.98 9.51 17.76 2.98 0.52 0.06
0.33 0.12 0.52  42.40 118.77 2.19 5.02 -0.17 0.14 0.57  -28.59 64.91 35.56 18.38 0.18 -0.21 0.70  69.62 107.04 -4.76 -20.45 0.12 -0.03 0.96  -12.76 15.40 -3.37 -1.39 0.73 0.16
0.33 0.28 0.39  19.30 69.09 -80.56 36.70 -0.12 0.30 0.59  38.95 -27.72 3.87 30.21 -0.01 -0.05 0.80  75.56 124.47 -5.82 -7.42 0.08 -0.00 0.93  -12.70 9.96 -14.92 -0.42 0.70 0.20
0.18 0.11 0.70  73.39 44.66 -125.85 16.04 0.24 0.34 0.49  95.51 5.37 -32.00 40.80 -0.15 0.04 0.71  86.36 114.29 11.09 1.82 0.05 0.00 0.93  -5.63 4.01 -9.14 -0.07 0.69 0.31
0.09 -0.04 0.83  150.83 34.39 -123.54 0.33 -0.06 0.21 0.52  140.73 66.07 -51.46 30.45 -0.27 0.10 0.74  81.95 46.98 4.30 8.26 0.09 -0.01 0.90  3.67 5.24 1.47 -0.41 0.50 0.34
0.51 -0.19 0.90  176.13 81.98 -116.98 -12.02 -0.19 0.05 0.48  189.70 21.64 -57.02 12.75 -0.18 0.16 0.78  58.93 -24.19 -11.12 13.62 0.10 -0.01 0.86  7.44 7.58 2.54 -0.46 0.57 0.28
-0.04 -0.44 1.00  186.54 46.24 -73.48 -25.82 -0.19 0.00 0.38  225.53 -19.01 -65.56 3.14 0.05 0.23 0.80  37.45 -42.53 -14.50 18.53 0.06 -0.03 0.80  8.52 4.40 -0.32 -2.01 0.51 0.21
-0.13 -0.55 1.13  188.27 -26.13 -40.08 -30.99 -0.22 -0.08 0.38  241.67 -66.93 -77.41 -10.55 0.17 0.23 0.86  12.85 -50.38 -13.66 18.86 0.14 -0.04 0.78  15.15 4.44 1.33 -2.99 0.48 0.15
-0.22 -0.83 1.00  177.52 -63.86 -16.29 -45.89 -0.20 -0.08 0.41  228.32 -98.29 -95.66 -12.70 0.07 0.19 1.14  9.11 -29.56 -12.23 13.42 0.19 0.02 0.79  9.31 9.83 5.51 0.93 0.46 0.20
-0.53 -1.23 0.55  102.76 -236.37 -49.31 -74.98 -0.02 0.34 0.55  142.73 -74.25 -74.53 29.20 -0.04 0.08 1.71  4.59 -6.87 -18.09 5.52 0.09 0.02 0.79  0.60 8.83 1.43 1.65 0.52 0.18
-0.58 -1.15 -0.16  -8.19 -113.82 -8.50 -112.73 0.02 0.56 0.62  -13.17 37.63 -2.24 47.76 -0.05 0.05 1.77  9.43 5.46 -16.04 2.57 0.10 -0.08 0.78  -1.26 4.30 0.66 -5.67 0.72 3.07
0.06 -0.83 1.66  -78.05 147.24 155.92 -49.19 0.30 -0.44 1.12  -81.78 117.25 35.25 -11.85 -0.14 -0.44 1.51  49.69 66.92 -5.66 -15.58 0.02 -0.13 0.84  -22.75 -7.06 -6.01 -9.91 0.65 3.13
0.17 -0.29 1.08  10.83 36.61 108.72 -24.84 -0.47 -0.10 0.75  -112.47 63.40 14.67 -10.21 -0.14 -0.01 0.99  4.97 62.42 -24.80 -3.94 0.07 -0.22 0.80  -34.46 -18.71 -17.82 -17.11 0.75 3.13
0.06 -0.17 1.01  16.87 65.00 53.50 -14.39 -0.07 -0.06 0.46  -84.12 -24.13 2.96 -9.64 -0.24 0.21 0.56  -43.29 -57.82 -15.50 19.35 0.17 -0.24 0.90  -29.75 -5.35 -17.02 -18.22 2.57 3.16
-0.03 -0.03 1.03  11.50 35.64 17.08 -4.75 -0.02 -0.09 0.73  -47.62 -57.07 -2.00 -8.96 0.26 -0.05 0.88  -92.44 -118.14 -9.39 0.28 -0.01 -0.05 1.01  -14.78 15.98 -31.35 -6.50 2.82 3.16
0.07 -0.02 0.97  2.45 13.51 7.34 -2.11 0.26 0.01 0.80  -41.39 13.51 6.20 -0.81 0.51 -0.03 1.01  -80.73 -35.83 5.98 -2.01 -0.03 -0.03 0.95  5.75 9.43 -31.90 -2.82 2.90 3.13
0.06 -0.02 0.98  -0.80 12.81 6.53 -1.58 0.12 -0.00 0.79  -32.08 -24.32 7.33 -0.20 0.33 -0.02 0.98  -73.65 8.92 5.00 -1.43 -0.03 -0.03 0.91  3.81 10.89 -7.71 -2.48 2.98 3.13
0.03 -0.01 0.99  -0.80 8.12 4.77 -0.88 0.19 0.00 0.79  -26.74 -5.26 12.50 0.08 0.11 -0.02 0.95  -68.25 -17.79 4.70 -1.61 -0.10 0.03 0.86  -7.64 14.75 5.90 1.43 3.03 3.12
0.03 -0.02 0.98  0.88 5.43 4.57 -1.21 0.07 0.00 0.84  -21.63 -18.52 12.82 0.30 0.08 0.03 0.92  -66.33 -74.55 12.19 1.40 -0.08 -0.05 0.83  -9.19 14.27 -0.10 -2.84 3.06 3.08
0.02 -0.02 0.99  5.16 3.32 5.14 -1.28 0.14 0.07 0.90  -22.69 -36.38 14.08 4.55 0.23 -0.02 0.94  -63.04 -76.90 14.00 -0.94 -0.06 -0.02 0.80  7.48 5.56 0.88 -1.85 3.08 3.03
0.02 -0.01 0.99  5.98 4.09 5.63 -0.77 0.16 0.07 0.88  -34.59 -15.26 18.80 5.31 0.25 -0.02 1.00  -46.57 -29.38 8.38 -1.56 -0.10 -0.01 0.76  14.43 -7.00 2.53 -0.89 3.11 2.88
0.01 -0.01 1.00  5.53 3.24 6.79 -0.59 0.08 0.05 0.83  -41.77 -16.88 22.70 4.33 0.18 0.00 0.98  -41.27 -17.47 7.54 -0.37 -0.08 -0.01 0.73  15.18 -12.60 0.99 -1.24 3.13 2.14
0.01 0.02 1.02  -1.08 -2.28 10.50 0.86 0.08 0.01 0.82  -49.30 -22.63 29.64 1.76 0.11 -0.03 0.97  -38.36 -32.09 15.80 -2.12 -0.06 -0.07 0.77  16.12 -13.15 -0.26 -5.55 3.13 0.68
-0.01 0.03 1.04  -18.99 -20.93 17.73 1.82 0.01 -0.00 0.84  -59.62 -29.97 36.86 -0.03 0.08 -0.11 0.99  -30.69 -52.06 16.27 -6.98 -0.00 -0.09 0.82  18.90 -14.22 -3.16 -7.64 3.16 0.41
0.06 0.01 1.04  -55.71 -42.88 29.81 0.65 0.02 -0.02 0.79  -76.07 -20.03 46.44 -1.38 0.14 -0.09 1.01  -4.92 -45.41 19.77 -6.23 -0.05 -0.00 0.66  13.19 -14.71 -4.85 -1.56 3.17 0.30
0.16 -0.02 1.02  -107.89 -67.13 55.18 -1.10 0.03 -0.17 0.74  -94.78 -22.07 58.20 -13.39 0.28 -0.20 1.13  9.22 -43.83 22.54 -11.20 -0.01 -0.17 0.77  -13.08 -3.61 8.12 -12.66 3.17 0.15
0.34 -0.05 0.98  -178.19 -63.40 121.09 -3.03 0.00 -0.39 0.87  -117.01 -11.74 66.45 -26.79 0.21 -0.28 1.35  24.60 -19.58 10.01 -13.98 0.09 -0.26 0.91  -14.37 3.88 14.99 -18.47 3.16 0.06
0.62 -0.19 0.87  -246.64 6.55 224.18 -13.08 0.03 -0.53 0.97  -128.81 -13.87 61.34 -34.27 0.14 -0.23 1.35  72.23 31.74 21.31 -12.22 0.08 -0.12 0.96  -6.77 -7.25 16.91 -10.82 3.08 0.23
0.74 -1.00 0.98  -176.87 64.00 180.14 -48.22 0.38 0.11 0.20  -95.25 14.01 65.00 22.45 0.41 -0.11 0.80  98.94 57.58 12.11 -10.10 0.11 0.05 0.99  -0.30 -8.69 26.70 0.67 1.30 0.25
0.55 -0.13 1.03  14.79 56.44 43.81 -17.04 0.39 0.15 0.40  -52.10 86.26 56.63 24.72 0.24 -0.25 0.58  77.82 82.48 -0.71 -25.13 0.16 0.00 0.96  -1.36 7.27 12.54 0.34 0.69 0.15
0.38 0.24 0.33  73.96 72.41 -39.32 32.50 -0.14 0.33 0.61  14.04 86.46 22.76 33.21 0.16 -0.12 0.73  66.82 86.99 -20.86 -14.24 0.19 -0.02 0.89  -5.30 10.98 -9.38 -1.50 0.57 0.18
0.11 0.26 0.33  90.04 9.66 -111.61 45.31 -0.12 0.38 0.60  80.56 0.88 -12.65 38.79 0.06 0.07 0.76  75.28 116.34 -23.22 2.24 0.12 -0.00 0.87  -2.99 8.69 -10.56 -0.31 0.49 0.21
0.09 0.14 0.69  104.36 -18.26 -157.88 20.31 0.13 0.29 0.51  138.06 20.29 -44.59 37.87 -0.07 0.10 0.64  77.30 132.19 -6.21 9.65 0.06 0.03 0.87  1.03 9.13 0.19 1.62 0.44 0.16
0.25 -0.07 0.82  117.63 -40.92 -177.24 -0.63 -0.08 0.14 0.46  186.32 67.77 -60.40 24.13 -0.25 0.17 0.72  71.82 87.03 -8.96 15.36 0.10 -0.02 0.86  9.02 12.44 8.01 -0.93 0.39 0.11
0.23 -0.42 1.08  119.63 -49.21 -161.03 -21.50 -0.24 -0.07 0.42  223.17 29.62 -61.18 -4.09 -0.24 0.22 0.84  33.97 0.94 -21.17 17.59 0.09 0.01 0.81  12.44 11.43 4.25 0.89 0.32 0.07
0.12 -0.54 1.16  123.12 -40.22 -112.30 -29.05 -0.21 -0.15 0.41  240.15 -45.06 -62.75 -21.26 -0.02 0.21 0.85  7.83 -52.51 -22.82 17.24 0.11 -0.04 0.78  12.58 7.89 1.01 -2.57 0.33 0.03
0.25 -0.95 0.95  114.72 -95.92 -94.64 -50.62 -0.18 -0.09 0.45  231.81 -73.86 -85.79 -15.70 0.04 0.12 1.05  9.16 -54.26 -21.89 9.99 0.12 -0.03 0.78  16.00 10.18 5.14 -2.33 0.31 0.09
-0.36 -0.85 0.73  129.55 -54.04 -88.09 -59.37 -0.10 0.12 0.64  168.72 -77.32 -95.46 7.86 -0.02 0.11 1.58  14.38 -8.45 -15.69 6.13 0.13 -0.02 0.80  11.22 12.61 9.64 -2.10 0.31 0.11
-0.63 -1.03 0.45  12.63 29.18 -46.93 -78.25 0.02 0.49 0.76  49.94 -5.65 -30.63 34.40 0.02 0.04 1.71  11.56 42.02 -23.90 2.74 0.10 -0.04 0.79  6.73 10.15 7.67 -3.47 0.29 0.00
-0.47 -0.80 0.48  -64.47 -63.47 9.52 -74.57 -0.01 0.33 0.79  -71.36 59.36 17.41 29.33 -0.07 0.00 1.45  29.49 22.33 -7.33 0.67 0.13 -0.05 0.75  3.70 6.97 2.13 -4.71 0.61 3.10
-0.15 -0.75 1.36  -28.65 209.25 149.21 -43.65 0.17 -0.33 1.10  -84.22 118.29 29.90 -10.64 -0.25 -0.24 1.29  37.06 52.88 -1.01 -10.39 -0.02 -0.17 0.83  -15.45 -8.16 -10.96 -12.27 0.59 3.13
0.06 -0.28 1.20  17.26 155.38 105.94 -21.94 -0.29 -0.14 0.79  -109.55 45.35 9.47 -12.15 -0.15 -0.07 1.09  -11.95 39.39 -26.88 -5.87 0.07 -0.24 0.82  -19.87 -20.72 -18.08 -18.51 1.44 3.13
-0.06 -0.13 1.04  15.79 68.53 39.78 -11.50 -0.09 -0.07 0.53  -82.32 -34.01 1.44 -10.28 -0.20 0.23 0.60  -42.53 -73.33 -18.16 20.04 0.16 -0.18 0.90  -18.66 -5.00 -13.18 -14.99 2.76 3.16
-0.03 -0.03 1.02  6.95 28.07 12.61 -4.17 0.06 -0.07 0.68  -49.53 -56.70 -4.74 -8.33 0.36 -0.05 0.82  -89.18 -108.71 -10.85 0.29 0.01 -0.03 1.01  -9.09 13.73 -23.88 -4.84 2.88 3.16
0.02 -0.01 1.01  0.15 7.59 3.00 -1.44 0.23 0.00 0.81  -39.64 7.71 3.50 -1.55 0.46 -0.03 1.00  -85.70 -32.12 0.44 -1.93 -0.06 0.02 0.98  9.07 7.98 -30.61 0.44 2.91 3.13
0.03 -0.01 1.00  -0.66 5.64 2.79 -0.88 0.15 0.02 0.85  -32.66 -22.98 5.18 1.08 0.30 -0.01 1.03  -76.44 -0.22 2.73 -1.18 -0.05 -0.01 0.94  9.00 6.94 -13.03 -0.62 2.96 3.13
0.01 -0.01 1.01  -1.31 2.23 4.65 -0.50 0.23 0.03 0.85  -32.85 -5.48 11.66 1.90 0.14 -0.03 1.02  -66.44 -22.16 1.82 -1.93 -0.09 0.01 0.91  -4.41 8.36 5.05 0.75 3.01 3.10
-0.00 -0.01 1.00  -0.89 -1.13 5.70 -0.78 0.07 0.01 0.82  -31.11 -20.66 13.08 0.98 0.08 0.01 0.91  -59.69 -69.67 8.41 0.41 -0.09 -0.01 0.87  -5.53 11.30 1.91 -0.51 3.03 3.02
0.00 -0.02 1.00  -0.06 -1.10 5.60 -1.16 0.14 0.04 0.80  -27.91 -36.66 13.52 2.70 0.19 -0.00 0.85  -54.71 -91.51 17.05 -0.23 -0.08 -0.01 0.82  7.99 2.51 -1.36 -0.70 3.03 2.77
0.01 -0.02 1.00  2.49 -1.52 6.23 -1.44 0.14 0.05 0.80  -29.65 -32.74 14.05 4.33 0.30 -0.02 0.90  -55.14 -62.90 12.04 -1.22 -0.09 -0.01 0.77  15.29 -9.02 -2.17 -0.63 3.02 1.83
-0.02 -0.01 1.02  3.07 -3.13 6.83 -0.84 0.11 0.06 0.81  -34.63 -23.38 18.67 5.16 0.23 -0.01 0.95  -51.22 -30.09 9.24 -0.66 -0.09 -0.04 0.75  16.62 -16.18 -4.98 -2.82 3.03 1.19
-0.00 0.00 1.02  -2.76 -8.68 7.80 0.00 0.10 0.04 0.85  -43.65 -23.78 26.93 3.94 0.15 -0.03 1.01  -44.69 -25.93 16.44 -1.88 -0.08 -0.03 0.77  14.42 -18.17 -1.53 -2.53 3.08 0.44
-0.00 0.02 1.04  -19.15 -18.65 14.62 0.93 0.05 -0.00 0.83  -56.95 -29.45 36.13 0.67 0.10 -0.11 0.99  -32.57 -42.64 14.73 -6.87 -0.02 -0.07 0.84  12.53 -22.78 -0.47 -5.56 3.12 0.39
0.07 -0.01 1.03  -51.32 -37.33 27.43 -0.43 0.05 -0.01 0.78  -72.33 -23.44 45.57 -0.32 0.13 -0.08 0.98  -7.75 -55.55 18.95 -6.18 0.02 -0.02 0.71  8.20 -18.27 -1.34 -2.31 3.13 0.24
0.12 -0.03 1.04  -90.38 -50.76 51.90 -1.67 0.02 -0.07 0.75  -90.97 -31.53 51.02 -5.40 0.22 -0.14 1.10  6.33 -57.19 20.05 -8.36 -0.07 -0.12 0.77  -11.02 -13.03 8.21 -9.59 3.13 0.14
0.23 -0.04 1.03  -166.32 -61.37 105.12 -2.77 -0.08 -0.39 0.85  -113.58 -37.74 61.09 -25.97 0.17 -0.31 1.32  26.34 -37.19 13.62 -14.72 0.07 -0.28 0.94  -19.85 2.20 22.95 -18.65 3.16 0.00
0.50 -0.15 0.97  -246.64 -35.87 197.29 -9.64 -0.04 -0.59 1.02  -128.27 -30.33 66.08 -35.27 0.23 -0.27 1.41  60.77 15.71 20.44 -13.58 0.04 -0.12 0.94  -10.07 -5.57 18.40 -11.17 3.10 0.12
0.65 -0.85 1.10  -155.46 23.23 191.29 -39.87 0.55 -0.08 0.37  -99.19 19.01 75.99 -19.87 0.45 -0.16 0.90  104.37 62.07 14.42 -12.75 0.11 0.04 0.99  -7.05 -19.32 25.32 0.02 2.21 0.29
0.74 -0.17 0.88  -9.02 86.06 80.94 -18.66 0.37 0.12 0.32  -67.48 98.51 66.47 16.78 0.20 -0.26 0.61  87.41 84.20 4.03 -25.20 0.21 -0.01 1.00  -5.39 2.67 17.66 -0.75 0.57 0.04
0.49 -0.19 0.25  68.95 104.16 5.47 -40.04 -0.14 0.29 0.53  -2.85 63.78 20.49 32.15 0.13 -0.18 0.74  75.11 86.88 -15.80 -18.84 0.18 -0.05 0.93  -7.52 11.26 -3.22 -3.32 0.37 0.16
0.18 0.25 0.24  79.47 60.06 -85.41 38.66 0.00 0.39 0.54  62.64 -20.38 -19.53 42.25 0.08 -0.01 0.76  82.42 113.44 -28.32 -4.74 0.12 -0.00 0.90  -6.12 8.52 -10.23 -0.95 0.42 0.29
0.18 0.21 0.45  89.30 46.12 -132.43 32.50 0.20 0.38 0.48  116.54 22.57 -52.72 46.82 -0.06 0.10 0.65  86.27 125.70 -10.98 7.74 0.08 0.04 0.89  -1.24 10.79 -2.85 2.24 0.39 0.28
-0.04 -0.02 0.73  144.51 -96.25 -166.79 5.05 -0.06 0.24 0.46  165.25 87.42 -71.47 37.76 -0.22 0.17 0.72  77.17 62.84 -10.51 15.23 0.11 0.00 0.86  2.17 16.02 5.08 0.71 0.34 0.22
0.01 -0.38 0.95  116.73 139.38 -168.01 -20.67 -0.26 0.05 0.39  207.72 49.27 -73.48 15.16 -0.19 0.22 0.79  49.67 -2.54 -23.07 18.86 0.09 0.01 0.82  7.78 18.70 3.26 0.80 0.35 0.16
-0.27 -0.58 1.35  144.49 121.22 -106.54 -27.25 -0.27 -0.07 0.36  230.80 -23.25 -75.69 -7.35 0.03 0.25 0.78  15.18 -25.16 -26.38 21.50 0.06 -0.02 0.77  3.37 12.87 -0.44 -1.15 0.43 0.09
-0.34 -0.72 1.23  160.96 -146.73 -58.54 -35.61 -0.26 -0.15 0.37  237.71 -69.45 -87.53 -23.53 0.09 0.16 0.93  -0.49 -37.15 -25.24 13.98 0.11 -0.04 0.77  7.69 14.75 3.56 -2.82 0.35 0.15
-0.32 -1.01 0.87  126.46 -231.96 -45.08 -56.34 -0.22 0.03 0.56  198.82 -86.60 -92.87 -1.41 -0.06 0.13 1.35  -3.68 -21.20 -16.47 8.11 0.14 -0.05 0.78  4.94 17.99 8.18 -4.42 0.29 0.20
-0.58 -1.00 0.70  80.71 -102.04 -35.14 -65.96 -0.00 0.27 0.74  102.13 -50.11 -50.50 19.68 -0.01 -0.00 1.70  9.83 6.49 -15.64 1.58 0.08 -0.06 0.79  4.60 15.50 6.77 -5.15 0.33 0.20
-0.79 -0.83 0.34  19.36 75.38 24.66 -81.16 -0.11 0.40 0.79  -13.68 7.08 6.16 30.85 -0.12 -0.03 1.51  26.86 38.47 -11.87 -0.64 0.03 -0.08 0.74  6.57 11.65 3.76 -7.53 0.33 2.86
0.72 -0.51 1.37  61.59 -176.60 143.65 -36.76 0.32 -0.42 1.29  -66.72 18.06 30.86 -11.79 -0.38 -0.10 1.17  27.74 41.59 13.25 -4.88 -0.01 -0.09 0.79  -2.08 -2.93 -2.38 -8.22 0.42 3.13
0.13 -0.29 1.10  22.01 124.48 122.14 -22.02 -0.20 -0.10 0.87  -101.01 80.36 19.75 -8.79 -0.09 -0.02 1.45  -12.99 -4.85 -11.03 -1.97 -0.04 -0.25 0.89  -18.86 -21.48 -17.47 -17.33 0.09 3.13
-0.05 -0.12 1.05  16.77 45.84 51.96 -11.07 -0.07 -0.05 0.58  -81.23 -30.46 14.28 -6.97 0.02 0.20 0.72  -30.83 -71.28 -14.27 15.29 0.19 -0.18 0.90  -17.16 -18.69 -12.42 -14.79 2.47 3.13
-0.03 -0.06 1.01  8.31 26.03 19.24 -5.48 0.10 -0.04 0.68  -48.76 -49.72 3.98 -4.53 0.19 0.04 0.69  -73.05 -102.38 -5.75 6.42 0.04 -0.01 0.98  -12.24 1.88 -15.27 -3.67 2.86 3.13
0.03 -0.03 0.98  3.52 14.48 7.62 -2.88 0.25 0.02 0.84  -37.83 21.48 6.00 0.17 0.46 -0.10 1.02  -78.13 -47.65 0.86 -4.38 -0.17 0.02 1.02  2.30 -7.42 -26.94 0.49 2.96 3.13
0.05 -0.03 0.98  2.07 11.35 5.44 -2.31 0.17 0.02 0.90  -32.15 -28.90 5.00 1.31 0.29 -0.04 1.06  -57.49 -6.46 -2.07 -3.30 -0.16 -0.05 0.98  14.15 -21.96 -10.53 -3.09 3.03 3.13
0.01 -0.03 0.99  3.07 3.51 5.92 -2.16 0.25 0.03 0.84  -32.59 -17.02 9.96 2.08 0.12 -0.01 0.99  -38.18 -34.68 0.60 -1.40 -0.13 -0.02 0.95  10.85 -27.35 15.79 -1.74 3.07 3.12
0.01 -0.03 0.99  3.98 -0.61 4.69 -2.15 0.12 0.01 0.79  -27.49 -19.51 10.26 0.85 0.13 0.00 0.87  -37.85 -71.43 7.65 -0.02 -0.14 -0.03 0.90  5.50 -30.01 20.21 -2.39 3.08 3.08
0.00 -0.03 0.99  3.63 1.38 3.18 -2.01 0.14 0.02 0.77  -17.49 -29.91 9.94 1.46 0.22 -0.01 0.85  -43.53 -88.97 12.29 -0.98 -0.10 -0.07 0.87  12.82 -35.07 17.31 -5.21 3.10 3.08
0.01 -0.03 0.99  3.52 0.55 1.34 -1.85 0.15 0.03 0.79  -13.14 -21.51 11.54 2.36 0.31 -0.04 0.90  -40.10 -63.84 13.44 -3.12 -0.12 -0.01 0.85  19.94 -44.67 17.31 -1.72 3.11 3.07
0.01 -0.02 0.98  4.30 3.47 0.33 -1.81 0.15 0.05 0.82  -12.49 -15.31 12.60 3.69 0.25 -0.04 0.96  -34.14 -30.41 10.54 -2.81 -0.14 0.00 0.82  15.57 -60.54 15.24 -0.27 3.12 3.07
0.01 -0.02 0.99  6.10 2.75 -0.27 -1.38 0.11 0.05 0.83  -15.17 -15.87 14.83 4.17 0.10 -0.01 0.95  -27.82 -36.70 10.90 -0.94 -0.10 -0.02 0.81  17.20 -69.32 15.01 -1.57 3.12 3.06
0.01 -0.01 0.99  7.58 1.37 -0.50 -0.96 0.10 0.05 0.84  -18.49 -26.70 16.72 3.97 0.09 -0.01 0.92  -27.57 -53.71 16.91 -0.86 -0.03 -0.01 0.83  20.44 -74.96 13.45 -1.02 3.13 3.06
0.01 -0.01 1.00  8.01 -0.45 0.18 -0.52 0.11 0.05 0.79  -22.01 -27.23 18.87 4.47 0.15 -0.03 0.88  -22.10 -58.77 18.54 -1.94 -0.03 0.01 0.87  16.68 -77.71 8.11 0.43 3.13 3.03
0.03 0.00 1.00  5.59 -3.61 0.66 0.07 0.11 0.03 0.77  -24.77 -28.27 24.93 3.43 0.26 -0.04 0.90  -18.06 -57.18 17.19 -3.21 -0.08 -0.01 0.84  12.99 -81.20 9.36 -0.30 3.13 2.87
0.03 0.01 1.00  2.00 -7.79 3.82 0.45 0.11 0.03 0.78  -26.91 -38.58 33.45 3.24 0.26 -0.02 0.92  -10.82 -59.74 16.63 -2.15 -0.17 -0.04 0.75  4.89 -88.10 17.95 -3.18 3.13 1.91
0.03 0.01 1.01  -3.47 -13.67 7.44 0.70 0.05 0.04 0.75  -30.85 -42.67 41.31 3.78 0.19 0.03 0.89  -5.48 -79.32 22.03 1.72 -0.20 -0.08 0.77  -3.16 -89.80 30.82 -6.28 3.16 0.81
0.12 0.02 1.00  -26.08 -33.55 15.64 1.21 0.07 -0.09 0.79  -39.34 -40.74 49.57 -6.12 0.21 -0.13 0.93  -1.85 -99.56 23.47 -7.82 0.29 -0.33 1.03  6.67 -75.74 51.06 -18.79 3.16 0.34
0.25 -0.07 1.00  -60.10 -52.57 53.54 -3.92 -0.12 -0.09 0.73  -54.01 -48.99 34.78 -8.05 -0.04 -0.23 1.00  28.63 -87.08 10.15 -14.46 0.11 -0.02 1.05  7.61 -74.08 48.75 -4.87 3.16 0.21
0.30 -0.17 0.93  -43.81 -54.99 90.84 -10.98 -0.13 -0.06 0.52  -57.65 -37.83 15.12 -8.31 -0.07 -0.22 0.83  46.31 -5.47 11.80 -17.63 -0.06 -0.09 0.98  23.02 -97.83 31.79 -5.91 3.16 0.24
0.13 -0.44 0.74  -30.41 -24.29 120.88 -33.10 -0.11 0.12 0.37  -52.45 -28.53 -2.41 16.29 -0.11 -0.10 0.78  41.83 0.04 26.99 -10.42 0.18 -0.01 0.95  9.57 -107.93 33.98 -1.90 3.08 0.31
0.20 -0.18 0.72  51.79 -56.17 107.34 -20.19 -0.10 0.15 0.49  -33.21 -74.96 -35.81 20.14 -0.29 -0.02 0.71  28.81 -73.77 35.01 -4.01 0.23 -0.01 0.94  6.87 -107.15 32.62 -0.68 2.22 0.32
0.13 0.01 0.57  107.97 -131.52 82.26 -3.22 -0.14 0.23 0.54  -2.21 -157.22 -84.38 26.70 -0.27 0.02 0.64  14.96 -137.97 34.10 0.80 0.15 0.05 0.92  8.31 -109.35 21.37 2.99 0.91 0.27
0.04 0.03 0.73  143.85 -164.65 88.87 2.13 -0.14 0.22 0.57  22.53 -202.79 -119.43 26.53 -0.22 0.09 0.66  19.04 -157.22 39.91 8.11 0.11 0.08 0.90  7.11 -116.10 22.92 5.89 0.79 0.23
-0.04 -0.01 0.87  170.17 -174.55 107.20 -0.23 -0.21 0.17 0.60  37.00 -227.90 -129.88 20.95 -0.20 0.08 0.68  10.20 -179.61 37.67 8.09 0.17 0.02 0.90  3.54 -117.05 32.36 2.69 0.63 0.24
-0.03 -0.02 1.04  187.24 -173.35 132.69 -0.77 -0.23 0.13 0.65  42.51 -239.56 -128.00 15.23 -0.03 0.01 0.82  2.34 -201.32 29.73 2.18 0.21 -0.01 0.90  6.32 -114.97 37.63 -0.09 0.46 0.20
0.02 -0.08 0.97  189.49 -187.07 150.47 -4.68 -0.23 0.06 0.69  45.39 -249.54 -125.75 8.02 0.11 -0.03 0.90  7.58 -188.68 26.54 -1.24 0.19 -0.04 0.89  9.57 -114.57 39.14 -2.53 0.39 0.23
0.08 -0.03 0.93  197.65 -154.91 169.72 -2.69 -0.16 0.08 0.72  43.78 -249.54 -125.47 7.65 0.11 0.04 0.94  9.71 -159.54 31.24 2.09 0.17 -0.04 0.89  12.31 -114.04 42.22 -3.20 0.35 0.26
0.13 -0.04 0.92  195.78 -153.43 178.36 -3.22 -0.09 0.08 0.74  39.42 -249.54 -117.30 7.82 0.07 0.11 1.04  -1.39 -119.11 29.01 6.26 0.22 -0.03 0.86  13.80 -111.64 48.02 -2.81 0.37 0.27
0.21 -0.02 0.88  186.24 -131.88 183.32 -1.89 0.09 0.08 0.77  28.39 -249.54 -102.66 7.56 0.03 0.04 1.11  -11.48 -120.95 25.83 3.53 0.28 -0.05 0.89  11.94 -101.74 50.37 -3.55 0.36 0.26
0.23 0.04 0.78  156.45 -116.95 173.44 2.53 0.21 0.11 0.77  18.81 -211.20 -83.33 9.39 0.08 0.09 1.14  -12.71 -149.12 19.98 4.98 0.20 -0.03 0.91  10.08 -97.64 49.47 -2.57 0.37 0.29
0.30 0.11 0.70  120.63 -108.81 136.57 9.17 0.21 0.10 0.77  15.05 -178.32 -68.10 9.52 0.20 0.11 1.14  -18.80 -169.12 15.44 6.51 0.20 0.01 0.91  13.63 -95.53 49.31 0.18 0.34 0.29
0.25 0.13 0.73  75.01 -93.29 97.34 12.04 0.28 0.09 0.79  10.76 -139.86 -48.65 8.38 0.22 0.11 1.20  -13.62 -131.48 12.02 6.43 0.23 0.05 0.88  1.25 -87.88 50.71 3.39 0.34 0.29
0.66 0.27 0.76  67.21 -38.16 29.66 22.14 0.17 0.07 0.97  14.49 -95.48 -23.69 5.65 0.20 0.16 1.14  -14.31 -93.45 6.37 9.07 0.22 0.05 0.85  -13.18 -77.38 49.56 4.09 0.23 2.62
0.24 -0.11 1.13  33.47 107.32 45.31 -0.93 0.68 -0.07 1.00  11.77 -12.80 -7.11 -2.76 -0.03 -0.24 1.37  1.27 -86.51 13.60 -8.26 0.20 -0.04 0.93  -23.55 -71.96 41.95 -1.42 2.47 3.08
0.00 -0.04 1.06  8.30 65.44 28.76 -2.31 -0.03 0.04 0.81  0.88 2.29 -1.28 2.00 0.19 -0.04 1.32  -2.31 -93.18 -1.12 -3.44 0.08 -0.12 0.94  -30.21 -80.54 31.33 -7.58 2.81 3.10
0.07 -0.05 0.96  2.82 19.74 8.24 -3.37 0.23 -0.04 0.66  -0.96 -16.97 -1.82 -2.79 0.09 0.04 0.88  -14.68 -104.87 -7.81 1.60 0.17 -0.09 0.91  -29.16 -80.07 32.78 -6.91 2.90 3.12
0.02 -0.03 0.97  3.24 6.80 -0.84 -2.73 0.00 0.01 0.75  6.37 -14.68 -5.41 -0.16 0.08 0.03 0.89  -32.34 -106.94 2.09 2.50 0.08 -0.04 0.96  -30.88 -72.40 26.86 -4.04 2.86 3.13
0.09 -0.02 0.95  5.43 2.57 -1.24 -1.91 0.22 0.04 0.82  7.11 -12.76 -8.55 2.89 0.36 -0.05 1.07  -31.99 -81.19 6.96 -2.17 -0.04 -0.05 0.98  -17.82 -69.03 16.97 -4.03 2.86 3.13
0.09 -0.02 0.95  4.96 -2.20 0.09 -1.29 0.20 0.04 0.83  4.60 -6.37 -4.67 3.40 0.36 -0.05 1.07  -21.25 -37.96 -0.16 -3.34 -0.03 -0.04 0.96  -8.74 -67.55 19.33 -3.45 2.88 3.16
0.06 -0.01 0.96  3.58 -4.14 -0.43 -0.98 0.14 0.02 0.80  4.59 -7.87 -1.37 2.15 0.16 -0.01 0.99  -12.47 -28.34 1.82 -1.27 -0.04 -0.07 0.92  -5.56 -61.28 26.52 -5.16 2.87 3.16
0.06 -0.01 0.96  1.91 -3.46 -0.27 -0.98 0.14 0.02 0.80  7.43 -16.93 -0.12 1.64 0.11 -0.00 0.96  -14.08 -53.45 11.63 -0.37 -0.05 -0.10 0.88  -7.25 -60.32 26.73 -7.73 2.86 3.16
0.10 -0.01 0.94  3.14 -2.00 1.61 -0.78 0.17 0.02 0.81  11.51 -22.31 1.59 1.88 0.22 -0.01 0.97  -18.36 -78.53 15.01 -0.82 -0.01 -0.06 0.87  -2.39 -56.53 23.58 -5.54 2.93 3.16
0.07 -0.01 0.95  3.91 -0.36 4.61 -0.59 0.13 0.04 0.85  14.90 -29.50 3.08 2.95 0.27 -0.02 0.99  -15.42 -55.53 14.60 -1.21 -0.04 -0.04 0.88  2.69 -55.54 20.63 -3.47 3.01 3.13
0.08 -0.02 0.95  3.53 -0.92 5.12 -1.09 0.20 0.04 0.83  12.41 -15.73 4.07 3.46 0.25 -0.02 0.96  -12.93 -29.43 11.99 -1.21 -0.04 -0.04 0.88  3.00 -59.15 17.92 -3.10 3.06 3.13
0.06 -0.02 0.96  3.53 -1.79 3.03 -1.13 0.12 0.01 0.83  12.66 -9.78 5.82 1.28 0.15 0.01 0.94  -20.71 -25.00 11.40 0.28 -0.03 -0.06 0.89  6.57 -57.71 16.42 -4.44 3.08 3.13
0.07 -0.01 0.95  3.65 -2.83 1.61 -0.88 0.12 0.04 0.88  12.90 -19.57 6.60 2.62 0.08 0.01 0.97  -32.94 -50.66 16.46 0.82 -0.02 -0.04 0.88  11.05 -53.25 16.10 -3.25 3.10 3.13
0.08 -0.01 0.95  3.58 -3.17 1.16 -0.69 0.15 0.04 0.93  8.00 -22.58 9.14 3.01 0.13 -0.04 0.98  -35.75 -71.62 14.44 -2.38 -0.02 -0.03 0.87  13.18 -53.73 15.18 -2.61 3.11 3.13
0.09 -0.01 0.95  3.04 -1.37 1.21 -0.45 0.18 0.05 0.93  0.34 -15.55 12.37 3.49 0.22 -0.03 0.99  -26.91 -54.79 12.48 -2.28 -0.01 -0.00 0.86  12.45 -50.82 11.26 -0.79 3.12 3.13
0.07 -0.01 0.95  3.82 1.93 1.21 -0.51 0.13 0.03 0.89  -5.58 -9.74 14.41 2.90 0.24 -0.01 0.94  -21.95 -22.50 11.69 -1.33 -0.00 0.01 0.84  5.44 -47.44 7.44 0.86 3.12 3.13
0.07 0.00 0.96  2.37 1.05 0.98 0.01 0.10 0.01 0.87  -8.78 -8.99 17.96 1.11 0.19 -0.04 0.88  -15.60 -3.87 11.81 -3.19 0.00 -0.01 0.87  -3.20 -44.63 5.03 -0.41 3.12 3.13
0.07 -0.00 0.96  -1.48 -3.51 -0.29 -0.24 0.11 0.02 0.90  -10.36 -24.64 22.31 1.66 0.13 -0.02 0.91  -18.62 -9.14 9.76 -2.04 0.07 -0.15 0.97  -1.19 -31.10 5.06 -8.63 3.10 3.12
0.10 0.01 0.95  -4.55 -7.39 -0.63 0.35 0.11 0.05 0.99  -22.15 -28.72 28.47 3.33 0.10 -0.05 1.01  -5.32 -8.01 2.13 -3.40 0.05 -0.05 0.96  6.08 -20.16 10.76 -4.80 3.08 3.08
0.09 0.00 0.96  -6.80 -7.62 6.34 0.32 0.04 0.05 0.96  -36.83 -20.84 32.44 3.51 0.13 -0.04 1.00  16.69 3.81 5.03 -2.71 -0.07 0.05 0.92  11.08 -21.28 10.89 2.07 3.08 2.85
0.08 -0.00 0.97  -13.93 -22.10 8.05 -0.12 -0.06 0.03 0.95  -52.70 -26.82 31.46 2.53 0.15 -0.06 1.00  36.13 24.70 4.48 -3.84 -0.01 0.05 0.93  6.10 -27.52 14.32 3.76 3.07 1.30
0.23 0.01 0.96  -30.28 -49.28 15.09 0.66 -0.04 -0.07 0.91  -73.17 -24.11 23.53 -3.89 0.02 -0.08 1.09  64.32 37.94 13.96 -5.03 0.05 -0.01 0.96  0.79 -33.93 19.98 0.09 2.98 0.58
0.27 -0.10 0.90  -53.91 -72.65 51.35 -6.48 0.06 -0.12 0.71  -86.44 -2.64 15.39 -10.80 -0.11 -0.14 1.08  82.01 28.78 33.82 -8.41 0.07 -0.01 0.95  -2.72 -32.93 18.14 -0.87 2.85 0.41
0.33 -0.02 0.89  -67.43 -77.07 66.24 -2.35 0.04 -0.06 0.56  -81.46 18.50 13.80 -8.41 -0.12 -0.12 1.03  64.72 7.99 25.63 -8.13 0.14 -0.02 0.92  -6.05 -30.88 9.34 -1.57 2.09 0.46
0.45 0.13 0.81  -17.35 -66.30 30.98 8.38 0.03 0.02 0.63  -54.72 0.94 8.09 -0.15 -0.04 -0.02 0.93  41.38 -28.59 8.48 -2.89 0.18 -0.07 0.89  -11.46 -23.05 1.04 -5.01 0.71 0.39
0.28 0.18 0.79  28.38 -40.62 27.55 14.26 -0.03 0.02 0.76  -23.36 -10.15 -9.80 1.78 0.06 0.02 0.89  40.89 -23.81 6.71 0.81 0.13 -0.05 0.89  -10.14 -19.85 -3.56 -4.53 0.60 0.37
0.32 0.43 0.76  57.78 -28.06 36.92 32.77 -0.09 0.04 0.83  14.13 -47.32 -30.89 3.18 0.04 0.06 1.08  42.55 9.01 8.54 3.28 0.13 -0.02 0.91  -6.72 -17.54 -4.31 -1.95 0.62 0.35
0.38 0.46 0.80  55.78 -48.52 10.10 36.63 0.03 0.02 0.84  52.81 -62.62 -42.24 1.86 0.01 0.06 1.11  37.98 11.57 7.60 3.98 0.11 -0.01 0.90  -2.50 -12.46 -1.02 -0.98 0.57 0.32
0.44 0.37 0.84  56.74 -25.45 -29.47 31.30 0.10 -0.02 0.83  87.15 -22.46 -45.79 -1.04 -0.00 0.08 1.06  43.15 0.55 4.72 5.15 0.08 -0.03 0.88  0.15 -10.64 2.16 -2.35 0.49 0.25
0.39 0.30 0.88  66.33 -26.80 -38.61 25.21 -0.02 -0.07 0.82  116.69 8.49 -48.24 -4.75 -0.01 0.10 1.10  43.59 -3.55 3.09 6.46 0.11 -0.06 0.85  1.49 -9.27 4.21 -4.34 0.46 0.24
0.28 0.20 0.94  50.95 -48.71 -43.28 17.34 -0.14 -0.06 0.80  147.79 -18.77 -52.83 -4.75 0.02 0.13 1.08  42.36 -9.68 3.70 8.22 0.14 -0.06 0.82  3.76 -4.35 4.53 -4.80 0.38 0.20
0.40 -0.29 1.12  68.22 -84.62 -58.92 -10.98 -0.09 -0.02 0.75  159.91 -61.66 -63.37 -2.33 -0.04 0.21 1.12  35.40 -16.26 3.74 12.31 0.17 -0.04 0.81  5.82 2.14 4.86 -3.70 0.30 0.19
0.14 -0.41 0.87  87.98 -73.52 -50.95 -27.12 -0.03 0.02 0.81  145.64 -76.32 -67.44 1.02 -0.07 0.24 1.34  13.67 -34.74 -4.62 12.80 0.13 -0.05 0.82  4.78 4.88 4.52 -4.02 0.38 0.22
-0.12 -0.47 0.75  83.18 -58.67 -6.57 -37.55 0.05 0.17 0.87  99.31 -71.49 -54.82 11.15 -0.02 0.24 1.50  -8.92 -35.88 -14.28 11.73 0.14 -0.07 0.83  4.32 6.76 4.60 -5.57 0.30 0.27
-0.16 -0.48 0.50  26.39 -66.36 5.25 -51.43 0.12 0.27 0.89  30.90 -45.85 -24.89 19.43 -0.03 0.25 1.42  -35.40 -16.63 -20.53 12.21 0.13 -0.06 0.80  3.56 7.04 6.47 -5.53 0.29 0.00
-0.03 -0.39 0.39  -49.94 -30.33 25.28 -55.30 0.10 0.35 0.93  -45.85 4.31 4.58 24.26 -0.11 -0.02 1.45  -10.40 -13.38 -7.98 1.79 0.12 -0.05 0.75  -1.44 6.33 5.27 -4.65 0.54 3.08
-0.25 -0.08 1.48  17.27 250.86 151.31 -14.00 0.54 -0.23 1.15  -61.55 124.78 19.79 -6.54 -0.14 -0.23 1.41  11.64 28.45 -2.39 -9.03 0.00 -0.16 0.86  -13.46 -8.09 -4.74 -11.17 0.51 3.13
0.14 -0.14 0.95  10.94 189.04 96.94 -11.40 -0.23 -0.14 0.86  -87.81 48.59 13.26 -10.40 -0.05 -0.07 1.27  -8.65 10.20 -22.16 -5.17 0.06 -0.17 0.90  -17.33 -22.03 -12.90 -13.24 1.89 3.13
0.02 -0.11 0.97  12.01 97.27 39.47 -8.51 -0.02 -0.04 0.64  -67.34 -38.91 3.33 -5.74 -0.07 0.23 0.68  -34.62 -63.25 -16.49 17.85 0.18 -0.12 0.93  -19.69 -9.02 -9.16 -10.28 2.82 3.16
-0.01 -0.04 0.99  6.17 34.12 12.97 -3.81 0.07 -0.06 0.73  -44.65 -32.40 0.39 -5.69 0.24 -0.02 0.85  -72.85 -87.99 -7.66 2.12 0.05 -0.03 1.04  -16.66 8.08 -18.67 -3.50 2.93 3.16
0.07 -0.02 0.96  3.62 13.38 3.60 -1.97 0.22 0.01 0.83  -34.99 9.21 3.40 -0.45 0.38 -0.02 0.98  -76.62 -43.06 -1.16 -1.15 -0.08 0.04 1.04  -0.66 6.30 -26.32 1.64 2.96 3.16
0.08 -0.02 0.96  2.56 7.09 2.25 -1.63 0.16 0.01 0.84  -27.37 -27.38 2.68 0.71 0.30 -0.02 1.00  -67.35 -14.23 -0.27 -1.23 -0.04 -0.01 1.01  10.45 1.69 -14.37 -0.08 2.98 3.16
0.06 -0.01 0.96  3.56 5.80 2.14 -1.06 0.26 0.04 0.86  -23.24 -17.06 8.49 2.82 0.14 -0.01 0.98  -60.43 -26.25 2.08 -0.69 -0.03 0.01 0.96  0.50 1.66 2.88 0.36 3.03 3.16
0.05 -0.01 0.97  3.95 1.64 2.24 -0.61 0.12 0.01 0.85  -21.96 -15.73 11.75 0.89 0.12 -0.02 0.95  -57.86 -55.58 7.83 -1.15 -0.08 0.01 0.91  -4.62 0.81 0.40 1.00 3.06 3.13
0.05 -0.01 0.97  4.63 5.25 3.02 -0.71 0.15 0.03 0.83  -18.95 -36.14 12.37 2.53 0.19 -0.02 0.91  -52.76 -82.82 13.41 -1.46 -0.06 0.01 0.89  -4.30 -3.06 -1.17 0.87 3.08 3.13
0.05 -0.01 0.97  6.08 3.41 3.06 -0.71 0.16 0.05 0.86  -21.67 -28.71 14.47 3.98 0.25 -0.02 0.93  -47.76 -68.29 11.10 -1.46 -0.02 -0.01 0.83  1.08 -14.31 1.47 -0.23 3.08 3.13
0.05 -0.00 0.98  6.24 2.89 2.83 -0.16 0.14 0.05 0.88  -28.74 -26.41 16.80 4.20 0.20 -0.01 0.99  -45.80 -47.96 8.37 -0.94 -0.03 -0.06 0.79  8.94 -21.20 -2.84 -4.34 3.11 3.12
0.04 -0.00 0.98  5.98 0.39 3.83 -0.03 0.14 0.06 0.86  -37.97 -23.51 22.00 5.08 0.18 0.00 0.99  -39.41 -40.05 11.05 -0.24 -0.02 -0.04 0.77  15.82 -19.94 -1.08 -4.16 3.13 3.06
0.05 0.01 0.98  4.27 -0.01 6.31 0.35 0.11 0.05 0.81  -45.51 -28.54 27.77 4.46 0.21 0.00 0.94  -34.97 -40.69 16.63 0.17 -0.02 -0.03 0.80  14.15 -21.42 -0.83 -2.84 3.13 2.72
0.04 0.02 1.00  -3.24 -7.36 9.41 1.43 0.08 0.02 0.79  -52.88 -23.00 34.77 2.02 0.17 -0.07 0.89  -29.93 -43.16 16.10 -4.44 0.05 -0.06 0.87  13.79 -18.65 -1.65 -4.27 3.15 1.01
0.03 0.05 1.04  -25.25 -26.56 16.24 2.81 0.03 -0.01 0.77  -62.07 -21.02 43.60 -0.59 0.13 -0.10 0.92  -13.17 -41.86 18.09 -6.82 0.01 0.00 0.77  5.55 -14.44 -2.25 -0.58 3.16 0.65
0.15 0.01 1.02  -64.81 -42.20 28.76 1.22 0.01 -0.02 0.75  -75.31 -17.45 53.10 -1.65 0.13 -0.08 1.01  -0.92 -51.05 19.25 -5.75 -0.15 -0.11 0.82  -11.59 -19.68 4.50 -7.64 3.17 0.40
0.24 -0.02 1.00  -123.83 -72.25 68.94 -0.89 -0.06 -0.27 0.77  -94.72 -24.83 61.50 -19.94 0.18 -0.25 1.18  15.08 -52.82 19.54 -13.15 0.12 -0.29 0.93  -31.37 0.49 26.87 -18.94 3.17 0.22
0.41 -0.09 1.02  -199.43 -76.09 152.29 -5.42 -0.10 -0.47 0.89  -115.98 -29.36 63.70 -32.04 0.17 -0.33 1.35  44.43 -12.29 13.47 -16.13 0.05 -0.17 0.93  -21.94 4.43 21.87 -14.30 3.16 0.16
0.63 -0.72 1.24  -172.32 -25.25 220.76 -31.13 0.33 -0.34 0.87  -117.57 -11.95 66.22 -27.63 0.36 -0.18 1.19  80.13 53.15 19.23 -11.76 0.06 -0.03 0.98  -10.77 -17.70 16.94 -4.52 3.08 0.34
0.78 -0.88 0.64  -124.64 31.90 152.76 -60.18 0.27 0.28 0.19  -95.65 52.15 73.41 50.09 0.30 -0.08 0.68  91.05 83.23 7.84 -9.05 0.20 0.11 1.02  -9.13 -6.59 21.54 5.04 0.67 0.22
0.45 0.17 0.49  -48.94 64.22 66.49 7.32 0.06 0.19 0.44  -54.20 85.67 41.51 33.61 0.06 -0.18 0.59  68.42 76.62 7.03 -18.36 0.19 -0.02 0.96  -10.60 9.40 8.15 -0.38 0.52 0.18
0.32 0.24 0.09  40.20 28.80 -51.88 71.55 -0.10 0.40 0.57  6.93 10.34 3.15 41.65 0.04 -0.08 0.78  71.02 89.55 -13.85 -9.44 0.11 -0.02 0.91  -7.26 9.53 -11.19 -1.35 0.76 0.19
0.19 0.37 0.29  48.53 13.58 -115.01 65.55 0.11 0.40 0.56  64.12 1.27 -25.85 43.66 0.01 0.03 0.73  75.78 100.17 -16.68 0.33 0.08 0.02 0.90  -6.88 3.46 -10.42 0.98 0.76 0.18
0.10 0.18 0.57  75.33 -7.46 -145.50 30.98 0.03 0.36 0.53  116.99 59.14 -53.46 43.49 -0.11 0.12 0.70  80.98 85.28 -5.61 9.88 0.07 -0.01 0.88  -1.43 2.33 2.53 -0.32 0.52 0.24
0.26 -0.03 0.72  99.71 10.77 -167.37 3.78 -0.21 0.16 0.52  172.22 45.20 -65.54 26.48 -0.19 0.18 0.79  59.85 23.80 -12.08 15.27 0.14 -0.03 0.86  9.30 5.82 9.11 -2.01 0.60 0.23
0.30 -0.24 1.06  91.65 46.35 -144.50 -12.11 -0.17 0.01 0.43  216.41 6.28 -72.48 6.76 -0.06 0.20 0.81  34.23 -22.84 -22.95 16.80 0.12 -0.00 0.82  7.63 5.78 5.28 -0.54 0.46 0.16
0.13 -0.54 1.25  143.43 -45.68 -129.49 -25.88 -0.18 -0.12 0.41  240.91 -25.41 -76.75 -15.09 0.12 0.25 0.76  7.44 -18.93 -27.58 21.74 0.11 -0.04 0.79  10.79 8.30 4.87 -3.20 0.48 0.13
0.39 -0.52 1.01  155.66 -139.90 -123.33 -32.32 -0.22 -0.24 0.46  248.21 -57.87 -87.50 -30.35 0.08 0.11 0.93  -8.24 -23.51 -28.30 11.24 0.14 -0.03 0.79  17.60 9.09 8.76 -2.44 0.48 0.00
0.12 -1.01 0.80  100.32 -127.97 -100.18 -58.12 -0.16 -0.04 0.59  210.04 -73.51 -102.20 -9.87 -0.07 0.09 1.45  1.31 -11.48 -16.94 5.85 0.12 -0.01 0.80  14.27 10.84 9.24 -1.47 0.47 0.27
-0.57 -1.17 0.71  6.67 -36.97 -83.58 -70.23 0.08 0.52 0.81  89.53 -14.58 -42.46 30.75 -0.08 -0.06 1.95  17.42 15.40 -22.59 -0.57 0.06 -0.05 0.82  7.99 7.87 7.58 -3.60 0.41 0.00
-0.57 -0.91 0.42  -62.31 28.89 25.49 -79.44 -0.07 0.35 0.84  -64.18 49.70 12.74 28.43 -0.15 -0.06 1.59  43.41 47.94 -10.23 -2.20 0.07 -0.04 0.76  6.27 4.82 4.91 -3.88 0.55 3.11
0.02 -0.01 1.89  30.22 250.86 155.16 -16.10 0.21 -0.28 1.06  -89.48 110.26 30.99 -9.16 -0.35 -0.25 1.17  52.92 67.00 10.82 -12.34 0.00 -0.14 0.81  -16.62 -11.31 -9.52 -10.91 0.63 3.13
-0.02 -0.16 1.14  9.90 143.81 93.26 -11.23 -0.29 -0.13 0.68  -109.27 50.91 14.47 -12.68 -0.08 -0.05 0.96  -5.03 0.79 -10.18 -5.17 0.09 -0.25 0.83  -26.39 -24.51 -22.42 -18.99 2.90 3.13
0.04 -0.11 0.98  21.10 57.77 37.65 -8.65 0.00 -0.09 0.50  -74.52 -49.09 2.67 -13.42 -0.06 0.23 0.51  -50.81 -99.12 -11.35 23.14 0.20 -0.18 0.94  -21.17 -6.41 -18.08 -14.82 2.98 3.16
0.08 -0.03 0.95  16.38 27.87 15.59 -3.54 0.08 -0.05 0.73  -42.52 -61.58 -1.62 -6.52 0.42 -0.08 0.87  -92.31 -105.57 -9.47 -0.60 -0.04 0.02 1.03  -7.56 12.81 -26.56 -2.08 3.03 3.16
0.10 -0.01 0.95  7.79 13.61 6.92 -1.09 0.28 0.03 0.85  -36.89 28.62 7.78 0.72 0.45 -0.02 1.02  -81.44 -19.38 6.02 -1.54 -0.10 0.03 0.99  9.39 2.01 -30.27 1.42 3.08 3.16
0.12 -0.01 0.93  6.98 12.51 4.66 -0.69 0.12 0.02 0.87  -32.55 -14.32 7.72 1.47 0.32 -0.02 1.02  -72.07 5.44 3.07 -1.73 0.01 0.00 0.96  2.07 2.91 -9.98 0.31 3.11 3.16
0.07 0.01 0.96  5.54 9.05 3.79 0.25 0.24 0.02 0.85  -31.04 -8.19 12.73 1.78 0.08 -0.02 1.00  -62.38 -24.96 1.24 -1.66 -0.08 0.02 0.91  -6.79 10.45 3.41 1.01 3.13 3.13
0.08 0.00 0.96  4.36 4.93 3.18 0.24 0.06 0.01 0.84  -30.27 -4.35 14.95 0.85 0.08 0.02 0.86  -53.10 -76.14 9.45 0.66 -0.09 -0.05 0.85  -4.48 8.97 -0.92 -3.03 3.13 3.13
0.07 0.00 0.96  6.83 6.33 2.13 0.10 0.14 0.05 0.81  -26.26 -35.06 13.37 3.63 0.21 0.00 0.85  -54.05 -81.65 14.47 0.20 -0.03 -0.03 0.81  6.54 2.14 1.66 -2.47 3.13 3.12
0.06 0.01 0.97  7.14 6.14 0.46 0.74 0.12 0.03 0.80  -27.39 -16.67 15.72 2.89 0.29 -0.01 0.89  -55.32 -46.99 8.46 -0.85 -0.05 -0.02 0.77  10.68 -6.89 2.44 -1.72 3.16 3.10
0.06 0.02 0.98  6.79 3.10 -0.59 1.33 0.11 0.03 0.84  -28.94 -19.22 17.60 2.93 0.19 -0.00 0.96  -58.23 -29.24 8.74 -0.39 -0.06 -0.03 0.74  10.47 -11.75 -2.02 -2.64 3.16 3.07
0.07 0.04 0.99  4.82 -2.26 1.02 2.44 0.15 0.07 0.92  -39.79 -21.96 24.41 4.63 0.14 -0.02 1.04  -53.97 -22.34 14.72 -1.12 -0.07 -0.06 0.79  13.15 -12.43 -1.32 -4.98 3.16 2.71
0.08 0.05 1.00  -4.22 -8.94 8.28 3.14 0.11 0.03 0.88  -56.27 -22.73 34.86 2.64 0.14 -0.11 0.98  -34.56 -34.28 14.76 -6.97 0.01 -0.07 0.87  21.23 -11.86 -2.28 -5.39 3.17 0.91
0.06 0.07 1.03  -25.41 -31.12 16.70 4.38 0.04 -0.00 0.78  -69.77 -20.94 44.57 0.31 0.14 -0.10 0.90  -11.06 -42.09 14.05 -7.63 0.04 0.02 0.77  15.76 -9.25 -3.47 0.71 3.17 0.62
0.15 0.02 1.02  -72.42 -46.00 33.52 1.84 -0.03 -0.01 0.74  -81.30 -16.27 51.88 -1.15 0.15 -0.07 0.98  1.46 -42.34 15.54 -5.42 -0.11 -0.04 0.66  -5.97 -17.18 0.09 -3.49 3.17 0.38
0.28 -0.00 0.99  -121.90 -67.49 67.19 0.10 -0.01 -0.21 0.71  -98.71 -20.83 59.73 -16.54 0.19 -0.20 1.09  12.12 -33.05 16.53 -11.25 0.06 -0.26 0.84  -20.11 -4.09 16.99 -17.88 3.17 0.25
0.38 -0.09 0.97  -184.31 -76.94 143.53 -5.65 -0.11 -0.44 0.87  -115.82 -32.16 64.21 -30.34 0.09 -0.35 1.27  30.11 -20.05 6.26 -17.74 0.07 -0.20 0.91  -16.89 8.34 21.20 -15.93 3.16 0.20
0.60 -0.28 0.85  -222.61 -39.88 225.84 -19.41 0.06 -0.40 0.89  -117.82 -24.26 61.44 -30.16 0.19 -0.22 1.26  65.90 23.69 21.67 -13.16 0.03 -0.09 0.96  -7.99 -12.20 11.73 -8.43 3.08 0.34
0.77 -0.21 0.19  -150.28 9.60 187.53 -52.49 0.37 0.12 0.24  -88.48 11.64 56.17 20.63 0.39 -0.08 0.76  95.08 57.11 15.90 -8.26 0.16 0.07 1.01  -6.30 -9.94 18.19 2.23 2.26 0.47
0.63 -0.16 0.72  -12.93 77.19 88.73 -23.21 0.28 0.17 0.35  -59.49 70.03 48.73 29.27 0.28 -0.19 0.60  72.33 97.98 6.76 -18.79 0.18 -0.01 0.97  -6.53 8.42 10.18 -0.12 0.80 0.20
0.54 0.08 0.16  -26.66 4.54 21.44 22.68 -0.09 0.34 0.56  -8.22 68.16 13.19 37.11 0.10 -0.13 0.76  71.13 113.22 -6.69 -13.63 0.12 -0.03 0.91  -4.11 9.15 -7.69 -1.66 0.79 0.27
0.14 0.30 0.25  46.88 32.64 -97.07 54.76 -0.07 0.38 0.56  53.14 -0.17 -14.14 41.68 -0.01 0.01 0.75  82.86 107.44 -9.56 -2.04 0.10 0.02 0.89  -4.33 5.91 -8.50 0.64 0.70 0.32
0.18 0.14 0.48  67.07 19.07 -154.82 27.70 0.13 0.35 0.51  112.11 27.70 -38.39 43.31 -0.10 0.06 0.72  89.12 81.22 -3.55 4.54 0.06 -0.00 0.87  0.16 4.62 1.50 -0.08 0.60 0.35
0.22 0.01 0.56  124.20 13.73 -203.33 6.66 -0.09 0.19 0.50  162.21 71.03 -54.39 29.74 -0.18 0.14 0.74  72.22 33.41 -13.46 11.82 0.12 -0.03 0.86  9.12 7.97 8.21 -1.75 0.50 0.31
0.41 -0.21 0.83  74.45 2.62 -183.65 -13.07 -0.19 0.04 0.43  211.38 38.41 -60.72 11.22 -0.12 0.19 0.78  43.38 -20.58 -24.24 16.51 0.13 -0.02 0.81  8.41 10.71 4.86 -1.58 0.52 0.25
0.23 -0.63 1.02  125.14 -5.70 -183.56 -34.24 -0.23 -0.10 0.35  244.54 -8.94 -67.89 -13.94 0.07 0.26 0.74  18.13 -15.51 -18.82 22.58 0.09 -0.03 0.79  10.50 9.86 1.05 -2.68 0.42 0.11
0.35 -0.51 0.95  118.59 -102.98 -147.33 -35.09 -0.19 -0.26 0.39  249.13 -51.27 -74.98 -35.63 0.07 0.15 0.91  -11.34 -21.74 -18.77 13.77 0.14 -0.01 0.77  13.36 9.82 2.55 -1.23 0.31 0.17
0.01 -1.18 0.57  83.65 -130.37 -138.31 -71.11 -0.17 0.10 0.50  199.55 -56.88 -82.70 4.15 -0.06 0.03 1.49  10.25 -19.68 -17.35 3.91 0.13 -0.02 0.79  7.15 14.44 5.58 -1.41 0.34 0.19
-0.47 -1.15 0.48  20.19 -29.13 -64.10 -81.43 -0.07 0.41 0.70  80.97 -14.84 -44.75 31.46 -0.10 0.07 1.82  22.44 15.20 -15.86 3.03 0.08 -0.04 0.79  2.87 11.08 5.07 -3.19 0.34 0.24
-0.51 -1.13 0.40  -44.09 7.02 30.15 -87.05 -0.07 0.43 0.63  -50.78 41.89 9.32 40.33 -0.07 -0.03 1.50  35.36 45.12 -13.67 -0.67 0.10 -0.05 0.72  1.60 11.20 5.50 -4.28 0.40 3.03
0.98 0.34 0.48  90.00 183.94 141.25 18.25 0.17 -0.57 1.19  -73.78 78.66 28.65 -17.89 -0.22 0.02 1.06  29.36 60.61 -0.89 1.12 0.03 -0.10 0.80  -11.43 -2.68 -3.79 -8.05 0.63 3.13
0.23 -0.11 1.00  30.73 197.06 106.75 -2.43 -0.21 -0.14 0.72  -98.03 34.96 3.89 -14.83 -0.03 -0.06 1.22  -15.42 1.72 -19.24 -2.68 -0.02 -0.28 0.90  -23.82 -16.89 -22.50 -18.91 2.06 3.13
-0.30 -0.20 1.33  39.80 40.59 53.79 -9.17 -0.06 -0.08 0.55  -73.90 -53.42 6.50 -11.01 -0.08 0.14 0.61  -37.91 -55.43 -18.16 12.67 0.18 -0.19 0.94  -15.28 -5.18 -18.41 -15.40 2.66 3.16
0.15 -0.05 1.16  124.39 21.44 49.52 -4.39 0.08 -0.03 0.69  -46.59 -16.41 -1.45 -4.39 0.23 0.00 0.76  -83.62 -93.44 -8.65 2.68 0.04 -0.00 0.99  -4.37 16.15 -25.85 -3.21 2.73 3.16
0.07 0.00 0.90  -5.38 -37.74 56.50 -0.81 0.16 -0.01 0.83  -33.94 2.78 -2.08 -1.42 0.46 -0.07 1.02  -82.13 -21.83 2.13 -3.37 -0.13 -0.00 0.97  8.98 6.40 -32.31 -0.80 2.81 3.13
0.38 0.05 0.76  -34.42 -27.00 4.69 3.47 0.19 0.03 0.87  -29.64 -15.96 0.41 1.67 0.28 -0.03 1.05  -73.17 11.83 -0.70 -2.65 -0.08 -0.04 0.93  8.44 0.22 -12.44 -2.65 2.88 3.13
0.27 -0.05 0.84  4.77 2.70 -20.01 -2.43 0.20 0.02 0.86  -29.43 -4.90 6.48 1.93 0.12 -0.01 1.01  -60.97 -17.06 -0.39 -1.29 -0.07 0.02 0.90  1.65 4.39 5.17 0.86 2.96 3.11
0.10 0.13 0.92  -25.83 -38.33 15.41 7.65 0.13 0.03 0.86  -27.35 -18.71 8.23 2.05 0.10 -0.00 0.93  -53.78 -60.37 4.40 -0.62 -0.09 -0.02 0.87  -0.04 4.03 2.11 -1.40 3.02 3.03
0.21 -0.03 0.87  -7.38 -1.54 7.98 -0.68 0.15 0.05 0.83  -27.17 -28.87 10.51 3.56 0.18 -0.00 0.89  -48.98 -73.55 10.51 -0.41 -0.06 -0.02 0.84  10.14 0.04 -0.66 -1.54 3.07 2.91
0.23 -0.02 0.79  -13.74 -3.81 18.93 -1.30 0.13 0.06 0.80  -27.31 -29.25 11.45 5.00 0.26 -0.01 0.88  -44.84 -57.61 7.15 -1.09 -0.07 0.03 0.80  10.58 -8.86 -1.53 1.65 3.08 2.70
0.16 0.02 0.87  8.27 -5.38 4.02 0.98 0.11 0.05 0.80  -29.48 -22.26 14.12 4.20 0.22 -0.01 0.93  -42.32 -30.64 4.41 -0.67 -0.08 -0.01 0.76  3.80 -16.24 -2.37 -0.64 3.11 2.03
0.14 -0.06 0.90  -11.96 -7.35 9.39 -3.61 0.14 0.06 0.83  -35.67 -21.09 18.86 4.96 0.17 0.01 0.95  -38.82 -24.38 11.21 0.29 -0.06 -0.09 0.78  9.55 -18.70 -0.94 -6.62 3.12 1.23
0.14 -0.05 0.87  -10.39 -13.60 5.47 -4.31 0.11 0.05 0.81  -44.49 -19.62 25.87 4.58 0.13 -0.04 0.93  -35.15 -31.67 14.02 -2.73 -0.02 -0.07 0.83  18.01 -23.33 -1.96 -6.03 3.13 0.46
0.24 -0.00 0.81  -20.67 -5.33 11.26 -1.16 0.03 0.01 0.73  -51.43 -23.00 31.65 1.55 0.11 -0.07 0.87  -21.23 -36.52 13.53 -5.01 0.03 -0.01 0.83  16.59 -22.98 -4.24 -1.87 3.16 0.32
0.25 -0.09 0.83  -14.49 -6.88 3.64 -6.53 0.05 0.02 0.70  -57.46 -17.08 39.54 1.90 0.17 -0.05 0.87  -12.16 -50.16 13.90 -4.35 -0.01 -0.04 0.71  3.92 -24.65 -3.26 -3.34 3.16 0.21
0.19 -0.03 0.86  -40.17 -31.83 25.21 -3.26 0.08 -0.01 0.72  -69.91 -23.69 48.30 -0.76 0.24 -0.09 1.01  -5.72 -53.16 15.40 -5.92 -0.06 -0.15 0.77  -6.48 -20.54 9.39 -12.01 3.17 0.13
0.25 -0.02 0.69  -11.45 -52.52 50.75 -2.74 -0.02 -0.18 0.78  -88.58 -25.55 53.15 -13.34 0.19 -0.21 1.19  12.55 -37.61 9.52 -11.24 0.07 -0.24 0.93  -11.40 -13.02 24.60 -16.63 3.17 0.04
0.53 -0.02 0.94  -44.70 -92.55 83.93 -1.73 -0.17 -0.35 0.80  -106.55 -21.16 58.12 -26.43 0.01 -0.24 1.17  36.70 -2.35 10.11 -13.87 0.12 -0.12 0.93  -7.28 -2.80 22.27 -10.91 3.16 0.00
0.83 -0.29 1.00  -113.17 -73.59 104.63 -16.86 0.08 -0.14 0.74  -105.49 -8.24 57.44 -16.36 0.13 -0.13 1.06  58.96 14.75 23.12 -9.72 0.02 0.00 0.93  -3.66 -13.54 16.11 -1.97 3.03 0.19
0.74 -0.08 0.59  -96.61 -53.77 117.48 -11.06 0.23 0.17 0.44  -75.62 25.75 50.94 18.14 0.25 -0.06 0.70  74.23 22.06 17.12 -6.59 0.19 0.04 1.01  -1.66 -12.54 16.44 2.11 0.91 0.11
0.80 0.35 0.37  -63.01 16.33 99.14 41.39 0.04 0.13 0.59  -20.50 33.02 12.40 16.10 0.13 -0.13 0.64  60.28 59.50 11.43 -12.66 0.21 -0.02 0.97  -4.08 3.66 8.02 -0.90 0.81 0.20
0.69 0.58 0.03  -103.22 90.00 16.90 94.78 0.05 0.27 0.60  39.21 0.93 -20.77 27.55 0.10 -0.06 0.77  58.15 84.44 -8.53 -6.64 0.08 0.02 0.91  -4.87 1.36 -5.31 0.78 0.76 0.25
0.41 0.29 0.10  -206.05 96.20 34.39 90.46 0.11 0.23 0.54  88.16 23.70 -43.88 28.56 -0.03 0.00 0.76  68.33 91.29 -6.37 -0.85 0.10 0.02 0.92  -3.65 -4.79 -6.67 1.12 0.82 0.28
0.21 -0.09 0.26  -192.65 41.04 -38.19 -1.65 -0.12 0.16 0.48  128.92 51.75 -52.98 24.07 -0.12 0.07 0.82  69.36 68.62 -2.53 5.05 0.16 -0.02 0.91  -2.66 -0.14 1.63 -0.98 0.81 0.16
0.15 -0.64 0.32  -179.34 27.93 -63.65 -63.66 -0.21 0.05 0.41  155.59 -1.99 -56.55 11.93 -0.10 0.11 0.89  51.27 22.09 -13.72 8.04 0.15 0.02 0.89  2.25 9.82 3.91 0.81 0.80 0.13
0.01 -0.74 -0.22  -146.18 -80.65 -63.31 -119.14 -0.09 0.04 0.38  158.89 -19.61 -56.08 8.22 -0.02 0.05 0.94  41.94 5.11 -18.33 4.66 0.15 -0.04 0.86  -1.80 13.94 -0.30 -2.72 0.79 0.04
0.07 -0.80 -0.21  -36.64 -47.65 -59.75 -128.38 -0.10 -0.00 0.47  156.28 -7.90 -48.02 1.71 0.08 0.07 0.98  37.34 0.44 -19.72 4.89 0.10 -0.06 0.85  1.35 15.27 0.11 -4.58 0.96 0.00
-0.11 -0.47 -0.16  -22.37 16.72 -76.40 -134.90 -0.11 0.01 0.58  143.25 13.38 -42.48 1.59 0.13 0.05 1.04  45.44 12.86 -14.30 3.81 0.10 -0.03 0.83  6.52 18.34 2.02 -2.82 1.08 0.00
-0.21 -0.25 -0.19  -140.25 63.00 -89.25 -153.84 -0.20 0.05 0.66  122.40 7.56 -42.49 4.88 -0.04 0.09 1.17  53.30 51.10 -13.04 5.26 0.16 -0.03 0.82  6.63 26.05 3.92 -2.87 1.04 0.00
-0.12 -0.29 -0.43  -246.64 86.03 -42.17 -177.20 -0.02 0.14 0.72  86.24 0.53 -38.05 11.69 -0.21 0.17 1.27  36.97 69.87 -10.67 8.68 0.12 -0.03 0.81  2.79 29.66 1.97 -2.81 0.98 0.00
-0.26 0.06 -0.60  -246.64 98.16 28.46 138.32 -0.01 0.16 0.80  41.32 34.85 -21.93 13.98 -0.13 0.17 1.17  18.95 42.91 -14.21 10.05 0.08 -0.05 0.79  3.54 30.11 0.98 -3.86 0.67 1.91
-0.47 0.41 -0.86  -246.64 12.60 63.32 181.96 -0.04 0.18 0.86  -0.37 43.68 -6.01 14.34 -0.12 0.19 1.22  2.85 6.01 -16.01 10.99 0.11 -0.05 0.79  4.85 28.68 3.11 -4.60 0.63 3.08
-0.72 0.19 -1.25  -246.64 -136.33 5.69 207.80 -0.06 -0.14 1.04  -48.90 52.09 17.78 -4.68 -0.17 0.02 1.31  -4.69 8.72 -9.16 2.93 0.01 -0.11 0.83  -0.14 18.42 -1.64 -8.56 0.39 3.12
0.07 0.50 -0.67  -161.11 -222.91 -93.91 184.79 -0.19 -0.19 0.87  -65.79 77.49 5.25 -13.12 -0.04 -0.13 1.29  -18.09 -4.68 -24.32 -5.34 -0.04 -0.16 0.89  -9.14 2.90 -12.50 -11.74 0.18 3.13
-0.15 0.58 -0.72  -58.30 -150.30 -15.63 178.09 -0.19 0.01 0.75  -51.65 -28.20 -1.30 -1.74 -0.04 0.02 0.94  -26.75 2.72 -26.75 -0.14 0.09 -0.15 0.90  -11.23 -0.37 -15.80 -11.65 2.75 3.13
-0.15 0.62 -0.69  -26.89 -45.80 14.73 173.59 0.15 -0.03 0.76  -35.15 -15.00 -8.98 -2.58 -0.06 0.09 0.81  -52.33 -50.97 -13.41 6.55 0.10 -0.05 0.95  -9.76 13.85 -16.47 -5.28 2.97 3.13
-0.17 0.62 -0.70  51.40 23.53 13.41 173.53 0.06 -0.02 0.89  -24.08 15.77 -9.67 -1.61 0.22 -0.04 1.02  -66.20 -39.06 -7.16 -1.22 -0.12 0.05 0.96  -0.65 15.49 -25.83 1.87 3.07 3.13
-0.11 0.57 -0.70  9.30 22.36 3.84 175.66 0.14 0.02 0.97  -21.58 -7.87 -11.18 0.75 0.26 -0.03 1.13  -53.46 -8.32 -4.06 -1.86 -0.18 -0.05 0.96  7.31 1.60 -21.63 -2.62 3.08 3.16
-0.09 0.56 -0.69  -1.45 7.82 -0.80 176.18 0.26 0.03 0.94  -24.12 -4.77 -3.26 2.06 0.25 -0.04 1.12  -35.82 -5.93 -3.75 -2.68 -0.07 -0.04 0.94  3.03 -1.67 0.44 -3.01 3.12 3.13
-0.07 0.56 -0.69  -1.51 3.22 -1.03 176.30 0.12 -0.01 0.86  -22.43 -5.93 1.76 -0.38 0.14 -0.01 0.95  -24.95 -25.87 -2.76 -1.23 -0.06 -0.04 0.90  3.28 6.33 7.97 -3.30 3.13 3.13
-0.08 0.56 -0.69  0.02 3.53 1.68 176.36 0.12 -0.01 0.81  -13.62 -17.83 1.92 -1.09 0.11 0.01 0.89  -35.36 -57.17 3.99 0.29 -0.08 -0.05 0.87  4.72 10.14 2.44 -4.15 3.13 3.13
-0.08 0.56 -0.69  -5.02 -2.33 -0.02 176.42 0.15 0.02 0.88  -7.28 -13.23 2.64 1.01 0.25 -0.04 0.96  -39.81 -54.69 10.21 -2.26 -0.09 -0.01 0.85  4.05 4.25 -0.03 -1.81 3.13 3.13
-0.08 0.57 -0.69  -4.09 -11.75 -0.76 175.96 0.16 0.04 0.91  -9.62 -7.92 4.57 2.82 0.28 -0.06 1.04  -31.69 -7.50 2.90 -3.74 -0.13 0.02 0.84  -3.14 -6.61 0.84 1.08 3.13 3.13
-0.10 0.57 -0.68  -3.25 -3.39 0.50 175.14 0.17 0.03 0.91  -13.74 -4.58 8.10 2.71 0.19 -0.02 1.04  -25.47 14.94 -1.32 -1.88 -0.11 0.02 0.82  -8.96 -13.02 1.38 1.91 3.13 3.13
-0.10 0.57 -0.69  -1.70 5.16 1.05 175.88 0.14 0.04 0.94  -17.91 -12.45 11.79 2.70 0.07 -0.03 1.04  -24.05 -1.67 1.36 -1.80 -0.05 -0.01 0.83  -13.66 -13.24 -0.39 -0.30 3.13 3.12
-0.10 0.57 -0.70  0.17 -0.00 0.87 175.99 0.14 0.04 0.92  -25.79 -13.55 16.98 3.21 0.14 -0.04 1.02  -9.79 -20.27 6.93 -2.38 -0.03 0.00 0.84  -17.66 -12.94 -4.64 -0.04 3.16 3.08
-0.09 0.57 -0.68  -4.39 3.82 0.71 175.33 0.17 0.04 0.84  -30.82 -14.51 21.92 3.35 0.25 -0.02 0.96  5.02 -19.78 9.28 -1.70 0.03 -0.11 0.89  -12.75 -10.50 -3.54 -7.08 3.16 2.95
-0.08 0.59 -0.69  -4.51 -2.40 -0.52 174.69 0.07 0.01 0.76  -30.37 -8.12 24.39 1.18 0.18 -0.05 0.82  15.34 -3.00 0.12 -4.01 0.12 -0.19 0.90  -4.03 3.64 9.55 -13.18 3.16 2.37
-0.09 0.57 -0.71  1.16 3.46 2.58 176.38 -0.01 -0.01 0.65  -21.81 -6.77 25.00 -0.74 0.08 0.01 0.73  13.25 2.53 0.79 0.01 0.01 -0.08 0.86  -3.27 12.09 11.90 -8.07 3.16 0.91
-0.10 0.57 -0.69  3.91 4.52 4.37 175.78 -0.04 0.04 0.65  -8.02 -17.75 20.56 3.26 0.07 0.03 0.71  -6.74 -16.19 4.93 2.21 -0.02 -0.03 0.85  1.18 11.99 4.97 -3.85 3.16 0.71
-0.09 0.56 -0.68  2.69 2.48 3.73 175.65 -0.03 0.02 0.70  1.38 -13.05 15.52 1.91 0.07 -0.05 0.81  -18.51 -13.32 3.05 -3.33 0.01 -0.10 0.86  4.57 1.53 5.21 -7.42 3.13 1.55
-0.10 0.56 -0.68  -2.62 0.55 1.24 175.49 -0.04 0.03 0.74  6.46 -7.16 10.92 2.48 0.07 -0.04 0.83  -13.68 2.93 0.77 -3.41 0.04 -0.05 0.87  5.37 -5.65 4.96 -4.72 3.13 2.11
-0.08 0.57 -0.70  -7.82 -0.28 0.29 175.64 -0.03 0.03 0.77  7.95 -8.33 7.80 2.91 0.03 -0.01 0.87  -14.18 -5.60 3.66 -1.13 0.05 -0.04 0.88  10.62 -5.64 2.91 -3.71 3.13 2.54
-0.09 0.57 -0.68  -1.36 0.18 1.45 175.32 -0.02 0.03 0.80  7.61 -8.12 6.03 2.48 0.04 -0.03 0.90  -12.47 -16.22 5.80 -2.00 0.06 -0.05 0.87  14.82 -3.93 0.27 -4.17 3.13 2.70
-0.08 0.56 -0.70  3.30 -0.62 1.99 176.08 -0.03 0.02 0.81  5.89 -7.41 5.01 2.08 0.07 -0.03 0.89  -10.15 -13.26 4.89 -2.51 0.05 -0.05 0.87  16.15 -1.18 1.66 -3.90 3.13 2.75
-0.09 0.57 -0.68  1.95 0.12 1.81 175.07 -0.03 0.03 0.80  4.52 -7.73 3.57 2.56 0.09 -0.02 0.89  -8.15 -5.78 4.52 -1.58 0.06 -0.02 0.85  14.23 0.80 1.10 -2.38 3.13 2.77
-0.09 0.57 -0.70  -4.34 -0.23 -0.37 175.75 -0.02 0.02 0.81  3.36 -1.48 2.75 2.14 0.11 -0.03 0.89  -8.83 1.03 3.51 -1.96 0.05 -0.03 0.86  11.67 4.91 -1.20 -2.47 3.13 2.77
-0.09 0.57 -0.69  0.26 -2.85 -0.21 175.49 -0.04 0.03 0.81  2.69 -0.11 2.21 2.21 0.08 -0.02 0.87  -6.92 4.29 2.92 -2.01 0.06 -0.04 0.86  10.34 7.71 -2.08 -3.24 3.13 2.76
-0.09 0.57 -0.69  2.05 -2.91 -0.19 175.57 -0.04 0.03 0.81  1.92 -0.22 1.33 2.27 0.05 -0.01 0.87  -5.61 6.32 3.06 -1.36 0.04 -0.04 0.86  9.76 9.43 -3.70 -3.09 3.13 2.76
-0.10 0.57 -0.69  3.14 0.98 -0.41 175.85 -0.03 0.02 0.81  1.15 0.98 0.77 1.89 0.06 -0.02 0.87  -5.68 3.20 3.54 -1.44 0.04 -0.04 0.87  8.61 10.45 -4.13 -3.00 3.12 2.76
-0.09 0.58 -0.69  -1.35 8.64 -1.21 175.17 -0.03 0.02 0.82  0.64 -0.70 0.47 2.03 0.08 -0.02 0.87  -6.03 2.07 2.63 -1.65 0.03 -0.04 0.87  7.21 10.20 -4.17 -3.06 3.13 2.73
-0.08 0.57 -0.69  1.82 2.89 -0.11 175.18 -0.02 0.03 0.81  -0.30 2.57 0.65 2.37 0.09 -0.02 0.85  -3.83 6.45 1.69 -1.41 0.03 -0.04 0.88  6.60 10.01 -3.47 -3.00 3.12 2.72
-0.08 0.57 -0.69  0.64 1.37 0.15 175.31 -0.03 0.02 0.80  -0.37 3.10 0.56 2.08 0.08 -0.02 0.84  -4.71 9.82 0.65 -1.37 0.02 -0.03 0.88  5.21 9.82 -2.68 -2.78 3.12 2.72
-0.08 0.57 -0.69  0.31 0.03 0.49 175.41 -0.04 0.02 0.80  -0.07 2.69 0.56 1.75 0.06 -0.02 0.84  -4.67 7.16 0.39 -1.56 0.02 -0.03 0.88  4.15 9.33 -2.53 -2.80 3.12 2.75
-0.08 0.57 -0.69  0.43 0.33 0.34 175.43 -0.03 0.02 0.81  -0.09 0.83 0.67 1.77 0.06 -0.02 0.84  -3.92 3.90 0.44 -1.66 0.02 -0.04 0.89  3.97 8.59 -2.56 -2.87 3.12 2.77
-0.08 0.57 -0.69  -0.10 0.43 0.44 175.33 -0.03 0.02 0.81  -0.56 0.63 0.75 1.94 0.07 -0.02 0.84  -3.43 2.79 0.25 -1.67 0.01 -0.03 0.89  2.99 7.22 -2.25 -2.63 3.12 2.77
-0.08 0.57 -0.69  -0.12 0.27 0.57 175.38 -0.02 0.03 0.81  -1.20 0.55 0.90 2.37 0.07 -0.02 0.83  -1.52 3.16 -0.09 -1.59 0.01 -0.03 0.89  2.27 6.07 -1.67 -2.69 3.12 2.77
-0.08 0.57 -0.69  0.39 0.04 0.87 175.35 -0.03 0.02 0.81  -1.56 0.49 1.05 2.06 0.08 -0.02 0.83  -1.63 2.32 -0.36 -1.52 0.02 -0.03 0.89  1.62 6.27 -1.02 -2.76 3.12 2.78
-0.08 0.57 -0.69  0.21 0.52 0.80 175.39 -0.04 0.02 0.80  -0.99 -0.64 0.93 1.64 0.07 -0.02 0.82  -0.66 1.89 -0.30 -1.84 0.02 -0.03 0.89  0.52 5.88 -1.27 -2.79 3.12 2.81
-0.08 0.57 -0.69  0.10 0.06 0.71 175.45 -0.04 0.02 0.80  -0.27 -3.26 0.63 1.63 0.07 -0.02 0.82  -1.47 -0.30 -0.11 -1.60 0.02 -0.04 0.90  -0.22 6.26 -2.11 -2.94 3.12 2.81
-0.08 0.57 -0.69  -0.21 0.13 0.57 175.44 -0.02 0.03 0.81  -0.63 -2.14 0.47 2.24 0.09 -0.02 0.83  -1.58 -0.40 -0.21 -1.62 0.03 -0.03 0.90  -0.78 7.82 -2.39 -2.50 3.12 2.82
-0.08 0.57 -0.69  -0.38 0.80 0.62 175.48 -0.03 0.02 0.81  -1.43 -0.99 0.81 2.16 0.09 -0.02 0.84  -0.21 3.84 -0.89 -1.97 0.02 -0.03 0.90  -1.67 9.40 -2.60 -2.59 3.12 2.83
-0.08 0.57 -0.69  -0.15 0.99 0.70 175.43 -0.03 0.02 0.81  -2.17 -1.93 0.85 2.03 0.07 -0.02 0.82  2.09 6.05 -0.71 -1.98 0.02 -0.04 0.90  -1.45 10.16 -3.05 -3.13 3.12 2.85
-0.08 0.57 -0.69  -0.27 0.45 0.63 175.45 -0.04 0.02 0.80  -2.39 -1.00 0.74 1.86 0.07 -0.01 0.82  2.10 4.41 -0.13 -1.32 0.03 -0.04 0.89  -1.02 12.23 -3.92 -3.05 3.12 2.85
-0.08 0.57 -0.69  -0.06 1.06 0.73 175.42 -0.04 0.02 0.80  -1.81 -1.52 0.31 1.89 0.08 -0.02 0.82  1.16 3.89 -0.04 -1.42 0.03 -0.04 0.89  -1.23 13.98 -4.73 -3.08 3.12 2.85
-0.08 0.57 -0.69  -0.24 0.41 0.53 175.42 -0.04 0.02 0.80  -1.58 -1.54 -0.07 1.91 0.09 -0.02 0.83  0.55 7.29 -0.48 -1.71 0.02 -0.04 0.89  -1.27 15.53 -5.23 -3.38 3.12 2.86
-0.10 0.57 -0.69  0.40 -4.71 0.24 175.63 -0.03 0.03 0.80  -2.13 1.89 -0.22 2.48 0.09 -0.02 0.82  1.50 11.31 -0.83 -1.49 0.01 -0.04 0.89  -0.18 15.49 -5.05 -3.31 3.12 2.88
-0.08 0.57 -0.69  -0.09 -3.21 0.25 175.44 -0.04 0.02 0.80  -2.42 4.55 -0.23 2.13 0.08 -0.02 0.82  2.02 13.96 -1.35 -1.60 0.01 -0.05 0.89  0.86 16.02 -2.85 -3.63 3.12 2.88
-0.09 0.57 -0.69  -0.22 -0.39 0.41 175.41 -0.05 0.02 0.79  -1.91 3.48 -1.06 1.64 0.06 -0.02 0.81  1.92 14.04 -1.12 -1.82 0.02 -0.06 0.89  2.79 15.39 -2.35 -4.35 3.12 2.90
-0.09 0.58 -0.69  1.27 -1.59 0.37 175.36 -0.04 0.02 0.79  -1.32 3.25 -2.33 1.94 0.07 -0.01 0.80  0.68 12.88 -0.69 -1.38 0.03 -0.05 0.89  5.85 17.59 -3.31 -4.09 3.12 2.91
-0.09 0.57 -0.69  0.21 0.24 0.47 175.36 -0.03 0.03 0.79  -0.85 4.75 -3.09 2.32 0.10 -0.01 0.82  -0.58 14.80 -0.61 -0.95 0.03 -0.04 0.89  7.08 20.30 -3.82 -3.58 3.12 2.93
-0.09 0.57 -0.69  0.31 0.12 0.62 175.49 -0.03 0.02 0.80  -0.97 6.62 -3.20 2.07 0.11 -0.02 0.84  -0.91 22.96 -0.86 -1.39 0.02 -0.04 0.89  7.90 23.07 -4.51 -3.12 3.11 2.96
-0.09 0.57 -0.69  2.30 -4.10 0.24 175.47 -0.02 0.02 0.80  -1.26 7.86 -3.14 1.98 0.11 -0.02 0.83  -1.58 29.78 -1.45 -1.77 0.03 -0.03 0.89  7.41 26.39 -6.66 -2.66 3.12 2.96
-0.09 0.57 -0.69  0.78 -1.97 0.12 175.60 -0.01 0.03 0.80  -1.36 10.45 -2.95 2.46 0.09 -0.01 0.83  -2.58 29.04 -1.29 -1.13 0.02 -0.04 0.89  7.47 30.30 -9.48 -3.02 3.12 2.97
-0.10 0.57 -0.69  1.00 -3.00 0.09 175.88 -0.01 0.03 0.80  -1.88 12.48 -3.11 2.27 0.08 -0.02 0.82  -2.67 29.88 -0.59 -1.63 0.00 -0.04 0.89  7.17 32.13 -10.92 -3.23 3.11 2.98
-0.10 0.57 -0.69  0.04 -2.81 0.15 175.75 0.00 0.03 0.80  -2.43 10.91 -2.77 2.31 0.09 -0.02 0.83  -2.81 28.10 -1.24 -1.53 0.00 -0.04 0.90  7.57 32.90 -10.47 -3.18 3.12 2.98
-0.10 0.56 -0.70  0.12 -3.38 0.31 176.15 -0.00 0.02 0.80  -2.72 10.42 -2.17 2.05 0.10 -0.02 0.82  -2.18 26.49 -1.96 -1.68 -0.01 -0.04 0.89  8.23 31.63 -8.94 -3.20 3.12 2.98
-0.10 0.57 -0.70  1.03 -1.71 0.55 175.93 -0.00 0.02 0.79  -2.59 9.36 -2.05 2.20 0.10 -0.01 0.81  -2.96 26.39 -1.96 -1.19 -0.03 -0.04 0.89  8.50 28.73 -7.51 -3.31 3.11 3.00
-0.10 0.57 -0.70  0.32 -1.51 0.37 176.01 0.01 0.02 0.79  -2.21 9.01 -1.68 2.04 0.11 -0.02 0.81  -4.11 25.57 -2.47 -1.64 -0.03 -0.03 0.90  7.92 24.86 -5.39 -2.79 3.12 3.00
-0.10 0.57 -0.70  0.13 -0.73 0.28 175.92 0.01 0.02 0.78  -1.42 5.28 -1.60 1.95 0.10 -0.02 0.79  -3.21 21.60 -2.39 -1.67 -0.05 -0.04 0.90  7.83 20.12 -3.69 -2.86 3.12 3.00
-0.10 0.57 -0.70  0.54 -0.81 0.43 175.85 0.01 0.02 0.78  -0.62 4.94 -1.37 2.04 0.10 -0.01 0.80  -4.88 15.18 -2.17 -1.26 -0.06 -0.02 0.90  6.50 15.39 -2.34 -1.80 3.12 3.00
-0.10 0.57 -0.70  0.65 -0.68 0.53 175.96 0.01 0.02 0.79  -0.05 5.52 -1.25 2.17 0.11 -0.02 0.80  -5.89 10.69 -1.45 -1.46 -0.05 -0.02 0.91  6.07 9.20 -1.74 -1.44 3.12 3.00
-0.10 0.57 -0.70  -0.02 -0.09 0.49 175.99 0.02 0.03 0.80  -0.09 3.48 -0.91 2.31 0.10 -0.03 0.80  -4.88 7.36 -1.26 -2.11 -0.04 -0.02 0.92  4.24 5.72 -0.70 -1.75 3.12 3.00
-0.11 0.57 -0.70  -0.30 -0.11 0.46 176.00 0.02 0.02 0.80  -0.75 1.65 -0.16 2.17 0.10 -0.03 0.80  -3.23 4.04 -1.15 -2.31 -0.05 -0.02 0.93  3.24 3.33 0.29 -1.54 3.12 2.98
-0.11 0.57 -0.70  0.78 -2.14 0.44 176.06 0.02 0.03 0.79  -0.88 0.17 0.34 2.49 0.11 -0.02 0.78  -0.82 0.63 -0.54 -1.81 -0.04 -0.02 0.94  3.13 0.83 0.56 -1.47 3.12 2.98
-0.11 0.57 -0.70  0.34 -0.58 0.63 176.09 0.01 0.02 0.78  -0.33 -0.51 0.56 2.19 0.12 -0.02 0.78  -2.09 -3.36 -0.49 -1.54 -0.03 -0.02 0.94  3.01 0.10 0.80 -1.39 3.12 2.98
-0.11 0.57 -0.70  0.17 -0.10 0.65 176.10 0.01 0.03 0.79  0.41 -1.41 0.62 2.40 0.13 -0.02 0.77  -1.69 -1.94 -0.57 -1.52 -0.02 -0.02 0.95  2.31 0.18 0.93 -1.31 3.12 2.98
-0.11 0.57 -0.70  0.49 -0.03 0.88 176.03 0.01 0.03 0.79  0.73 -0.12 0.78 2.39 0.13 -0.01 0.77  -0.72 1.52 -0.15 -1.38 -0.02 -0.01 0.95  2.43 1.14 0.65 -1.08 3.12 2.98
-0.11 0.57 -0.70  0.85 0.02 1.08 176.04 0.01 0.02 0.79  1.06 -0.55 0.67 2.08 0.12 -0.02 0.78  -1.31 2.11 0.00 -1.66 -0.02 -0.02 0.96  3.05 2.21 -0.24 -1.26 3.12 3.00
-0.11 0.57 -0.70  0.67 0.07 0.99 176.11 0.02 0.02 0.80  0.82 -0.79 0.76 2.19 0.12 -0.03 0.79  -1.06 2.56 -0.28 -2.20 -0.02 -0.01 0.96  3.21 3.97 -1.08 -1.13 3.12 3.00
-0.11 0.57 -0.70  0.25 -0.14 0.73 176.14 0.01 0.03 0.80  0.23 0.29 0.91 2.28 0.12 -0.02 0.79  0.61 5.40 0.34 -1.68 -0.02 -0.01 0.95  2.93 5.07 -1.76 -0.70 3.12 3.01
-0.11 0.57 -0.70  0.02 -0.02 0.60 176.16 0.01 0.02 0.79  0.06 1.68 0.70 2.17 0.12 -0.02 0.77  0.61 5.41 1.03 -1.71 -0.02 -0.01 0.95  2.52 5.56 -2.65 -0.83 3.12 3.01
-0.11 0.57 -0.70  -0.02 -0.20 0.52 176.12 0.01 0.02 0.79  0.43 2.78 0.60 2.22 0.11 -0.02 0.77  0.55 5.18 0.93 -1.54 -0.03 -0.02 0.95  2.66 5.45 -3.47 -1.11 3.12 3.02
-0.11 0.57 -0.70  0.08 -0.46 0.66 176.16 0.01 0.02 0.80  0.84 3.20 0.44 1.89 0.10 -0.02 0.77  0.39 2.46 1.26 -1.50 -0.03 -0.01 0.95  2.31 4.38 -3.37 -1.07 3.12 3.02
-0.12 0.56 -0.70  2.04 -9.68 0.50 176.55 0.01 0.02 0.80  1.41 0.85 0.11 1.99 0.11 -0.02 0.77  -0.08 0.96 0.93 -1.50 -0.03 -0.02 0.95  1.97 2.99 -3.10 -1.40 3.12 3.03
-0.11 0.57 -0.70  1.58 -4.69 0.73 176.31 0.02 0.02 0.80  1.65 0.75 0.25 1.97 0.12 -0.02 0.78  -0.24 0.86 0.64 -1.57 -0.02 -0.01 0.96  1.73 2.39 -2.87 -0.97 3.12 3.03
-0.12 0.57 -0.70  0.80 -1.30 0.77 176.47 0.01 0.02 0.80  1.71 0.90 0.28 2.02 0.11 -0.01 0.79  0.41 0.97 0.67 -1.36 -0.03 -0.02 0.96  0.79 1.72 -2.54 -1.13 3.11 3.03
-0.12 0.56 -0.70  0.57 -0.52 0.83 176.57 0.01 0.02 0.81  1.37 1.00 0.40 2.16 0.10 -0.02 0.79  0.36 -1.23 0.66 -1.68 -0.03 -0.02 0.95  1.18 -0.24 -2.06 -1.20 3.11 3.03
-0.14 0.56 -0.71  0.81 -5.13 0.49 176.97 0.01 0.02 0.82  0.75 -1.19 0.52 1.98 0.09 -0.02 0.79  0.69 -3.01 0.42 -1.92 -0.02 -0.02 0.95  0.89 -2.11 -1.30 -1.28 3.10 3.03
-0.12 0.56 -0.70  0.26 -1.58 0.64 176.75 0.01 0.02 0.81  0.22 -1.77 0.63 1.86 0.11 -0.02 0.79  1.32 -2.87 0.44 -1.49 -0.02 -0.01 0.96  0.08 -3.54 -0.61 -1.00 3.11 3.03
-0.12 0.56 -0.71  0.20 0.26 0.73 176.75 0.01 0.02 0.81  0.13 -2.22 0.63 1.81 0.11 -0.02 0.77  2.46 -3.70 0.49 -1.88 -0.01 -0.02 0.96  -0.65 -3.64 -0.21 -1.34 3.10 3.03
-0.12 0.56 -0.70  0.07 0.22 0.66 176.72 0.01 0.02 0.81  0.15 -1.77 0.43 1.81 0.11 -0.01 0.78  1.83 -3.77 0.36 -1.15 -0.01 -0.02 0.96  -0.20 -3.77 -0.21 -1.44 3.10 3.03
-0.12 0.56 -0.70  0.28 0.65 0.86 176.71 0.01 0.02 0.81  0.41 -2.83 0.41 1.91 0.12 -0.02 0.78  0.94 -4.04 0.18 -1.37 -0.00 -0.01 0.96  -0.08 -3.51 -0.23 -1.15 3.10 3.03
-0.12 0.56 -0.70  0.24 0.51 0.78 176.74 0.01 0.02 0.81  -0.04 -0.97 0.60 1.91 0.12 -0.02 0.79  1.73 -1.70 0.15 -1.56 -0.01 -0.02 0.96  -0.86 -2.58 -0.06 -1.24 3.10 3.03
-0.12 0.56 -0.70  0.10 0.45 0.70 176.73 0.01 0.02 0.81  -0.28 -1.58 0.69 1.93 0.12 -0.02 0.79  1.73 -0.28 0.11 -1.75 -0.00 -0.02 0.96  -1.14 -2.03 -0.20 -1.30 3.10 3.03
-0.12 0.56 -0.71  0.01 0.18 0.61 176.82 0.00 0.02 0.81  -0.41 0.03 0.63 1.89 0.11 -0.01 0.79  2.09 0.42 0.43 -1.21 0.00 -0.02 0.96  -0.75 -0.49 -0.65 -1.17 3.10 3.03
-0.12 0.56 -0.70  0.14 0.06 0.65 176.74 0.02 0.02 0.81  -0.26 0.26 0.43 1.99 0.11 -0.02 0.78  1.62 0.01 0.54 -1.51 -0.00 -0.01 0.95  -0.80 0.27 -1.05 -1.10 3.11 3.03
-0.12 0.56 -0.70  0.15 0.03 0.63 176.74 0.01 0.02 0.81  -0.56 1.10 0.37 1.84 0.11 -0.02 0.80  1.47 0.41 0.40 -1.44 -0.01 -0.02 0.95  -0.75 0.94 -1.19 -1.26 3.10 3.03
-0.12 0.56 -0.70  -0.03 0.09 0.56 176.68 0.01 0.02 0.81  -0.87 1.07 0.31 1.95 0.11 -0.02 0.79  2.15 1.65 0.61 -1.89 -0.01 -0.02 0.95  -0.70 1.03 -1.17 -1.42 3.10 3.05
-0.12 0.56 -0.70  0.04 0.08 0.58 176.67 0.01 0.02 0.81  -1.01 1.61 0.40 1.83 0.11 -0.01 0.80  2.06 1.55 0.56 -1.32 -0.00 -0.02 0.95  -1.10 1.07 -1.14 -1.28 3.10 3.03
-0.12 0.56 -0.70  0.10 0.02 0.64 176.65 0.01 0.02 0.81  -0.71 0.85 0.15 1.94 0.11 -0.02 0.78  2.31 0.43 0.70 -1.56 -0.01 -0.02 0.95  -0.85 1.33 -1.02 -1.49 3.10 3.05
-0.12 0.56 -0.70  0.21 0.05 0.68 176.65 0.01 0.02 0.81  -0.56 1.42 0.11 1.83 0.11 -0.02 0.79  1.66 0.67 0.53 -1.48 -0.02 -0.02 0.95  -0.89 0.78 -0.98 -1.58 3.10 3.05
-0.12 0.56 -0.70  0.29 0.09 0.72 176.67 0.01 0.02 0.81  -0.45 1.01 0.02 1.78 0.11 -0.02 0.79  1.58 0.47 0.44 -1.72 -0.01 -0.02 0.95  -0.75 0.05 -0.72 -1.68 3.10 3.03
-0.12 0.56 -0.70  0.21 0.18 0.68 176.67 0.01 0.02 0.81  -0.32 0.71 -0.06 1.81 0.10 -0.02 0.79  1.79 0.35 0.44 -1.52 -0.01 -0.02 0.95  -0.70 -0.22 -0.47 -1.54 3.10 3.06
-0.12 0.56 -0.71  0.20 0.19 0.69 176.72 0.01 0.02 0.81  0.02 0.75 -0.06 1.74 0.11 -0.02 0.79  1.40 -1.16 0.59 -1.43 -0.01 -0.02 0.95  -0.62 -0.40 -0.55 -1.61 3.10 3.06
-0.12 0.56 -0.71  0.37 0.10 0.79 176.77 0.01 0.02 0.81  0.50 0.05 0.07 1.85 0.12 -0.02 0.80  0.90 -1.89 0.38 -1.57 -0.01 -0.02 0.94  -0.40 -0.25 -0.47 -1.57 3.10 3.06
-0.12 0.56 -0.71  -0.74 0.61 0.80 176.72 0.01 0.02 0.81  0.41 0.99 0.19 1.89 0.11 -0.02 0.80  1.61 -0.20 0.49 -1.56 -0.01 -0.02 0.94  -0.30 -0.09 -0.44 -1.51 3.10 3.06
-0.12 0.56 -0.70  -0.22 0.37 0.77 176.74 0.01 0.02 0.81  0.49 0.52 0.14 1.66 0.11 -0.02 0.79  1.19 -0.18 0.53 -1.72 -0.01 -0.02 0.94  -0.31 -0.10 -0.53 -1.72 3.10 3.06
-0.12 0.56 -0.70  0.14 0.19 0.76 176.70 0.01 0.02 0.81  0.60 0.94 0.01 1.76 0.10 -0.02 0.79  1.18 -1.17 0.58 -1.52 -0.01 -0.02 0.94  0.24 -0.39 -0.61 -1.71 3.10 3.07
-0.12 0.56 -0.70  0.38 0.26 0.83 176.70 0.01 0.02 0.82  0.77 0.15 -0.17 1.76 0.11 -0.02 0.80  0.62 -1.62 0.63 -1.50 -0.01 -0.02 0.94  0.78 -0.52 -0.77 -1.68 3.10 3.07
-0.12 0.56 -0.70  0.21 0.19 0.75 176.64 0.02 0.02 0.82  0.64 0.69 -0.05 1.67 0.11 -0.02 0.80  1.00 -1.00 0.53 -1.72 -0.01 -0.02 0.94  0.60 -0.36 -0.81 -1.59 3.08 3.07
-0.12 0.56 -0.70  -0.32 0.93 0.83 176.62 0.02 0.02 0.82  0.44 0.41 0.05 1.93 0.11 -0.02 0.80  1.02 -0.39 0.47 -1.67 -0.01 -0.02 0.94  0.30 0.16 -0.96 -1.57 3.08 3.07
-0.12 0.56 -0.70  -0.26 0.95 0.87 176.68 0.02 0.02 0.82  0.09 1.65 0.16 1.90 0.11 -0.01 0.81  0.99 0.51 0.63 -1.39 -0.00 -0.02 0.94  0.81 0.62 -1.27 -1.63 3.08 3.07
-0.12 0.56 -0.70  -0.22 0.77 0.79 176.65 0.01 0.02 0.82  -0.07 1.48 0.12 1.71 0.11 -0.02 0.80  1.13 0.62 0.79 -1.75 -0.00 -0.03 0.94  1.08 1.23 -1.37 -1.86 3.08 3.07
-0.12 0.56 -0.70  -0.25 0.65 0.73 176.56 0.02 0.02 0.82  -0.11 1.56 0.03 1.70 0.11 -0.01 0.81  0.27 0.43 0.60 -1.37 -0.01 -0.02 0.94  1.41 1.09 -1.54 -1.70 3.08 3.08
-0.12 0.56 -0.70  -0.16 0.74 0.79 176.57 0.01 0.02 0.82  -0.15 1.46 0.14 1.64 0.10 -0.02 0.80  0.69 0.60 0.63 -1.75 -0.01 -0.02 0.94  1.48 0.62 -1.10 -1.84 3.08 3.08
-0.12 0.56 -0.70  0.07 0.41 0.76 176.58 0.01 0.02 0.82  -0.12 0.96 0.18 1.54 0.10 -0.02 0.80  0.63 0.02 0.50 -1.61 -0.01 -0.02 0.94  1.22 0.27 -0.78 -1.78 3.08 3.07
-0.12 0.56 -0.70  0.03 0.19 0.69 176.58 0.02 0.02 0.82  0.24 0.42 0.08 1.64 0.11 -0.01 0.80  -0.18 -1.22 0.48 -1.36 -0.01 -0.02 0.94  1.43 -0.41 -0.66 -1.69 3.08 3.08
-0.12 0.56 -0.70  0.18 0.14 0.77 176.61 0.02 0.02 0.82  0.56 0.65 0.12 1.66 0.11 -0.02 0.81  -0.82 -1.74 0.38 -1.38 -0.01 -0.02 0.94  1.21 -0.86 -0.32 -1.59 3.08 3.08
-0.12 0.56 -0.70  -0.18 1.00 0.86 176.59 0.02 0.02 0.83  0.31 -0.12 0.31 1.78 0.11 -0.02 0.80  0.20 -0.89 0.32 -1.71 -0.01 -0.02 0.94  1.14 -1.07 0.12 -1.60 3.08 3.08
-0.12 0.56 -0.70  -0.25 1.00 0.89 176.56 0.02 0.02 0.83  -0.07 -0.10 0.65 1.56 0.10 -0.02 0.81  -0.31 -0.78 0.02 -1.43 -0.01 -0.02 0.94  1.21 -1.67 0.37 -1.64 3.08 3.08
-0.12 0.56 -0.70  -0.28 0.89 0.89 176.50 0.02 0.02 0.83  -0.30 -0.16 0.93 1.62 0.11 -0.02 0.80  0.16 -1.51 0.23 -1.62 -0.00 -0.02 0.95  1.17 -1.89 0.40 -1.46 3.08 3.08
-0.12 0.56 -0.70  -0.48 0.86 0.89 176.50 0.01 0.02 0.82  -0.29 -1.12 1.18 1.54 0.10 -0.02 0.80  -0.14 -1.50 -0.01 -1.41 -0.00 -0.02 0.95  0.81 -1.30 0.37 -1.60 3.08 3.08
-0.12 0.56 -0.70  -0.19 0.48 0.79 176.52 0.02 0.02 0.83  -0.35 -1.61 1.39 1.64 0.11 -0.02 0.80  -0.29 -1.00 -0.04 -1.54 -0.00 -0.02 0.95  0.86 -0.89 0.18 -1.44 3.08 3.08
-0.12 0.57 -0.70  -0.16 0.26 0.66 176.46 0.01 0.02 0.83  -0.59 -0.74 1.45 1.51 0.10 -0.02 0.81  -0.61 -1.16 0.14 -1.59 -0.00 -0.02 0.94  0.63 -0.67 -0.13 -1.37 3.08 3.08
-0.12 0.57 -0.70  -0.14 0.17 0.57 176.48 0.02 0.02 0.83  -0.88 -0.62 1.45 1.73 0.10 -0.02 0.80  -0.14 -1.09 0.21 -1.64 -0.00 -0.02 0.95  0.35 -0.37 -0.24 -1.38 3.08 3.08
-0.12 0.57 -0.70  -0.15 -0.12 0.58 176.47 0.01 0.02 0.83  -1.03 -0.42 1.41 1.74 0.10 -0.02 0.79  -0.15 -1.54 0.18 -1.49 -0.00 -0.02 0.95  0.28 -0.15 -0.23 -1.46 3.08 3.08
-0.12 0.56 -0.70  -0.06 0.09 0.63 176.46 0.01 0.02 0.83  -1.07 -0.41 1.31 1.64 0.10 -0.02 0.80  -0.65 -1.57 0.05 -1.56 -0.00 -0.02 0.95  0.52 -0.05 -0.18 -1.54 3.08 3.08
-0.12 0.57 -0.70  -0.16 0.02 0.61 176.41 0.01 0.02 0.83  -1.41 1.05 1.13 1.49 0.10 -0.02 0.80  -0.96 -0.93 0.04 -1.44 -0.00 -0.02 0.95  0.75 0.50 -0.24 -1.62 3.08 3.07
-0.12 0.57 -0.70  -0.38 -0.26 0.50 176.35 0.01 0.02 0.82  -1.33 0.53 0.92 1.48 0.11 -0.02 0.79  -1.12 0.44 -0.04 -1.50 0.00 -0.02 0.95  0.83 1.58 -0.43 -1.69 3.08 3.07
-0.12 0.57 -0.70  -0.43 -0.65 0.41 176.38 0.01 0.02 0.82  -1.27 1.29 0.75 1.52 0.11 -0.02 0.79  -1.76 1.41 0.09 -1.55 0.00 -0.02 0.95  0.61 2.91 -0.92 -1.25 3.08 3.07
-0.12 0.57 -0.70  -0.31 -0.69 0.45 176.39 0.02 0.02 0.83  -1.31 2.04 0.82 1.83 0.11 -0.02 0.80  -1.79 2.01 0.08 -1.45 0.00 -0.01 0.95  0.38 4.82 -1.81 -0.83 3.08 3.07
-0.12 0.57 -0.70  -0.14 -0.49 0.58 176.42 0.01 0.02 0.83  -1.94 2.40 1.23 1.88 0.11 -0.02 0.80  -1.18 3.56 0.04 -1.78 -0.01 -0.01 0.95  0.37 6.02 -3.02 -1.03 3.08 3.07
-0.12 0.57 -0.70  -0.14 -0.29 0.57 176.37 0.01 0.02 0.83  -2.68 1.48 1.68 1.80 0.10 -0.02 0.79  0.72 5.26 0.13 -2.09 -0.01 -0.02 0.95  0.60 6.37 -3.65 -1.38 3.08 3.07
-0.12 0.57 -0.70  -0.27 -0.42 0.54 176.34 0.00 0.02 0.82  -2.93 0.55 1.74 1.64 0.10 -0.02 0.79  1.56 4.82 0.05 -1.55 -0.03 -0.02 0.95  1.10 4.77 -2.87 -1.67 3.08 3.06
-0.12 0.57 -0.70  -0.08 -0.00 0.63 176.40 0.00 0.02 0.81  -2.18 -0.77 1.34 1.67 0.10 -0.02 0.77  0.74 2.72 -0.40 -1.45 -0.03 -0.02 0.95  0.80 2.41 -1.16 -1.67 3.10 3.06