=~=~=~=~=~=~=~=~=~=~=~= PuTTY log 2021.09.22 19:26:30 =~=~=~=~=~=~=~=~=~=~=~=
-0.16 0.01 1.09  0.42 0.36 0.70 0.90 -0.02 0.01 0.90  -1.11 0.39 0.55 0.78 0.03 -0.01 0.92  0.48 -0.33 0.22 -1.09 0.03 -0.04 0.87  0.42 0.25 -0.33 -3.57 3.08 3.03
-0.16 0.01 1.09  0.14 0.23 0.78 0.96 -0.03 0.01 0.90  -1.58 0.87 0.73 0.48 0.02 -0.02 0.91  1.60 0.60 0.18 -1.16 0.03 -0.04 0.87  0.43 0.46 -0.31 -3.59 3.08 3.03
-0.16 0.01 1.09  -0.01 0.09 0.71 0.92 -0.03 0.01 0.89  -1.17 -0.04 0.57 0.53 0.02 -0.01 0.90  0.98 -0.29 0.38 -0.91 0.03 -0.05 0.87  0.05 0.53 -0.84 -3.69 3.08 3.03
-0.16 0.01 1.09  0.11 0.19 0.65 0.94 -0.03 0.01 0.89  -0.85 0.55 0.54 0.54 0.03 -0.01 0.90  0.36 -0.67 0.40 -1.00 0.03 -0.05 0.87  0.12 0.69 -0.76 -3.86 3.08 3.03
-0.16 0.01 1.09  0.03 0.05 0.67 0.93 -0.03 0.01 0.89  -0.68 -0.09 0.45 0.57 0.03 -0.01 0.91  0.27 0.13 0.19 -1.08 0.03 -0.05 0.87  0.39 0.53 -0.48 -3.77 3.08 3.03
-0.16 0.01 1.09  0.10 0.03 0.68 0.92 -0.03 0.01 0.90  -0.86 0.58 0.49 0.60 0.02 -0.01 0.91  0.51 0.39 0.06 -1.05 0.03 -0.04 0.87  0.36 0.21 -0.47 -3.56 3.08 3.03
-0.15 0.01 1.09  0.18 0.23 0.67 0.89 -0.03 0.01 0.89  -1.01 0.59 0.48 0.61 0.02 -0.01 0.91  0.32 -0.13 0.12 -1.06 0.03 -0.04 0.87  0.41 0.36 -0.49 -3.55 3.08 3.03
-0.16 0.01 1.09  0.20 0.26 0.69 0.95 -0.03 0.01 0.89  -0.97 0.36 0.44 0.57 0.02 -0.01 0.90  0.78 0.46 0.15 -1.10 0.03 -0.04 0.87  0.33 0.49 -0.73 -3.66 3.08 3.03
-0.16 0.01 1.09  0.08 -0.05 0.60 0.93 -0.03 0.01 0.89  -0.84 0.14 0.42 0.54 0.02 -0.01 0.91  0.43 -0.02 0.28 -0.92 0.03 -0.05 0.87  0.35 0.52 -0.87 -3.79 3.08 3.03
-0.15 0.01 1.09  0.03 0.23 0.63 0.94 -0.03 0.01 0.89  -0.80 0.41 0.46 0.52 0.03 -0.02 0.91  0.10 -0.12 0.14 -1.15 0.03 -0.04 0.87  0.17 0.66 -0.56 -3.59 3.08 3.03
-0.16 0.01 1.09  0.05 0.33 0.69 0.88 -0.03 0.01 0.89  -0.78 0.33 0.45 0.57 0.03 -0.02 0.90  0.67 0.51 0.02 -1.19 0.03 -0.04 0.87  -0.08 0.58 -0.72 -3.61 3.08 3.03
-0.16 0.01 1.09  0.01 0.12 0.63 0.86 -0.03 0.01 0.89  -0.80 0.20 0.39 0.59 0.02 -0.01 0.91  0.73 0.51 0.18 -1.00 0.03 -0.05 0.87  0.04 0.62 -0.92 -3.70 3.08 3.03
-0.16 0.01 1.09  0.17 0.11 0.61 0.92 -0.03 0.01 0.89  -0.88 0.36 0.39 0.60 0.02 -0.01 0.91  0.54 -0.37 0.36 -1.05 0.03 -0.04 0.87  0.05 0.54 -0.74 -3.52 3.08 3.03
-0.16 0.01 1.09  0.09 0.17 0.68 0.91 -0.03 0.01 0.89  -0.91 0.26 0.41 0.61 0.03 -0.01 0.90  0.93 -0.31 0.12 -1.14 0.03 -0.04 0.87  0.06 0.48 -0.66 -3.61 3.08 3.03
-0.16 0.01 1.09  -0.04 -0.05 0.68 0.91 -0.03 0.01 0.89  -0.86 0.32 0.34 0.59 0.03 -0.01 0.90  1.02 0.35 0.11 -1.10 0.03 -0.05 0.87  0.45 0.38 -0.66 -3.82 3.08 3.03
-0.16 0.01 1.09  0.11 -0.05 0.68 0.93 -0.03 0.01 0.89  -0.71 0.56 0.28 0.53 0.02 -0.01 0.90  0.42 0.10 0.12 -1.01 0.03 -0.04 0.87  0.43 0.59 -0.60 -3.70 3.08 3.03
-0.16 0.01 1.09  0.05 -0.00 0.64 0.95 -0.03 0.01 0.89  -0.60 0.47 0.22 0.51 0.03 -0.02 0.90  0.22 -0.12 0.10 -1.21 0.03 -0.04 0.87  0.12 0.49 -0.71 -3.61 3.08 3.03
-0.16 0.01 1.09  -0.05 0.02 0.63 0.95 -0.03 0.01 0.90  -0.75 0.49 0.20 0.59 0.02 -0.02 0.91  0.71 0.28 0.03 -1.22 0.03 -0.04 0.87  0.15 0.69 -0.79 -3.57 3.08 3.03
-0.15 0.01 1.09  0.02 -0.07 0.66 0.97 -0.03 0.01 0.89  -0.88 0.68 0.24 0.56 0.02 -0.01 0.91  1.02 0.46 0.05 -1.07 0.03 -0.04 0.87  -0.19 0.43 -0.98 -3.53 3.08 3.03
-0.16 0.01 1.09  0.04 -0.07 0.67 0.89 -0.03 0.01 0.89  -0.85 0.10 0.13 0.63 0.02 -0.01 0.90  0.89 -0.36 0.14 -1.13 0.03 -0.05 0.87  -0.26 0.17 -0.91 -3.70 3.08 3.03
-0.15 0.01 1.09  -0.04 0.08 0.62 0.89 -0.03 0.01 0.89  -0.68 0.29 0.05 0.56 0.02 -0.01 0.91  0.73 -0.46 0.11 -1.00 0.03 -0.05 0.87  0.05 0.20 -0.84 -4.00 3.08 3.03
-0.16 0.02 1.09  -0.05 -0.04 0.64 0.97 -0.03 0.01 0.89  -0.50 0.36 0.03 0.46 0.03 -0.02 0.90  0.63 -0.49 0.10 -1.16 0.03 -0.04 0.87  0.34 0.14 -0.69 -3.74 3.08 3.05
-0.15 0.01 1.09  0.06 0.00 0.63 0.89 -0.03 0.01 0.90  -0.50 0.07 -0.04 0.65 0.03 -0.01 0.91  1.30 0.33 0.12 -1.11 0.03 -0.04 0.87  0.28 0.22 -0.67 -3.71 3.08 3.03
-0.15 0.01 1.09  0.16 0.36 0.64 0.88 -0.02 0.01 0.90  -0.78 0.67 0.04 0.72 0.03 -0.01 0.91  1.89 0.29 0.12 -1.16 0.03 -0.05 0.87  0.38 0.56 -0.48 -3.76 3.08 3.05
-0.16 0.02 1.09  0.19 0.08 0.63 0.98 -0.03 0.01 0.90  -1.01 0.08 0.09 0.63 0.03 -0.02 0.91  2.53 0.51 0.06 -1.17 0.03 -0.05 0.87  0.67 0.65 -0.21 -3.85 3.08 3.05
-0.15 0.02 1.09  0.01 0.19 0.57 0.98 -0.02 0.01 0.90  -1.38 0.60 0.24 0.66 0.02 -0.01 0.91  3.13 1.55 -0.17 -1.15 0.04 -0.05 0.87  0.81 0.92 0.49 -4.20 3.08 3.05
-0.16 0.01 1.09  -0.19 0.35 0.54 0.94 -0.03 0.01 0.89  -1.69 0.42 0.25 0.71 0.02 -0.01 0.91  4.15 2.39 -0.32 -1.01 0.04 -0.05 0.87  0.99 1.35 1.36 -4.21 3.08 3.05
-0.16 0.01 1.09  -0.19 0.64 0.53 0.86 -0.03 0.01 0.89  -1.62 0.32 -0.01 0.53 0.02 -0.01 0.92  3.66 2.11 -0.55 -0.87 0.05 -0.05 0.87  2.03 1.63 2.05 -4.25 3.07 3.06
-0.16 0.01 1.09  0.26 0.93 0.38 0.80 -0.03 0.01 0.90  -1.89 0.12 -0.56 0.83 0.01 -0.01 0.92  3.21 3.41 -1.51 -0.59 0.05 -0.05 0.87  2.32 2.17 2.59 -4.12 3.06 3.06
-0.15 0.01 1.09  1.03 2.13 0.71 0.92 -0.02 0.01 0.90  -3.20 2.68 -0.91 0.83 0.02 -0.01 0.94  3.02 4.10 -1.70 -0.44 0.05 -0.04 0.87  3.15 2.81 2.95 -3.75 3.06 3.06
-0.16 0.02 1.09  1.36 2.74 1.24 1.02 -0.03 0.01 0.89  -3.68 3.05 -1.61 0.73 0.02 -0.01 0.92  2.87 5.90 -2.78 -0.80 0.06 -0.04 0.87  4.05 2.89 2.28 -3.69 3.07 3.06
-0.17 0.02 1.09  0.76 0.95 0.53 1.06 -0.04 0.01 0.88  -3.40 2.25 -2.65 0.60 -0.01 -0.01 0.91  1.98 7.63 -3.66 -0.70 0.07 -0.05 0.87  4.79 3.91 2.00 -3.75 3.06 3.07
-0.16 0.01 1.09  0.44 0.26 -0.07 0.99 -0.03 0.01 0.89  -3.92 2.85 -3.99 0.81 0.00 -0.01 0.92  0.60 7.66 -3.67 -0.47 0.08 -0.02 0.88  4.92 4.73 0.25 -2.36 3.06 3.08
-0.15 0.02 1.09  0.92 1.22 0.21 1.11 -0.02 0.01 0.89  -4.91 6.42 -5.29 0.69 0.02 -0.01 0.92  2.05 11.07 -3.62 -0.83 0.07 -0.01 0.89  3.96 6.17 -2.15 -1.22 3.06 3.08
-0.17 0.02 1.09  1.17 0.54 0.03 1.18 -0.03 0.01 0.88  -4.71 7.82 -6.85 0.55 0.02 -0.01 0.91  3.73 17.59 -4.53 -0.94 0.06 -0.02 0.90  2.40 5.93 -4.65 -1.71 3.06 3.08
-0.16 0.02 1.09  1.01 -0.39 -0.36 1.15 -0.02 0.01 0.87  -4.63 10.46 -8.80 0.81 0.01 -0.01 0.91  1.53 23.88 -6.19 -0.88 0.03 -0.04 0.89  0.57 4.52 -6.14 -3.03 3.06 3.10
-0.16 0.02 1.09  1.05 -0.68 -0.37 1.22 -0.00 0.01 0.86  -4.18 11.23 -10.54 0.83 0.04 -0.01 0.90  -0.32 22.39 -6.90 -1.05 -0.01 -0.05 0.88  2.01 4.57 -7.39 -3.85 3.06 3.11
-0.15 0.02 1.09  1.62 -5.68 0.76 1.05 0.07 0.02 0.87  -4.95 19.81 -11.06 1.68 0.09 -0.01 0.92  -1.03 20.99 -8.77 -0.78 -0.02 -0.06 0.88  3.54 4.71 -6.50 -4.66 3.03 3.13
-0.16 0.02 1.09  2.51 -3.39 0.36 1.24 0.02 0.01 0.88  -6.10 27.40 -8.95 1.12 0.13 -0.02 0.97  -0.96 26.46 -10.57 -1.46 -0.03 -0.06 0.88  4.86 9.53 -3.76 -4.66 3.03 3.13
-0.15 0.03 1.09  1.59 -1.55 -0.79 1.60 0.07 0.01 0.85  -5.69 19.44 -6.78 0.64 0.15 -0.02 0.93  -0.08 30.88 -8.29 -1.30 -0.05 -0.05 0.83  5.67 14.00 -3.60 -4.22 3.02 3.13
-0.15 0.02 1.09  1.12 -1.80 -0.50 1.48 0.09 0.00 0.83  -3.28 17.62 -2.59 0.37 0.15 -0.03 0.91  -0.52 30.10 -7.02 -1.83 -0.09 -0.07 0.79  5.31 12.30 -5.18 -6.00 3.02 3.13
-0.15 0.02 1.10  1.09 -4.32 -0.34 1.51 0.07 0.01 0.85  -0.34 9.45 1.66 0.45 0.11 -0.01 0.93  -4.19 18.14 -3.95 -0.71 -0.11 -0.12 0.79  7.47 7.88 -4.52 -9.48 3.00 3.13
-0.15 0.02 1.09  1.82 -5.75 -0.11 1.59 0.07 0.02 0.87  1.13 5.52 6.15 1.15 0.08 -0.01 0.94  -6.70 -0.99 2.45 -0.51 -0.09 -0.07 0.79  11.25 3.07 -0.70 -7.27 2.98 3.16
-0.16 0.03 1.09  2.35 -17.80 -0.18 1.82 0.05 0.02 0.88  0.81 -8.10 9.45 1.21 0.12 -0.00 0.96  -10.52 -12.52 7.29 -0.21 -0.11 -0.05 0.78  14.95 -1.80 0.60 -4.84 2.96 3.16
-0.13 0.03 1.08  3.85 -12.84 -0.48 1.93 0.08 0.03 0.88  -1.54 -6.60 13.80 2.15 0.17 0.01 0.98  -14.08 -4.27 11.47 0.59 -0.11 -0.01 0.78  14.18 -5.80 -2.10 -1.40 2.93 3.16
-0.11 0.03 1.08  4.52 -1.71 -0.03 2.14 0.07 0.04 0.91  -5.98 -3.16 19.65 2.68 0.14 0.01 1.03  -21.52 2.23 16.09 0.79 -0.09 0.03 0.80  7.88 -10.04 -7.34 2.05 2.93 3.16
-0.13 0.04 1.09  2.49 4.39 -0.17 2.57 0.09 0.07 0.99  -15.72 -11.87 27.82 4.32 0.11 -0.06 1.17  -26.05 -11.38 13.38 -2.63 0.02 -0.08 0.89  1.62 -7.93 -10.06 -4.82 2.88 3.13
-0.08 0.06 1.08  -0.93 10.67 2.77 3.47 0.12 0.12 1.14  -39.38 -24.83 40.02 6.74 0.06 -0.05 1.30  -0.54 -22.17 6.18 -2.64 0.01 -0.06 0.90  -8.84 0.91 4.10 -4.95 2.85 3.10
-0.03 0.13 1.13  -16.57 9.62 16.39 7.03 0.00 0.03 1.09  -69.49 -33.09 50.82 2.64 -0.01 0.03 1.27  45.85 -24.44 10.16 0.80 -0.06 0.04 0.91  -10.27 -2.82 19.90 1.76 2.90 2.24
0.15 0.10 1.20  -51.11 12.38 50.12 5.97 0.04 -0.20 0.82  -88.07 -17.98 46.60 -13.22 -0.08 -0.08 1.02  53.36 -40.69 19.57 -4.20 0.08 -0.03 0.97  -5.71 -7.48 25.95 -1.65 2.91 0.96
0.12 -0.08 1.20  -49.97 12.77 85.20 -2.85 0.02 -0.20 0.62  -88.02 -4.80 36.02 -20.56 0.10 -0.30 0.98  56.77 -20.08 27.98 -17.88 0.08 -0.07 0.95  -6.14 -3.29 12.80 -4.60 2.72 0.99
0.43 0.14 1.04  -41.60 26.42 23.57 6.88 0.20 -0.06 0.63  -63.15 17.11 27.01 -9.97 0.32 -0.18 0.87  36.16 69.91 -11.34 -14.85 0.04 -0.07 0.90  -10.86 -12.13 -1.78 -5.21 1.14 0.98
0.11 0.36 1.06  -33.44 38.54 -33.78 20.10 0.08 -0.02 0.72  -24.42 88.11 13.11 -3.28 0.15 -0.08 0.82  51.23 110.59 -20.53 -8.63 0.12 -0.11 0.90  -9.27 -21.30 -5.14 -8.13 0.96 0.93
-0.04 0.38 1.15  3.31 17.23 -32.96 22.41 -0.21 -0.00 0.82  21.57 59.05 -9.37 -0.85 -0.04 0.01 0.92  53.82 116.23 -14.38 -1.14 0.15 -0.09 0.89  -4.27 -15.53 -1.93 -7.57 0.86 0.88
-0.00 0.38 1.15  38.58 18.24 -37.56 22.56 -0.13 -0.01 0.85  64.14 -3.08 -28.58 -1.11 -0.21 0.02 0.99  56.24 88.64 -6.98 0.89 0.11 0.00 0.88  1.25 -10.35 -1.65 -1.47 0.82 0.75
0.05 0.38 1.13  35.99 81.29 -40.98 23.22 0.01 -0.06 0.82  92.82 11.42 -40.77 -4.18 -0.27 0.07 1.00  53.58 26.55 -6.11 4.29 0.07 0.00 0.86  1.93 -7.44 -3.18 -0.20 0.77 0.67
-0.30 0.07 1.38  52.85 87.06 -48.41 7.74 -0.06 -0.04 0.80  115.68 33.13 -47.90 -3.79 -0.17 0.10 1.04  56.97 -10.92 -1.48 6.17 0.07 -0.00 0.82  4.12 -6.51 -0.43 -0.31 0.78 0.65
-0.39 0.17 1.24  61.67 -20.87 -42.44 9.51 -0.18 -0.08 0.81  135.92 8.31 -55.62 -5.93 -0.07 0.11 1.07  58.53 -19.27 1.96 7.45 0.09 -0.02 0.79  3.56 -7.75 1.44 -1.73 0.80 0.88
-0.44 -0.11 1.33  29.75 -24.83 0.94 -2.92 -0.20 -0.02 0.80  141.78 -45.47 -66.64 -2.50 -0.06 0.19 1.13  46.76 -11.38 0.57 11.20 0.12 -0.06 0.78  4.40 -7.25 2.68 -4.51 0.68 0.77
-0.71 -0.43 1.25  102.37 -97.35 30.78 -19.52 -0.11 0.07 0.78  127.98 -89.76 -72.99 4.86 -0.04 0.27 1.23  25.56 -24.31 -10.07 14.71 0.14 -0.05 0.79  1.97 -4.64 3.22 -4.85 0.74 0.57
-0.56 -0.30 0.86  80.40 -153.95 40.88 -23.25 0.00 0.13 0.86  93.53 -67.61 -54.32 9.98 -0.04 0.22 1.35  5.49 -36.92 -17.17 12.12 0.14 -0.06 0.80  1.76 -1.28 2.07 -5.51 0.76 0.65
-0.32 -0.49 0.70  16.28 -88.48 -11.09 -39.66 0.13 0.29 0.90  33.03 -1.32 -13.56 19.96 -0.05 0.25 1.42  -12.96 -21.84 -16.20 12.46 0.16 -0.05 0.79  3.92 2.88 0.34 -4.99 0.80 0.65
-0.41 -0.41 0.56  -45.07 -23.60 -57.75 -43.91 0.08 0.26 0.81  -41.39 83.70 20.42 21.69 -0.05 0.10 1.43  -16.74 -7.70 -3.88 6.58 0.17 -0.08 0.75  0.09 4.19 -0.34 -7.46 0.85 2.76
-0.04 0.26 1.32  -128.73 -9.77 11.79 2.51 0.00 -0.27 1.30  -72.14 67.10 26.03 -7.31 -0.06 -0.10 1.38  -3.34 26.37 -5.07 -2.80 0.08 -0.14 0.78  -8.85 -4.05 -2.88 -11.71 0.77 3.08
0.13 -0.30 1.13  -61.25 15.59 76.47 -14.64 -0.18 -0.06 0.99  -83.81 15.11 1.04 -4.84 -0.22 0.03 1.37  -1.10 50.53 -26.43 0.64 0.02 -0.21 0.81  -13.85 -22.44 -7.95 -17.15 0.80 3.11
-0.20 -0.21 1.17  -24.31 90.09 38.79 -13.04 0.07 0.01 0.69  -75.97 -43.60 6.21 -0.14 -0.15 0.12 0.83  -17.91 -40.26 -22.27 8.69 0.18 -0.13 0.78  -16.14 -22.84 -1.89 -13.08 0.74 3.12
-0.20 -0.06 1.13  -2.73 48.28 15.93 -5.51 0.06 -0.04 0.69  -58.85 13.84 6.36 -3.82 0.20 0.14 0.82  -65.41 -107.67 -12.66 11.34 0.12 -0.08 0.92  -21.32 -11.44 -6.69 -7.89 2.57 3.13
-0.21 -0.01 1.12  2.09 10.29 6.04 -1.60 0.04 -0.03 0.79  -40.56 -19.29 -0.51 -2.92 0.34 -0.04 0.96  -82.69 -63.53 -9.00 -0.02 0.01 0.01 1.03  -5.62 9.35 -14.52 -0.94 2.86 3.13
-0.14 0.01 1.10  0.72 4.75 2.45 -0.03 0.24 0.02 0.82  -37.23 2.20 2.20 0.96 0.35 -0.00 1.00  -79.99 -21.39 -1.23 -0.24 0.01 0.03 1.00  11.22 14.52 -17.82 1.75 2.98 3.13
-0.15 0.01 1.09  3.16 7.64 3.19 0.34 0.15 0.02 0.83  -32.68 -4.31 6.75 1.82 0.23 -0.02 0.98  -72.74 -8.03 2.81 -1.13 -0.01 0.02 0.96  5.21 14.21 -6.63 1.48 3.03 3.12
-0.18 0.02 1.10  2.15 6.04 4.33 1.09 0.16 0.03 0.85  -31.48 -2.85 10.52 2.35 0.11 -0.04 0.99  -64.05 -35.19 3.39 -2.68 -0.10 0.00 0.92  -4.90 15.83 2.05 0.36 3.08 3.08
-0.17 0.02 1.10  0.09 3.49 5.94 1.05 0.13 0.04 0.85  -32.81 -13.34 13.99 3.21 0.16 -0.02 0.95  -52.02 -67.20 6.66 -1.67 -0.16 -0.00 0.87  -2.20 12.62 -1.94 -0.23 3.10 2.93
-0.17 0.01 1.09  1.97 6.58 8.41 0.60 0.11 0.05 0.79  -34.40 -24.71 16.44 4.03 0.24 -0.01 0.88  -38.05 -64.56 10.24 -1.33 -0.09 0.01 0.81  0.15 -0.59 4.41 0.93 3.13 2.57
-0.19 0.02 1.11  2.17 7.64 8.86 1.03 0.10 0.02 0.74  -34.67 -24.29 18.52 2.28 0.22 -0.01 0.86  -41.24 -51.32 5.76 -0.69 -0.06 -0.05 0.77  4.89 -10.41 4.73 -3.24 3.13 1.67
-0.22 0.03 1.12  -3.54 3.80 8.95 1.53 0.06 0.02 0.75  -33.97 -21.83 20.45 1.73 0.19 -0.01 0.89  -49.42 -43.87 6.86 -0.71 -0.03 -0.08 0.73  7.30 -9.92 -0.72 -6.60 3.13 0.95
-0.22 0.03 1.13  -12.88 -1.58 9.12 1.88 0.09 0.05 0.78  -39.26 -18.04 26.58 3.66 0.23 0.00 0.94  -47.40 -32.52 13.47 -0.07 -0.09 -0.07 0.75  11.02 -8.60 -0.29 -6.83 3.16 0.92
-0.21 0.02 1.14  -28.02 -4.71 10.34 1.55 0.04 0.03 0.77  -48.77 -16.74 34.47 2.60 0.15 -0.05 0.93  -39.28 -39.90 18.93 -3.29 -0.08 -0.05 0.80  14.79 -11.73 0.37 -5.19 3.17 0.91
-0.17 0.01 1.15  -53.03 -3.55 14.25 0.66 0.00 -0.02 0.76  -61.23 -19.12 42.72 -1.42 0.12 -0.11 0.94  -27.31 -42.22 19.84 -7.71 -0.03 -0.04 0.78  13.79 -12.70 -1.37 -4.21 3.17 0.74
-0.14 0.03 1.20  -93.00 0.18 19.90 1.28 0.01 -0.10 0.75  -78.18 -19.45 53.25 -7.66 0.18 -0.22 1.02  -9.83 -46.40 21.83 -13.52 0.03 -0.15 0.86  -2.90 -8.66 0.86 -10.93 3.18 0.63
-0.14 0.02 1.18  -163.95 15.70 43.79 1.16 -0.06 -0.27 0.82  -99.01 -15.16 59.92 -19.55 0.20 -0.30 1.21  8.89 -36.51 10.09 -16.60 0.01 -0.26 0.88  -11.26 7.45 12.52 -18.38 3.18 0.49
0.02 -0.07 1.07  -246.64 32.21 75.41 -3.72 -0.07 -0.37 0.92  -117.72 -14.68 61.12 -26.11 0.10 -0.22 1.28  46.40 9.72 16.94 -12.90 -0.08 -0.15 0.87  -7.90 -8.63 8.98 -13.38 3.16 0.38
-0.00 -0.45 0.98  -246.64 115.80 142.96 -25.60 0.27 -0.25 0.79  -113.21 -8.43 51.38 -22.72 0.28 -0.12 1.12  79.35 27.62 23.37 -8.41 0.14 -0.02 1.01  -4.68 -22.74 20.06 -3.81 3.06 0.67
0.35 -0.99 1.55  -112.80 -38.00 52.89 -37.81 0.25 0.17 0.26  -86.91 4.45 47.63 28.10 0.31 -0.13 0.65  86.03 41.52 6.57 -13.05 0.23 0.05 1.03  3.99 -5.67 23.07 1.87 1.45 0.41
0.16 -0.08 0.94  85.49 75.00 53.26 -12.29 0.14 0.19 0.55  -36.30 71.33 12.10 25.13 0.09 -0.19 0.59  68.58 89.91 5.04 -20.39 0.08 0.04 0.95  0.06 8.72 1.07 3.00 1.29 0.46
0.04 0.17 0.74  122.07 76.21 -7.98 10.92 -0.16 0.28 0.64  26.14 29.84 -15.91 29.03 0.08 -0.09 0.78  74.17 94.01 -13.62 -10.28 0.10 0.02 0.93  -2.98 1.14 -12.24 2.05 1.30 0.58
-0.19 0.19 0.87  158.79 0.72 -81.08 14.64 0.03 0.28 0.56  90.03 -2.03 -33.51 32.27 0.06 -0.00 0.71  76.82 107.26 -17.73 -1.94 0.13 0.00 0.93  -5.25 -0.34 -5.64 0.67 1.15 0.59
-0.39 0.03 1.02  190.71 -27.43 -79.96 4.63 -0.04 0.22 0.50  141.54 59.65 -47.91 30.40 -0.11 0.07 0.70  89.10 103.68 -10.01 5.22 0.07 0.01 0.91  2.21 1.17 5.54 0.71 1.09 0.54
-0.10 -0.14 1.09  203.10 -82.01 -78.55 -6.09 -0.25 0.06 0.46  186.56 47.49 -49.74 13.11 -0.20 0.17 0.81  69.09 44.70 -14.20 12.98 0.11 0.06 0.88  11.50 2.65 5.53 4.28 1.10 0.48
-0.45 -0.30 1.19  182.98 -31.94 -72.05 -15.42 -0.22 -0.04 0.40  212.63 11.65 -44.50 -2.33 -0.13 0.22 0.84  44.66 -6.86 -11.24 17.60 0.15 -0.00 0.84  3.84 5.12 -0.28 0.74 1.00 0.41
-0.42 -0.46 1.39  147.25 -27.70 -19.28 -21.15 -0.23 -0.09 0.39  229.80 -11.74 -51.10 -12.66 -0.02 0.15 0.81  21.63 -40.84 -7.33 14.33 0.14 -0.04 0.81  5.17 9.20 -1.27 -2.34 0.76 0.41
-0.28 -0.72 1.36  184.67 -74.10 -10.39 -31.93 -0.16 -0.11 0.47  228.64 -65.73 -71.61 -15.15 -0.02 0.14 0.94  29.28 -39.05 -6.94 11.28 0.12 -0.02 0.79  6.06 6.27 0.34 -1.61 0.83 0.48
-0.60 -0.72 0.86  149.64 -133.72 11.59 -46.11 -0.13 0.09 0.60  184.84 -62.85 -90.43 5.55 -0.03 0.18 1.43  8.90 -3.92 -15.56 9.51 0.12 -0.05 0.79  4.37 5.87 4.42 -3.96 0.84 0.55
-0.68 -1.03 0.33  87.55 -224.00 -34.61 -81.49 -0.05 0.45 0.70  79.34 -62.51 -54.95 34.07 -0.10 0.04 1.73  12.18 -4.84 -20.12 3.23 0.09 -0.09 0.79  4.56 -0.09 7.47 -7.04 0.90 0.12
-0.42 -0.82 0.33  -38.84 -51.48 1.08 -84.61 0.03 0.39 0.92  -54.11 -11.33 0.41 29.48 -0.09 -0.00 1.54  26.09 -3.14 -15.88 0.65 0.13 -0.03 0.76  0.21 -3.70 6.44 -3.94 0.98 3.13
-0.75 -0.64 1.39  -135.67 113.74 120.21 -41.80 0.10 -0.21 1.04  -92.22 142.48 29.36 -5.64 -0.22 -0.12 1.40  32.61 18.62 -4.85 -4.54 -0.04 -0.16 0.86  -21.69 -16.89 -8.53 -11.55 0.99 3.13
-0.29 -0.41 1.32  -53.21 88.59 77.05 -25.46 -0.21 -0.15 0.69  -112.73 12.46 11.57 -13.76 0.17 -0.06 0.90  -8.88 28.04 -13.66 -5.02 0.08 -0.22 0.87  -28.00 -30.73 -21.78 -16.66 0.82 3.13
-0.20 -0.18 1.17  -13.41 68.39 34.23 -14.05 -0.00 -0.09 0.54  -80.68 -15.01 6.91 -12.34 -0.05 0.22 0.51  -56.44 -49.93 -12.02 22.37 0.22 -0.13 0.99  -21.04 -1.21 -18.17 -11.04 2.21 3.16
-0.26 -0.05 1.15  -3.57 23.70 12.66 -5.17 0.17 -0.06 0.73  -48.85 -46.00 3.69 -7.52 0.34 -0.10 0.90  -88.15 -74.27 -9.72 -2.06 -0.03 -0.03 1.04  -7.08 14.97 -32.66 -3.64 2.81 3.16
-0.16 -0.03 1.09  -3.35 -1.63 5.10 -2.35 0.11 0.00 0.82  -41.55 14.29 9.04 -1.31 0.34 -0.01 0.96  -76.06 -24.54 7.86 -1.22 -0.06 -0.07 0.96  6.87 3.17 -22.66 -5.05 2.93 3.16
-0.14 -0.03 1.08  2.27 12.73 6.00 -1.93 0.19 0.01 0.80  -28.80 -34.35 8.85 0.47 0.28 -0.01 0.94  -79.89 -13.32 1.80 -1.16 -0.04 0.02 0.92  -3.64 6.28 3.65 0.51 3.03 3.13
-0.20 -0.01 1.09  3.60 11.54 3.91 -0.91 0.15 -0.00 0.84  -24.48 -5.91 13.71 -0.24 0.11 -0.02 0.95  -73.52 -44.26 7.31 -1.34 -0.11 0.03 0.87  -8.47 9.99 9.24 2.03 3.06 3.13
-0.17 -0.01 1.07  6.23 11.00 4.36 -0.95 0.13 0.05 0.91  -23.75 -28.35 12.68 3.23 0.15 0.02 0.97  -68.61 -82.85 19.55 0.76 -0.07 -0.05 0.84  0.54 4.01 2.33 -2.95 3.08 3.10
-0.19 0.00 1.09  8.85 12.05 6.47 -0.18 0.16 0.06 0.90  -30.67 -28.30 16.57 4.20 0.26 -0.05 0.94  -55.28 -54.21 9.15 -3.26 -0.03 0.03 0.80  14.50 -5.22 0.15 1.80 3.12 3.07
-0.22 0.00 1.10  5.88 8.90 7.12 0.02 0.11 0.03 0.82  -34.84 -20.91 19.82 2.78 0.20 0.02 0.89  -54.18 -31.11 5.04 0.69 -0.06 -0.01 0.73  13.94 -10.41 -0.90 -0.22 3.13 2.85
-0.18 0.01 1.09  1.69 1.79 8.33 0.69 0.12 0.04 0.84  -37.82 -22.08 23.56 2.96 0.16 0.02 0.95  -54.41 -27.60 10.21 1.18 -0.10 -0.05 0.74  12.35 -13.17 -1.14 -4.01 3.13 1.89
-0.22 0.03 1.13  -6.89 3.90 9.97 1.48 0.14 0.04 0.88  -48.72 -18.03 33.11 3.33 0.14 -0.06 0.98  -45.92 -39.41 16.46 -3.53 -0.05 -0.09 0.80  16.19 -15.59 -1.32 -7.19 3.16 0.65
-0.24 0.05 1.16  -27.58 -2.38 12.07 2.64 0.06 0.01 0.85  -63.52 -26.19 43.75 1.40 0.14 -0.11 0.94  -25.44 -44.44 14.00 -7.36 -0.03 -0.04 0.82  19.05 -13.08 0.31 -3.97 3.17 0.72
-0.18 0.01 1.18  -58.73 -0.36 19.40 0.94 -0.01 -0.04 0.75  -76.95 -18.74 52.92 -3.04 0.16 -0.09 0.92  -6.05 -50.74 18.94 -7.21 -0.08 0.01 0.69  1.61 -18.56 3.12 -0.22 3.18 0.58
-0.09 0.01 1.20  -102.91 9.22 27.72 0.76 0.02 -0.21 0.75  -93.08 -13.46 64.35 -16.51 0.25 -0.23 1.04  6.58 -49.09 18.84 -13.92 0.04 -0.27 0.84  -15.78 -6.47 15.10 -18.16 3.18 0.37
-0.09 0.06 1.20  -193.62 42.96 51.11 3.13 -0.05 -0.34 0.85  -112.11 -7.48 70.57 -25.37 0.21 -0.30 1.25  26.56 -23.50 7.25 -16.08 0.07 -0.24 0.91  -10.38 2.91 17.92 -18.61 3.18 0.22
0.07 -0.03 1.02  -246.64 87.20 93.97 -0.99 0.02 -0.35 0.93  -128.13 -2.54 64.87 -25.83 0.14 -0.20 1.22  59.98 27.26 15.34 -12.54 0.01 -0.09 0.94  -4.95 -14.30 12.52 -9.33 3.13 0.38
0.09 -1.08 1.30  -246.64 82.43 100.34 -40.14 0.24 0.02 0.36  -111.08 4.92 57.55 -1.54 0.32 -0.05 0.92  84.21 53.46 13.80 -5.20 0.14 0.09 1.00  -0.33 -20.63 20.40 3.13 2.31 0.42
0.21 -0.54 1.35  -25.18 27.07 23.37 -29.79 0.34 0.09 0.44  -70.66 41.39 40.20 11.72 0.16 -0.20 0.59  80.79 61.97 8.09 -19.75 0.22 0.01 0.99  2.12 -0.31 15.14 1.18 1.32 0.38
0.21 0.13 0.79  89.32 -9.90 -12.57 3.33 -0.04 0.23 0.61  -11.17 76.18 4.70 22.87 0.10 -0.16 0.68  68.83 95.73 -4.11 -16.78 0.15 0.00 0.93  -4.18 9.47 -4.75 0.34 1.14 0.43
-0.08 0.21 0.84  123.10 -27.52 -66.99 14.75 -0.11 0.31 0.61  55.06 18.26 -26.24 31.70 0.07 -0.01 0.75  75.68 122.25 -17.39 -4.31 0.13 0.02 0.92  -3.20 7.48 -11.36 1.16 1.10 0.44
-0.17 0.13 0.93  159.53 -46.42 -97.59 10.97 0.02 0.28 0.53  119.05 23.65 -45.02 34.00 -0.05 0.05 0.69  80.44 114.55 -5.08 3.20 0.10 0.01 0.91  -2.69 8.13 -4.44 1.04 1.00 0.47
-0.23 -0.06 1.06  198.33 -66.27 -96.10 -0.94 -0.12 0.16 0.49  168.46 36.81 -53.91 24.85 -0.18 0.15 0.76  70.61 58.52 -9.30 11.99 0.11 -0.02 0.89  9.03 12.60 5.07 -0.82 1.06 0.42
-0.12 -0.27 1.13  188.75 -34.61 -97.27 -13.32 -0.08 -0.00 0.41  202.99 31.59 -53.65 4.77 -0.17 0.19 0.82  49.72 -9.52 -19.10 15.67 0.13 0.02 0.84  14.60 12.91 2.59 1.34 1.04 0.34
-0.26 -0.38 1.27  167.07 -28.48 -75.16 -19.27 -0.17 -0.08 0.40  219.78 12.14 -48.15 -10.70 0.11 0.18 0.82  21.89 -29.64 -23.50 15.90 0.14 -0.04 0.82  7.79 17.41 0.30 -2.81 0.99 0.23
-0.14 -0.39 1.24  125.21 -53.76 -40.51 -21.20 -0.19 -0.16 0.48  230.88 -29.06 -60.51 -20.38 0.11 0.07 0.92  14.89 -7.77 -23.17 7.81 0.11 -0.03 0.81  13.19 17.02 1.18 -2.93 0.90 0.31
-0.19 -0.91 1.21  152.08 -21.04 -20.46 -40.89 -0.14 -0.02 0.55  201.55 -63.58 -89.43 -5.86 -0.02 0.11 1.22  27.47 10.25 -17.29 6.90 0.12 -0.03 0.81  12.79 18.28 3.98 -2.61 0.94 0.32
-0.59 -0.70 0.65  107.14 -152.99 -19.36 -55.47 -0.06 0.17 0.75  135.42 -54.84 -81.78 12.14 -0.09 0.12 1.57  10.65 27.55 -23.75 5.94 0.09 -0.04 0.82  11.21 14.07 2.88 -3.56 0.93 0.35
-0.72 -0.92 0.27  17.26 -54.24 -27.14 -84.94 0.02 0.54 0.78  15.54 -24.33 -31.15 37.12 -0.17 -0.05 1.61  25.66 31.71 -19.89 -0.68 0.08 -0.04 0.79  7.44 14.52 3.86 -3.76 0.89 0.00
-0.37 0.06 0.94  -78.22 43.18 21.44 -13.23 0.11 0.01 1.24  -85.09 15.10 21.67 7.97 -0.22 0.02 1.36  47.08 -8.42 -4.47 0.70 0.11 -0.03 0.78  -2.33 10.06 1.90 -3.18 0.81 3.13
-0.33 -0.49 1.26  -103.83 83.74 125.44 -23.90 -0.28 -0.07 0.88  -112.97 142.19 24.18 -2.96 -0.19 0.02 1.37  21.01 20.73 -12.28 1.00 -0.11 -0.20 0.87  -26.22 -11.09 -16.60 -13.46 0.92 3.13
-0.31 -0.38 1.25  -31.60 119.16 61.66 -21.70 -0.16 -0.06 0.55  -102.71 -5.21 9.54 -6.78 0.11 0.09 0.69  -10.12 -12.41 -15.04 7.97 0.15 -0.21 0.87  -28.24 -21.43 -20.15 -16.06 2.24 3.13
-0.25 -0.12 1.12  0.42 54.22 22.68 -10.43 -0.08 -0.13 0.61  -68.09 -29.83 3.13 -13.02 0.02 0.11 0.58  -68.92 -68.31 -12.59 12.53 0.13 -0.09 1.02  -21.20 4.94 -21.53 -8.55 2.88 3.16
-0.25 -0.03 1.13  2.66 6.96 7.18 -3.55 0.31 -0.03 0.75  -47.20 -21.65 2.32 -5.13 0.38 -0.11 0.94  -88.83 -64.53 -6.80 -4.12 -0.04 -0.02 1.05  -4.69 11.55 -35.11 -2.66 2.91 3.15
-0.16 -0.02 1.10  0.94 -9.40 3.12 -1.57 0.07 -0.01 0.83  -38.74 -5.26 6.38 -1.96 0.36 -0.01 0.99  -79.37 -15.15 3.32 -1.42 -0.05 -0.03 0.98  4.70 2.77 -20.79 -2.47 2.98 3.13
-0.20 -0.00 1.10  1.91 3.43 3.18 -0.35 0.29 0.01 0.81  -29.39 -29.50 9.03 0.56 0.20 -0.02 0.98  -77.06 -19.06 0.85 -1.77 -0.06 0.01 0.94  -2.19 6.57 1.98 -0.05 3.03 3.10
-0.20 0.00 1.10  -3.32 -0.46 3.24 -0.05 0.09 0.01 0.85  -26.67 -15.06 12.25 0.52 0.09 0.01 0.94  -70.60 -66.63 12.34 -0.13 -0.10 0.01 0.88  -5.85 8.12 2.09 0.84 3.08 2.96
-0.18 -0.01 1.08  -2.70 2.00 6.08 -0.72 0.17 0.05 0.87  -25.46 -39.52 11.78 3.47 0.18 -0.02 0.91  -61.11 -92.53 17.63 -1.44 -0.06 -0.03 0.85  0.85 1.94 -2.59 -1.59 3.10 2.60
-0.19 -0.01 1.09  -0.11 5.70 8.24 -0.90 0.18 0.07 0.85  -31.59 -32.96 14.63 5.22 0.32 -0.03 0.94  -50.63 -55.96 8.34 -2.26 -0.04 0.02 0.82  10.74 -7.46 -1.56 0.89 3.13 1.50
-0.26 -0.02 1.10  0.88 16.61 9.19 -1.02 0.13 0.05 0.81  -37.29 -18.16 17.76 4.81 0.26 -0.01 0.92  -39.05 -23.74 5.93 -1.17 -0.06 -0.00 0.76  8.25 -13.29 -0.13 -0.05 3.13 0.81
-0.19 -0.01 1.10  -5.07 -8.70 7.99 -0.59 0.11 0.04 0.81  -42.22 -17.58 23.17 3.42 0.14 -0.00 0.94  -39.00 -23.05 9.85 -0.37 -0.06 -0.06 0.78  9.09 -14.59 -0.71 -4.45 3.13 0.58
-0.24 0.00 1.12  -13.28 -1.43 8.16 -0.01 0.10 0.04 0.78  -48.87 -15.73 29.64 3.31 0.12 -0.03 0.89  -32.93 -36.83 15.45 -2.28 -0.02 -0.07 0.80  14.77 -17.44 -4.74 -6.12 3.17 0.57
-0.22 -0.01 1.12  -26.81 0.36 8.89 -0.67 0.04 0.02 0.71  -53.49 -17.98 33.63 1.83 0.13 -0.05 0.84  -25.73 -45.13 15.28 -3.89 0.00 -0.04 0.85  17.92 -16.05 -5.78 -3.95 3.17 0.53
-0.19 -0.02 1.13  -46.70 4.09 13.88 -1.33 0.07 0.01 0.71  -60.58 -12.98 40.45 1.28 0.21 -0.08 0.89  -18.06 -49.52 18.02 -5.82 -0.03 -0.02 0.73  8.19 -22.57 -4.78 -2.71 3.18 0.40
-0.16 -0.02 1.17  -74.31 7.70 20.13 -1.49 0.09 -0.04 0.69  -73.30 -13.39 50.56 -3.01 0.27 -0.11 1.00  -7.42 -41.97 16.44 -7.56 -0.04 -0.16 0.80  -5.33 -22.38 6.46 -11.88 3.18 0.28
-0.17 -0.01 1.18  -130.02 17.29 35.29 -0.78 -0.02 -0.20 0.77  -89.56 -16.84 58.99 -15.09 0.23 -0.23 1.17  7.90 -39.96 10.68 -12.68 0.09 -0.23 0.90  -17.33 -5.08 24.59 -16.88 3.18 0.16
-0.09 -0.01 1.15  -238.05 39.54 60.54 -0.71 -0.13 -0.42 0.88  -111.45 -16.73 62.25 -28.85 0.09 -0.29 1.37  34.62 7.78 12.29 -14.30 0.03 -0.13 0.90  -13.78 1.92 21.95 -11.63 3.17 0.12
0.04 -0.14 0.88  -246.64 137.67 105.21 -9.06 0.25 -0.35 0.93  -114.94 -27.15 55.09 -26.77 0.05 -0.17 1.46  76.35 -55.96 23.26 -9.23 0.04 -0.02 0.96  -4.54 -14.69 20.44 -3.31 3.03 0.42
-0.03 -1.33 1.53  -227.24 100.43 40.73 -42.97 0.32 0.22 0.17  -91.07 30.94 61.02 46.83 0.32 -0.13 0.70  101.97 31.77 7.94 -11.92 0.26 0.05 1.03  1.17 -8.44 25.18 2.20 1.44 0.33
-0.03 -0.44 1.10  49.32 -35.24 20.02 -30.63 0.28 0.16 0.40  -41.98 69.12 44.63 31.66 0.24 -0.27 0.60  76.17 77.60 -5.98 -26.45 0.24 -0.02 0.96  -0.59 19.55 9.57 -0.99 1.33 0.18
0.25 0.06 0.56  129.67 -35.38 -11.65 -0.05 -0.07 0.37 0.51  13.76 63.88 13.99 42.81 0.21 -0.13 0.75  76.14 118.27 -32.00 -15.39 0.11 -0.00 0.91  -4.23 20.58 -11.90 -0.47 1.12 0.29
-0.09 0.17 0.63  143.88 8.32 -68.21 14.73 -0.03 0.40 0.50  78.98 10.09 -15.52 47.38 0.04 0.00 0.69  81.79 134.65 -21.73 -2.70 0.10 -0.00 0.91  -5.34 16.34 -12.87 -0.38 1.08 0.37
-0.12 -0.01 0.78  170.11 -24.03 -96.08 2.43 0.06 0.35 0.45  132.84 40.71 -41.79 47.47 -0.17 0.08 0.70  81.27 99.81 -11.39 5.98 0.11 -0.04 0.90  1.65 18.69 -1.37 -2.61 1.07 0.39
-0.18 -0.25 0.93  196.93 -50.10 -95.46 -14.15 -0.06 0.20 0.40  174.25 60.87 -61.09 36.75 -0.23 0.15 0.76  59.86 38.97 -21.88 12.55 0.10 0.01 0.87  10.45 24.04 1.95 -0.04 1.04 0.39
-0.27 -0.44 0.98  177.73 -66.92 -94.62 -26.88 -0.21 0.06 0.32  198.77 43.75 -67.54 18.62 -0.10 0.23 0.82  38.88 -6.28 -25.15 18.54 0.08 0.00 0.83  6.16 20.77 -3.85 0.29 1.03 0.32
-0.53 -0.52 1.18  153.78 -81.16 -44.90 -28.90 -0.29 0.02 0.31  210.37 -31.84 -78.66 7.42 0.04 0.18 0.81  15.37 -9.80 -22.30 15.86 0.07 -0.03 0.82  8.53 20.24 -1.21 -2.20 0.94 0.18
-0.50 -0.68 1.24  160.42 -160.52 -2.34 -34.36 -0.29 -0.07 0.36  210.67 -102.50 -96.72 -8.96 0.03 0.14 0.98  2.81 -25.92 -20.20 11.40 0.09 -0.02 0.81  9.74 17.23 2.95 -1.87 0.90 0.18
-0.59 -0.74 0.92  132.02 -169.78 26.86 -45.49 -0.13 0.08 0.54  170.90 -133.79 -97.97 7.00 0.02 0.06 1.29  -9.54 -29.11 -19.12 5.13 0.07 -0.06 0.80  9.18 12.54 6.00 -4.33 0.92 0.23
-0.60 -0.72 0.72  60.54 -146.42 37.08 -54.18 0.03 0.21 0.73  91.80 -96.03 -62.68 17.53 0.05 0.02 1.55  12.28 -26.69 -20.96 1.70 0.04 -0.08 0.81  10.30 5.68 7.87 -6.63 0.91 0.25
-0.33 -0.81 0.59  5.31 -19.66 78.69 -64.64 0.05 0.29 0.80  2.97 -46.96 -17.14 23.36 -0.02 0.01 1.43  11.21 6.90 -17.33 0.83 0.03 -0.07 0.78  9.64 1.88 12.02 -6.15 0.72 0.19
0.05 0.19 1.05  -11.46 158.34 79.92 -2.79 0.06 -0.06 1.24  -54.17 -26.40 25.02 1.80 -0.14 0.07 1.23  20.64 37.97 -2.39 3.60 0.07 -0.02 0.81  2.36 -4.28 9.44 -2.93 0.69 3.08
-0.62 -0.48 1.26  -9.39 161.48 66.20 -21.34 0.00 -0.12 0.89  -78.26 97.67 23.42 -7.51 -0.23 -0.08 1.50  10.15 11.17 11.51 -2.37 -0.11 -0.18 0.91  -14.24 -23.70 -8.98 -11.77 2.37 3.12
-0.23 -0.17 1.28  8.03 49.26 21.54 -11.88 -0.03 0.01 0.65  -67.47 -4.66 26.47 -0.82 0.02 0.11 0.73  -19.53 -77.45 -4.59 7.89 0.14 -0.11 0.90  -17.37 -33.86 -11.95 -9.54 2.88 3.13
-0.33 -0.05 1.11  10.30 28.32 10.80 -5.13 0.05 -0.04 0.70  -38.04 -51.38 10.38 -3.10 0.18 0.11 0.70  -56.96 -121.21 1.46 10.33 0.10 -0.02 1.00  -14.63 -18.12 -9.99 -2.80 3.05 3.13
-0.28 -0.02 1.12  4.75 7.93 2.69 -2.19 0.28 0.03 0.80  -28.79 16.65 9.56 1.27 0.46 -0.12 0.95  -69.21 -77.10 7.34 -5.04 -0.19 -0.04 1.05  1.67 -25.61 -18.56 -2.50 3.08 3.13
-0.19 -0.02 1.09  -0.99 -13.23 1.37 -1.57 0.14 -0.01 0.85  -21.32 -22.14 7.99 -0.15 0.38 -0.05 1.00  -60.18 -23.45 5.94 -3.83 -0.14 -0.08 1.01  11.53 -41.92 -3.93 -4.87 3.10 3.13
-0.21 -0.02 1.09  0.04 -4.06 1.79 -1.43 0.31 0.05 0.83  -18.39 -12.09 12.20 3.13 0.18 -0.03 0.95  -41.24 -39.96 4.09 -2.68 -0.11 -0.03 0.98  12.43 -42.83 21.21 -2.61 3.12 3.13
-0.21 -0.02 1.09  -2.31 -9.33 1.30 -1.37 0.11 0.00 0.83  -14.42 -12.35 13.84 0.94 0.16 -0.01 0.91  -38.98 -69.13 12.47 -1.41 -0.14 -0.03 0.92  8.20 -46.82 25.43 -2.45 3.12 3.12
-0.20 -0.03 1.08  -0.22 -5.21 2.42 -1.86 0.20 0.05 0.84  -8.35 -25.99 12.85 3.48 0.21 -0.02 0.90  -36.32 -80.75 17.84 -1.77 -0.13 -0.02 0.89  12.35 -59.85 23.08 -1.67 3.13 3.12
-0.20 -0.03 1.08  2.40 -3.00 2.74 -1.76 0.16 0.04 0.86  -8.27 -19.94 14.89 3.05 0.25 -0.04 0.93  -27.86 -71.67 17.86 -2.97 -0.14 0.01 0.87  17.47 -77.28 26.42 0.53 3.13 3.12
-0.21 -0.02 1.08  4.09 -3.71 2.85 -1.64 0.15 0.04 0.85  -8.02 -26.28 15.89 3.48 0.23 -0.03 0.94  -18.99 -59.54 19.28 -2.61 -0.11 -0.00 0.82  14.55 -91.63 25.46 -0.05 3.13 3.12
-0.20 -0.02 1.09  3.40 -7.30 1.83 -1.12 0.13 0.03 0.86  -9.27 -31.18 19.86 2.62 0.20 -0.02 0.97  -17.35 -57.63 22.61 -1.65 -0.08 -0.04 0.83  12.33 -95.47 26.00 -2.74 3.13 3.12
-0.18 -0.02 1.08  3.51 -7.32 2.05 -1.17 0.15 0.04 0.84  -10.63 -39.20 24.38 3.20 0.21 -0.03 0.93  -19.05 -67.28 21.86 -2.12 -0.02 -0.02 0.85  11.34 -98.04 25.25 -1.87 3.13 3.11
-0.18 -0.01 1.08  4.27 -6.84 2.30 -0.95 0.17 0.04 0.85  -14.44 -40.87 29.42 3.06 0.25 -0.04 0.95  -12.82 -60.78 15.89 -2.57 -0.08 -0.02 0.84  2.73 -92.94 26.77 -1.47 3.13 3.08
-0.13 -0.01 1.07  5.65 -1.55 4.52 -0.97 0.13 0.05 0.86  -20.55 -43.77 37.28 4.14 0.24 0.01 0.99  -1.83 -65.69 17.22 -0.06 -0.17 0.02 0.75  -3.09 -100.73 32.49 1.33 3.12 3.07
-0.16 0.01 1.11  4.11 9.58 6.84 0.52 0.11 0.03 0.85  -28.78 -45.27 44.62 2.94 0.19 0.02 0.99  3.32 -96.13 20.41 1.28 -0.12 -0.10 0.90  -6.66 -111.80 39.11 -6.05 3.11 2.82
-0.08 0.07 1.14  -14.59 17.54 17.99 3.61 -0.04 -0.03 0.88  -41.12 -42.82 42.96 -1.71 0.08 -0.11 1.02  18.99 -126.12 13.86 -6.07 0.33 -0.16 1.00  -0.77 -103.20 56.36 -10.06 3.08 1.14
-0.04 0.05 1.15  -37.62 4.23 76.26 3.28 -0.06 -0.11 0.74  -49.42 -41.27 17.91 -8.58 -0.06 -0.22 0.95  39.75 -77.93 1.50 -14.08 0.09 -0.11 0.98  0.08 -93.98 56.81 -8.18 3.08 0.68
-0.15 -0.12 1.07  -30.24 -73.52 130.30 -5.67 -0.13 -0.05 0.57  -40.04 -82.96 -21.60 -7.09 -0.10 -0.20 0.83  58.75 -21.25 19.18 -16.35 -0.04 -0.02 0.89  -0.65 -109.18 38.80 -2.82 3.03 0.52
-0.12 -0.28 0.95  12.00 -137.23 173.04 -17.56 -0.14 0.10 0.51  -22.79 -140.88 -64.08 9.88 -0.25 -0.07 0.80  41.56 -74.32 35.67 -8.02 0.17 -0.05 0.87  -5.22 -127.15 31.37 -3.69 2.86 0.56
-0.09 -0.27 0.92  56.89 -157.89 178.18 -20.05 -0.11 0.20 0.48  -10.90 -195.64 -99.62 24.44 -0.32 0.02 0.72  31.85 -143.70 38.94 0.00 0.19 -0.02 0.83  -1.59 -126.09 31.52 -1.99 1.32 0.57
-0.30 -0.12 0.99  102.69 -172.30 215.16 -10.80 -0.25 0.17 0.58  -0.20 -230.89 -121.72 21.03 -0.27 0.11 0.65  18.53 -169.50 44.96 9.55 0.10 0.03 0.82  3.02 -126.70 30.27 1.74 1.12 0.56
-0.37 0.01 1.04  119.43 -181.66 250.22 -1.29 -0.26 0.17 0.59  17.91 -249.54 -138.34 20.02 -0.25 0.07 0.67  -0.92 -216.64 52.31 8.25 0.20 0.00 0.80  -5.41 -123.11 31.77 0.43 1.02 0.57
-0.30 -0.01 1.06  130.66 -192.42 250.22 -0.90 -0.11 0.14 0.61  27.30 -249.54 -145.53 16.65 -0.02 0.01 0.71  -15.05 -241.96 46.53 2.43 0.20 -0.07 0.79  -7.43 -119.97 34.79 -4.91 0.89 0.53
-0.16 -0.01 1.04  123.95 -165.12 250.22 -0.49 0.05 0.10 0.63  28.81 -249.54 -140.12 12.21 0.24 -0.05 0.78  -16.56 -218.40 36.57 -3.54 0.15 -0.08 0.81  -1.72 -122.25 39.03 -6.58 0.84 0.60
-0.19 0.01 1.09  102.52 -138.23 250.22 0.27 0.10 0.09 0.67  26.40 -249.54 -128.22 9.70 0.34 0.00 0.90  -14.70 -176.28 28.12 -0.72 0.19 -0.05 0.82  -3.27 -121.59 38.79 -5.09 0.83 0.63
-0.17 0.07 1.08  78.67 -122.50 250.22 4.01 0.12 0.09 0.69  25.86 -249.54 -107.90 9.60 0.31 0.06 1.03  -11.98 -161.83 27.55 3.33 0.22 -0.08 0.82  0.07 -120.41 39.73 -6.46 0.83 0.65
-0.23 0.13 1.11  60.64 -101.60 198.63 7.31 0.18 0.02 0.71  29.53 -216.80 -76.24 3.67 0.25 0.05 1.12  -13.66 -151.66 27.02 3.13 0.24 -0.05 0.83  2.74 -113.89 40.01 -4.97 0.81 0.63
-0.31 0.08 1.01  36.45 -81.91 129.96 6.16 0.19 0.14 0.74  23.92 -160.22 -43.46 11.82 0.24 0.06 1.17  -14.06 -132.80 16.80 3.68 0.24 -0.00 0.83  -0.03 -103.37 40.32 -1.28 0.78 0.53
0.42 -0.22 0.93  -32.22 -38.36 58.09 -11.83 0.37 0.09 0.77  16.93 -81.99 -14.09 9.08 0.10 0.05 1.16  -4.76 -114.90 11.15 3.10 0.21 0.03 0.78  -10.16 -94.96 37.89 2.01 2.14 1.85
-0.20 -0.13 1.18  3.46 16.40 15.25 -8.64 0.19 0.01 0.80  -2.04 17.52 -1.60 2.39 0.06 -0.04 1.11  7.76 -94.96 10.15 -1.38 0.15 -0.02 0.80  -19.24 -93.73 33.76 -1.42 2.85 2.86
-0.25 -0.05 1.14  11.45 4.54 5.94 -4.01 -0.02 0.02 0.71  -4.88 -33.36 -4.82 1.83 0.16 -0.03 1.12  0.63 -104.96 1.96 -1.76 0.13 -0.12 0.82  -24.17 -101.56 27.22 -8.39 3.02 3.01
-0.22 -0.04 1.10  9.06 -1.81 -0.30 -2.85 0.20 0.01 0.59  -1.19 -10.51 -5.32 0.91 0.21 -0.03 0.90  -18.49 -125.61 -5.09 -1.98 0.16 -0.14 0.86  -27.98 -107.85 24.19 -10.69 3.07 3.07
-0.26 -0.02 1.11  7.65 -4.71 -1.61 -1.43 -0.09 0.01 0.70  4.67 5.13 -9.92 1.35 0.17 0.01 0.85  -34.75 -103.33 -2.69 0.45 0.09 -0.10 0.91  -23.59 -94.83 15.50 -8.17 3.08 3.10
-0.21 -0.01 1.10  3.57 -9.49 -0.56 -0.84 0.14 0.04 0.71  8.48 -15.82 -14.50 3.13 0.33 -0.05 0.95  -31.72 -81.82 5.22 -3.04 0.04 -0.08 0.92  -8.27 -78.41 8.86 -6.63 3.10 3.12
-0.17 -0.01 1.09  2.78 -6.19 1.42 -0.91 0.21 0.05 0.72  8.88 -6.83 -7.96 4.30 0.41 -0.05 0.97  -25.66 -49.67 1.13 -3.83 -0.01 -0.11 0.90  -1.11 -72.93 12.51 -8.04 3.10 3.13
-0.18 -0.02 1.09  4.00 1.60 3.91 -1.09 0.14 0.04 0.73  10.48 -7.53 -1.74 3.67 0.22 -0.02 0.94  -12.63 -39.69 3.83 -2.05 -0.05 -0.13 0.87  2.96 -65.59 23.24 -10.38 3.12 3.13
-0.22 -0.01 1.10  2.20 3.97 3.64 -0.64 0.09 0.02 0.72  14.38 -19.78 1.02 2.03 0.10 0.00 0.88  -17.00 -79.35 13.07 -0.18 -0.07 -0.12 0.82  8.59 -62.16 27.32 -10.62 3.12 3.13
-0.22 -0.02 1.10  2.19 4.64 2.43 -0.98 0.10 0.03 0.76  17.44 -24.87 2.84 2.98 0.26 -0.01 0.89  -23.28 -95.64 17.44 -0.95 0.00 -0.10 0.82  17.99 -59.55 25.02 -8.88 3.12 3.13
-0.22 -0.01 1.09  5.23 3.03 2.34 -0.92 0.15 0.06 0.79  15.83 -22.22 4.12 4.83 0.35 -0.02 0.94  -16.69 -53.08 15.48 -1.15 0.02 -0.03 0.81  25.22 -57.39 21.42 -4.08 3.12 3.13
-0.17 -0.00 1.05  5.45 -16.99 1.63 -0.43 0.12 0.03 0.82  12.51 -10.22 8.44 3.34 0.28 -0.01 0.98  -18.35 -18.25 10.96 -1.01 0.00 -0.03 0.80  26.38 -55.14 18.06 -3.14 3.11 3.13
-0.22 -0.01 1.09  3.58 -2.42 0.03 -0.44 0.08 0.04 0.87  7.82 -14.14 13.87 3.55 0.09 0.03 1.04  -27.85 -22.77 14.47 1.68 0.00 -0.00 0.77  23.22 -48.59 17.25 -0.89 3.10 3.13
-0.23 0.00 1.10  2.73 -6.45 -1.17 0.12 0.09 0.06 0.98  -3.96 -32.16 21.04 4.00 0.05 -0.01 1.18  -42.50 -70.32 20.22 0.02 0.02 0.04 0.75  18.56 -43.53 12.95 3.25 3.10 3.13
-0.22 0.02 1.10  -2.02 -11.94 -3.02 0.90 0.14 0.10 1.05  -25.23 -34.82 32.28 6.09 0.17 -0.03 1.30  -36.25 -89.93 24.01 -1.21 0.00 0.09 0.72  3.07 -38.31 6.20 7.91 3.10 3.13
-0.16 0.04 1.11  -10.05 -12.79 1.28 2.07 0.18 0.10 1.05  -55.94 -28.83 42.83 6.52 0.30 -0.04 1.29  -7.32 -55.38 19.18 -2.12 0.03 -0.03 0.88  -22.24 -35.79 8.53 -0.43 3.11 2.88
-0.09 0.14 1.19  -39.96 -1.99 18.34 7.31 0.03 -0.07 1.01  -91.35 -13.29 49.41 -3.03 0.32 -0.17 1.18  41.19 -4.09 -1.04 -8.76 0.08 -0.10 0.97  -33.33 -25.01 24.93 -6.32 3.12 0.84
-0.09 0.05 1.29  -124.49 15.07 60.24 3.74 -0.21 -0.31 0.80  -120.29 -24.15 40.17 -21.79 0.04 -0.23 1.06  75.47 32.94 2.89 -13.87 -0.07 -0.15 0.95  -19.11 -33.47 22.64 -10.36 3.13 0.54
-0.04 -0.06 1.17  -202.98 28.76 94.08 -2.19 -0.04 -0.27 0.62  -124.38 -16.90 33.83 -28.18 -0.08 -0.21 1.05  68.43 53.59 12.87 -14.20 0.10 -0.09 0.96  -6.51 -41.00 15.05 -7.44 3.03 0.54
0.02 -0.39 1.36  -172.89 70.64 86.63 -16.68 0.18 0.05 0.42  -97.70 16.59 31.92 1.18 0.05 -0.22 0.83  65.37 50.30 13.01 -17.69 0.15 -0.02 0.92  -6.83 -34.45 15.69 -2.65 1.64 0.64
-0.18 0.25 1.23  -24.29 121.25 33.08 8.09 -0.09 0.11 0.66  -34.23 73.65 8.02 9.95 -0.12 -0.06 0.63  73.34 7.72 15.65 -8.97 0.16 -0.06 0.89  -10.56 -29.90 4.73 -4.41 1.09 0.57
-0.45 0.36 1.14  61.69 76.54 31.41 19.08 -0.37 0.19 0.76  44.83 -23.86 -23.67 16.37 -0.09 0.10 0.76  43.05 -18.36 9.71 5.85 0.20 -0.04 0.89  -13.82 -23.07 -4.59 -3.38 0.93 0.49
-0.54 0.26 1.14  127.11 -15.38 45.17 16.48 -0.18 0.15 0.69  107.73 -89.65 -43.23 15.56 0.03 0.12 0.83  32.53 -28.45 9.34 9.27 0.12 -0.03 0.87  -9.38 -19.46 -3.46 -2.95 0.84 0.45
-0.66 0.11 1.30  167.10 -78.22 39.63 8.06 0.00 0.07 0.63  153.84 -46.79 -54.37 9.83 0.04 0.13 0.84  27.34 -21.01 9.59 10.49 0.08 -0.03 0.85  1.01 -18.89 0.63 -2.28 0.75 0.42
-0.30 -0.00 1.16  161.06 -84.36 -11.11 1.50 -0.08 -0.07 0.64  175.82 15.54 -48.85 -3.99 0.01 0.11 0.94  24.61 -9.93 6.67 8.60 0.14 -0.05 0.83  1.71 -18.54 5.57 -3.58 0.81 0.34
-0.40 -0.12 1.26  106.20 -68.97 -51.75 -4.94 -0.17 -0.13 0.68  183.35 29.88 -38.61 -11.36 0.00 -0.05 1.15  58.82 2.14 5.99 -0.88 0.17 -0.05 0.82  6.85 -11.89 7.21 -4.07 0.78 0.26
-0.44 -0.46 1.29  71.95 -70.39 -30.95 -20.73 -0.20 -0.04 0.72  172.19 -15.72 -43.69 -5.13 -0.13 0.10 1.31  81.23 30.41 -1.27 4.26 0.14 -0.00 0.83  11.59 -8.76 2.63 -1.01 0.74 0.52
-0.56 -0.44 1.14  111.08 -101.26 6.73 -25.19 -0.14 0.04 0.81  147.09 -73.29 -60.32 2.25 -0.18 0.37 1.24  30.89 6.78 -0.06 17.64 0.15 -0.02 0.81  14.12 -6.99 0.57 -1.29 0.81 0.29
-0.62 -0.35 0.85  96.19 -190.69 25.26 -27.31 -0.11 0.19 0.95  110.86 -104.21 -61.41 11.78 -0.10 0.27 1.39  0.86 -48.69 -4.23 14.42 0.17 -0.06 0.78  11.97 -1.78 3.95 -4.77 0.80 0.29
-0.47 -0.42 0.56  54.41 -109.97 29.93 -42.22 0.10 0.37 1.00  39.28 -75.11 -33.54 22.64 0.02 0.25 1.51  -5.15 -43.97 -15.82 12.20 0.14 -0.06 0.76  9.47 2.46 6.12 -5.74 0.80 0.31
-0.50 -0.49 0.49  -16.87 -52.50 41.23 -52.97 0.02 0.35 0.90  -45.11 -11.32 -0.48 25.58 -0.02 0.29 1.47  -19.44 -25.19 -11.10 13.52 0.13 -0.05 0.72  4.64 1.29 4.47 -4.90 0.80 2.50
-0.08 1.22 1.23  -139.62 -35.44 70.02 34.08 0.35 -0.50 1.55  -62.10 34.91 24.12 -12.71 -0.04 -0.19 1.35  -30.66 -17.41 0.62 -5.20 0.11 -0.07 0.76  -5.42 -5.46 0.60 -6.30 0.73 3.12
0.13 -0.54 1.18  -79.83 125.37 104.10 -18.03 0.01 -0.02 1.03  -92.34 47.78 -0.71 -3.51 0.00 -0.19 1.64  -8.92 31.53 -24.66 -7.76 -0.05 -0.20 0.89  -26.95 -25.94 -16.40 -14.07 0.72 3.13
-0.31 -0.30 1.19  -27.60 73.74 45.70 -17.71 -0.19 -0.05 0.70  -86.59 -25.60 5.52 -4.96 -0.14 0.01 0.76  -9.34 15.83 -26.82 -0.78 0.14 -0.18 0.84  -23.15 -32.56 -16.64 -14.74 2.37 3.13
-0.31 -0.11 1.14  -5.44 23.55 16.74 -8.87 -0.02 -0.06 0.66  -57.72 -44.14 -4.96 -6.49 -0.08 0.21 0.59  -71.77 -96.48 -4.90 18.90 0.18 -0.08 0.96  -18.64 -4.18 -14.18 -7.46 2.85 3.13
-0.21 -0.05 1.10  0.51 -0.57 4.13 -4.13 0.24 -0.02 0.81  -38.92 -16.63 -3.03 -2.68 0.44 -0.10 0.92  -87.10 -77.34 4.38 -2.52 -0.04 0.00 1.03  -4.99 12.29 -27.18 -1.40 2.93 3.13
-0.16 -0.04 1.08  2.03 7.22 2.65 -2.72 0.20 0.02 0.89  -33.68 -5.99 2.02 0.68 0.46 -0.04 1.02  -69.74 -8.71 5.61 -2.87 -0.05 -0.05 0.98  10.67 4.82 -22.66 -3.40 3.02 3.13
-0.20 -0.02 1.09  2.11 9.87 3.12 -1.66 0.20 0.02 0.89  -31.73 -10.13 7.88 1.25 0.20 -0.01 0.99  -55.89 6.56 5.51 -1.04 -0.04 -0.01 0.93  3.86 5.76 -0.78 -1.00 3.07 3.13
-0.23 -0.02 1.09  -0.02 5.10 3.31 -1.47 0.10 0.00 0.86  -29.38 -9.80 10.23 0.41 0.05 -0.01 0.93  -54.31 -33.62 6.40 -1.08 -0.10 0.01 0.86  -4.03 8.58 5.34 0.50 3.08 3.12
-0.23 -0.03 1.09  -0.18 1.60 4.34 -1.78 0.12 0.03 0.86  -25.56 -29.74 10.54 1.85 0.12 -0.00 0.88  -55.26 -74.32 9.43 -0.51 -0.08 -0.06 0.85  0.88 5.84 -0.29 -4.15 3.10 3.08
-0.21 -0.04 1.08  3.39 3.65 6.08 -2.25 0.14 0.06 0.85  -27.25 -29.20 12.80 4.14 0.27 -0.02 0.88  -46.99 -60.40 10.09 -1.31 -0.02 0.01 0.82  8.99 0.24 0.97 0.10 3.12 3.03
-0.22 -0.02 1.09  5.36 5.98 6.50 -1.74 0.13 0.04 0.82  -29.42 -21.72 16.14 3.34 0.27 -0.02 0.89  -42.51 -29.57 4.03 -1.59 -0.04 -0.01 0.77  5.81 -6.17 -0.51 -0.48 3.13 2.96
-0.24 -0.02 1.09  4.51 2.16 6.51 -1.48 0.10 0.05 0.84  -32.20 -15.54 20.28 4.04 0.17 0.02 0.93  -43.02 -17.82 6.71 1.04 -0.05 -0.07 0.77  8.00 -5.73 -0.14 -5.03 3.13 2.81
-0.22 -0.01 1.10  2.10 3.61 7.17 -0.77 0.12 0.05 0.86  -38.86 -15.02 26.15 4.22 0.17 -0.02 0.96  -40.47 -23.95 16.47 -0.83 -0.03 -0.06 0.80  14.50 -4.83 -1.37 -5.04 3.13 1.86
-0.26 0.01 1.13  -6.82 2.50 7.70 0.46 0.09 0.02 0.84  -49.76 -13.10 35.28 2.46 0.16 -0.08 0.94  -32.30 -31.38 13.17 -5.12 -0.04 -0.03 0.86  14.18 -5.02 -1.67 -2.73 3.16 0.63
-0.27 0.03 1.16  -31.38 -10.33 8.64 1.66 0.02 -0.00 0.81  -60.49 -17.74 44.79 0.23 0.11 -0.08 0.92  -14.04 -47.73 15.26 -6.24 -0.03 -0.01 0.75  9.90 -9.64 -5.53 -0.94 3.17 0.53
-0.23 0.01 1.18  -62.86 -10.40 16.10 0.60 -0.02 -0.02 0.77  -74.20 -18.57 52.33 -1.53 0.15 -0.09 0.97  -0.44 -49.09 15.67 -6.34 -0.15 -0.10 0.76  -7.17 -15.27 -0.36 -7.56 3.17 0.37
-0.06 0.00 1.21  -115.76 1.53 28.26 0.11 -0.02 -0.24 0.78  -90.97 -11.41 64.46 -17.43 0.26 -0.22 1.12  14.78 -40.74 18.02 -12.15 0.07 -0.25 0.86  -25.66 0.68 18.44 -17.88 3.18 0.25
-0.10 0.06 1.20  -211.33 48.61 46.43 2.67 -0.05 -0.37 0.89  -113.62 1.67 75.20 -26.23 0.29 -0.27 1.29  39.58 11.96 8.02 -14.13 0.09 -0.20 0.90  -16.07 11.40 18.32 -16.10 3.17 0.12
0.12 -0.10 1.02  -246.64 95.87 87.73 -5.27 0.12 -0.40 0.91  -124.12 9.15 75.88 -29.16 0.30 -0.19 1.25  64.28 63.30 11.15 -11.52 0.01 -0.08 0.94  -5.52 -7.83 15.75 -8.01 3.12 0.34
0.06 -1.32 1.38  -246.64 139.91 74.70 -44.96 0.33 0.16 0.17  -102.67 52.60 77.75 36.46 0.36 -0.08 0.76  92.77 93.23 5.19 -7.94 0.14 0.08 1.00  -1.72 -12.61 22.49 2.77 1.98 0.52
-0.02 -0.45 1.18  -5.60 101.91 69.13 -29.92 0.21 0.14 0.39  -66.74 83.05 54.99 26.31 0.08 -0.22 0.53  76.44 88.33 -1.30 -24.02 0.25 -0.03 0.96  -2.44 9.56 14.76 -1.44 1.25 0.29
0.20 0.12 0.67  77.53 -15.71 17.34 4.33 -0.14 0.31 0.56  -3.96 49.03 17.02 34.33 0.05 -0.17 0.71  70.31 95.71 -17.85 -17.91 0.08 -0.02 0.90  -5.35 11.25 -3.97 -1.81 1.14 0.29
0.02 0.12 0.78  110.30 23.33 -65.62 9.94 -0.05 0.39 0.55  61.73 -2.66 -13.37 42.29 0.02 0.01 0.75  82.05 112.68 -18.49 -2.91 0.06 0.01 0.88  -3.79 0.24 -10.66 -0.04 1.02 0.37
-0.24 0.16 0.84  152.78 39.39 -85.20 12.66 0.07 0.35 0.54  120.24 42.58 -43.85 41.51 -0.13 0.10 0.71  81.09 93.62 -2.75 7.53 0.09 -0.01 0.88  1.07 0.17 -0.97 -0.74 1.03 0.39
-0.62 -0.08 1.15  194.78 -72.48 -83.33 -1.56 -0.18 0.19 0.52  173.36 64.11 -59.27 28.86 -0.26 0.21 0.75  63.15 30.13 -9.05 17.31 0.13 -0.01 0.85  11.48 6.30 6.74 -0.50 0.98 0.28
-0.43 -0.32 1.28  213.13 -31.74 -87.01 -14.32 -0.21 -0.03 0.46  220.15 24.75 -59.86 1.99 -0.12 0.20 0.79  28.94 -29.45 -19.10 17.95 0.08 0.01 0.81  9.12 3.68 2.92 0.59 0.96 0.17
-0.66 -0.51 1.36  208.38 6.02 -31.11 -23.21 -0.20 -0.16 0.40  242.96 -4.13 -53.02 -20.89 0.10 0.22 0.74  9.98 -26.34 -19.84 20.44 0.08 -0.04 0.79  10.87 5.09 3.21 -2.77 0.96 0.20
-0.51 -0.45 1.33  148.30 -72.67 8.41 -23.13 -0.29 -0.24 0.48  249.13 -42.48 -60.76 -30.92 0.03 0.07 0.95  1.77 -36.28 -16.44 8.20 0.12 -0.02 0.78  14.60 5.32 4.86 -1.72 0.77 0.35
-0.45 -1.23 1.05  162.68 -234.97 -39.92 -54.01 -0.23 0.04 0.51  212.93 -97.39 -91.85 -1.77 -0.03 0.12 1.46  18.32 -40.19 -3.69 6.54 0.13 0.01 0.80  7.91 8.30 6.18 0.48 0.76 0.16
-0.69 -1.08 0.19  87.52 -182.90 -63.53 -90.78 0.14 0.48 0.77  100.19 -51.48 -51.90 31.66 0.04 0.02 1.89  16.50 -0.06 -14.61 1.85 0.05 -0.04 0.83  2.65 3.62 4.86 -2.56 0.82 0.17
-0.87 -0.96 0.22  -20.90 -25.26 -4.60 -95.51 -0.05 0.49 0.71  -50.34 43.46 8.78 41.07 0.03 -0.02 1.62  31.58 46.06 -10.74 -0.42 0.12 -0.05 0.77  3.40 6.41 4.39 -4.56 0.91 3.01
0.25 -0.18 1.49  -153.81 -20.49 117.26 -26.23 0.17 -0.59 1.24  -83.03 88.64 31.80 -17.34 -0.17 -0.19 1.21  44.82 43.78 2.59 -9.15 0.09 -0.09 0.83  -10.64 -0.77 -4.05 -6.85 0.81 3.13
-0.08 -0.60 1.27  -53.51 150.17 101.11 -30.50 -0.18 -0.08 0.77  -108.00 33.24 5.27 -9.84 0.03 0.03 1.27  -3.62 34.49 -19.18 -0.35 -0.02 -0.26 0.88  -28.39 -16.77 -23.23 -18.05 0.70 3.13
-0.29 -0.21 1.16  -16.42 57.84 37.47 -16.19 -0.08 -0.06 0.52  -81.01 -47.99 7.35 -9.10 -0.19 0.19 0.60  -21.11 -31.58 -14.46 17.23 0.17 -0.21 0.89  -22.42 -6.86 -16.70 -17.19 2.60 3.16
-0.27 -0.10 1.12  -4.41 5.97 10.63 -8.28 -0.01 -0.08 0.69  -49.85 -20.47 0.09 -8.24 0.06 0.04 0.67  -77.25 -107.57 -6.04 6.67 0.08 -0.08 0.99  -13.98 10.76 -22.69 -8.22 2.88 3.16
-0.17 -0.05 1.08  -0.05 -14.54 2.32 -4.41 0.16 -0.02 0.83  -35.62 -4.07 -3.20 -3.04 0.51 -0.07 0.99  -83.49 -55.87 4.21 -2.88 -0.06 0.01 1.00  3.76 9.94 -34.00 -0.88 2.93 3.16
-0.10 -0.05 1.05  2.32 2.05 2.05 -3.53 0.22 0.02 0.86  -28.63 -19.75 -0.59 0.67 0.39 -0.02 1.02  -72.61 4.99 2.39 -1.58 -0.04 -0.03 0.94  11.89 4.62 -20.26 -2.20 3.00 3.16
-0.17 -0.03 1.07  3.19 8.50 1.85 -2.51 0.19 0.01 0.87  -26.46 -4.03 7.31 0.56 0.20 -0.01 1.01  -65.31 8.66 1.22 -1.00 -0.04 -0.02 0.90  6.05 13.27 0.37 -1.43 3.03 3.13
-0.17 -0.04 1.07  1.98 6.85 1.41 -2.41 0.12 0.02 0.86  -25.31 -8.53 8.83 1.22 0.10 0.01 0.97  -62.08 -26.52 8.05 0.25 -0.07 -0.00 0.84  3.22 17.36 -0.42 -0.34 3.03 3.13
-0.17 -0.04 1.07  4.23 6.02 2.58 -2.37 0.15 0.04 0.87  -24.61 -22.54 10.48 2.58 0.16 0.01 0.94  -59.15 -60.61 12.19 0.32 -0.05 -0.03 0.82  8.26 14.87 -3.44 -2.32 3.07 3.13
-0.19 -0.03 1.07  6.24 4.71 4.05 -2.08 0.12 0.05 0.85  -26.30 -19.02 13.15 3.62 0.25 -0.03 0.94  -55.90 -50.60 9.89 -1.62 -0.06 0.02 0.79  9.11 6.45 -0.65 1.22 3.08 3.13
-0.19 -0.02 1.08  5.35 1.50 3.99 -1.55 0.14 0.05 0.88  -31.00 -15.87 15.87 3.90 0.22 -0.02 0.97  -53.76 -28.61 7.60 -1.61 -0.07 0.00 0.75  4.55 -4.21 -3.90 0.63 3.10 3.10
-0.17 -0.02 1.07  6.36 2.38 5.86 -1.47 0.14 0.08 0.89  -39.85 -13.61 21.47 5.66 0.16 0.02 0.99  -43.17 -15.37 9.72 0.50 -0.04 -0.04 0.76  7.56 -8.94 -3.54 -2.78 3.12 3.02
-0.19 0.00 1.10  2.59 7.71 8.50 -0.19 0.12 0.04 0.84  -49.08 -15.52 28.67 3.85 0.14 -0.02 0.95  -36.15 -32.60 14.60 -1.04 -0.04 -0.07 0.80  10.02 -9.54 -2.54 -5.27 3.13 2.25
-0.21 0.02 1.13  -11.22 0.91 11.14 0.92 0.06 0.00 0.81  -56.31 -20.12 34.95 1.02 0.11 -0.08 0.89  -29.98 -45.01 15.29 -5.34 -0.01 -0.05 0.85  15.47 -11.73 -5.67 -4.38 3.16 0.76
-0.17 0.01 1.14  -35.15 1.93 17.86 0.62 0.06 0.02 0.76  -67.41 -16.28 43.15 1.41 0.18 -0.09 0.89  -9.01 -44.46 10.81 -6.79 -0.01 -0.00 0.72  5.79 -17.18 -6.64 -0.87 3.17 0.63
-0.15 -0.01 1.17  -64.12 7.73 29.02 -0.38 -0.00 -0.04 0.69  -78.10 -25.42 50.05 -3.20 0.19 -0.07 0.96  1.70 -51.69 12.70 -5.61 -0.17 -0.13 0.78  -13.25 -21.40 7.15 -9.87 3.18 0.44
-0.11 0.01 1.21  -120.30 9.03 40.59 0.17 -0.05 -0.24 0.75  -94.08 -19.04 61.09 -18.37 0.23 -0.22 1.13  12.69 -49.90 13.48 -12.23 0.08 -0.29 0.87  -23.95 -6.36 23.18 -20.19 3.18 0.31
-0.09 0.07 1.21  -221.89 22.47 67.45 3.42 -0.14 -0.46 0.87  -115.62 -15.65 64.44 -31.57 0.19 -0.33 1.31  38.15 -9.22 8.04 -16.51 0.09 -0.20 0.91  -13.48 4.51 20.89 -16.61 3.17 0.23
0.22 -0.07 0.91  -246.64 92.78 117.40 -3.86 0.23 -0.47 0.93  -122.42 -8.05 62.73 -33.00 0.29 -0.22 1.30  70.34 47.74 15.70 -12.88 0.02 -0.08 0.95  -5.52 -14.12 16.44 -8.11 3.08 0.47
0.19 -1.41 1.41  -246.64 76.94 69.18 -45.92 0.32 0.18 0.22  -94.32 45.22 66.25 33.16 0.35 -0.10 0.74  106.43 69.26 12.67 -10.05 0.16 0.07 1.00  -1.40 -12.57 22.97 2.40 1.69 0.52
0.04 -0.44 1.04  21.99 -0.16 37.48 -32.16 0.20 0.20 0.39  -46.54 59.71 47.60 33.43 0.09 -0.20 0.58  80.14 72.23 4.31 -20.91 0.26 -0.03 0.95  -0.97 11.98 12.35 -1.39 1.26 0.27
0.22 0.06 0.53  103.82 83.12 19.28 -0.33 -0.09 0.42 0.51  7.52 51.51 15.36 46.17 0.11 -0.14 0.70  69.55 85.05 -21.43 -15.04 0.12 -0.02 0.89  -2.51 19.33 -6.42 -1.73 1.09 0.35
-0.08 0.14 0.59  135.24 79.93 -58.34 12.89 -0.06 0.45 0.52  68.57 5.23 -15.33 50.09 0.05 0.04 0.71  77.42 99.59 -23.53 0.47 0.08 0.03 0.88  -2.74 15.52 -11.45 1.68 1.00 0.41
-0.28 0.08 0.77  159.65 -5.23 -93.79 8.86 0.08 0.43 0.48  123.21 49.76 -36.43 51.95 -0.07 0.14 0.68  74.63 93.07 -9.54 12.13 0.09 -0.00 0.88  2.26 15.98 -3.92 0.28 1.01 0.35
-0.61 -0.10 1.07  189.79 -94.72 -88.12 -3.67 -0.15 0.23 0.47  169.48 75.91 -44.66 37.03 -0.19 0.21 0.77  57.44 50.27 -15.47 17.37 0.12 -0.01 0.85  11.83 21.52 3.44 -0.53 1.00 0.28
-0.39 -0.40 1.05  178.74 -22.39 -93.26 -21.53 -0.20 0.05 0.39  205.38 38.00 -42.60 14.97 -0.10 0.21 0.85  29.92 -5.77 -23.56 17.54 0.08 0.01 0.80  4.63 18.65 1.23 0.61 0.90 0.21
-0.39 -0.53 1.20  164.98 -20.36 -46.92 -28.08 -0.19 -0.07 0.36  222.11 -9.65 -46.26 -7.23 0.07 0.18 0.81  7.51 -0.44 -22.41 15.79 0.08 -0.05 0.80  7.63 15.80 0.36 -3.62 0.91 0.23
-0.36 -0.70 1.29  167.15 -78.52 -14.31 -33.96 -0.19 -0.15 0.45  229.23 -57.32 -60.08 -19.44 0.00 0.09 0.92  -2.22 -13.64 -17.63 8.49 0.09 -0.04 0.80  12.76 13.37 3.70 -3.59 0.88 0.28
-0.29 -0.85 1.01  171.07 -112.48 -15.56 -46.64 -0.13 -0.04 0.59  203.06 -72.86 -83.95 -7.97 -0.03 0.11 1.25  4.05 -20.75 -11.14 6.66 0.09 -0.02 0.79  12.15 12.37 4.37 -2.07 0.96 0.28
-0.50 -0.76 0.67  118.71 -248.78 -40.94 -57.89 0.00 0.17 0.83  135.06 -77.09 -75.93 10.25 -0.03 0.06 1.62  -2.15 -15.27 -16.40 3.61 0.07 -0.07 0.81  10.14 6.31 4.63 -5.14 0.81 0.28
-0.61 -0.77 0.20  26.82 -44.31 -31.30 -87.18 0.11 0.52 0.92  14.46 4.51 -20.17 31.36 0.07 -0.09 1.69  5.70 32.24 -27.26 -2.40 0.04 -0.07 0.79  10.99 2.85 7.86 -6.22 0.74 0.35
-0.31 -0.48 0.58  -60.56 67.96 1.07 -56.70 -0.03 0.24 0.92  -90.63 44.94 13.04 20.92 -0.04 0.05 1.44  35.40 32.10 -11.06 1.57 0.14 -0.02 0.74  7.20 1.88 6.53 -2.80 0.85 3.10
-0.45 -0.48 1.46  -114.98 99.48 94.54 -29.62 0.23 -0.30 1.19  -80.56 110.94 23.16 -10.22 -0.18 -0.30 1.22  35.18 62.58 2.57 -13.33 0.02 -0.10 0.83  -10.06 -10.31 -7.85 -7.66 0.95 3.13
-0.22 -0.40 1.24  -51.18 119.39 86.22 -23.65 -0.17 -0.12 0.82  -102.20 29.60 8.98 -10.19 0.03 -0.04 1.17  -9.19 25.36 -15.66 -4.54 0.02 -0.19 0.84  -20.17 -22.64 -22.02 -14.38 0.90 3.13
-0.34 -0.20 1.16  -9.09 63.67 35.45 -14.74 -0.02 -0.08 0.58  -74.86 -34.99 5.44 -10.41 -0.20 0.26 0.53  -30.88 -55.55 -11.35 25.39 0.18 -0.15 0.91  -20.87 -10.37 -15.66 -12.10 2.95 3.15
-0.27 -0.10 1.10  2.19 18.03 11.70 -8.11 0.04 -0.05 0.73  -47.02 -39.35 -1.61 -6.26 0.23 -0.04 0.78  -82.98 -99.71 -5.05 2.30 0.02 -0.03 1.02  -10.64 9.13 -27.09 -4.06 3.05 3.16
-0.16 -0.06 1.07  2.53 -5.75 4.47 -5.00 0.20 -0.00 0.84  -37.46 8.78 1.62 -1.36 0.48 -0.05 0.96  -78.85 -30.36 7.01 -2.58 -0.07 -0.04 1.00  6.78 1.81 -30.20 -2.98 3.08 3.16
-0.15 -0.06 1.06  6.26 10.64 4.94 -4.04 0.21 0.02 0.85  -30.21 -21.25 4.27 1.12 0.33 -0.03 1.00  -68.75 -1.17 3.15 -2.29 -0.04 -0.03 0.96  7.05 -1.02 -8.00 -2.49 3.11 3.16
-0.20 -0.04 1.07  5.24 8.38 3.71 -3.08 0.19 0.01 0.85  -28.78 -5.12 11.15 0.82 0.13 -0.02 0.97  -62.66 -19.09 3.96 -1.59 -0.07 0.01 0.90  0.65 4.90 8.08 0.14 3.13 3.13
-0.20 -0.05 1.07  4.38 4.63 3.81 -3.29 0.10 0.02 0.84  -26.28 -16.38 11.89 1.61 0.10 0.02 0.91  -59.61 -71.94 12.45 0.71 -0.06 -0.03 0.85  -2.08 7.45 4.55 -2.27 3.13 3.13
-0.20 -0.05 1.07  7.08 5.70 5.14 -3.12 0.16 0.05 0.85  -24.79 -24.67 12.81 3.34 0.22 -0.00 0.88  -59.06 -80.41 15.68 -0.21 -0.06 -0.00 0.81  8.38 1.50 1.87 -0.48 3.13 3.12
-0.21 -0.03 1.08  9.01 6.24 4.72 -2.40 0.14 0.05 0.86  -29.09 -16.25 15.55 3.89 0.31 -0.03 0.96  -57.66 -39.89 8.42 -1.99 -0.06 0.02 0.78  10.37 -8.82 2.58 1.70 3.15 3.08
-0.22 -0.03 1.09  6.56 4.16 4.21 -1.81 0.11 0.05 0.87  -35.21 -15.41 18.83 3.74 0.19 -0.00 0.98  -51.69 -21.58 5.84 -0.69 -0.05 -0.02 0.74  8.91 -13.91 -0.30 -1.15 3.16 3.02
-0.20 -0.02 1.09  2.69 5.82 5.86 -1.20 0.14 0.06 0.88  -45.57 -15.11 25.27 4.71 0.15 -0.00 0.97  -43.46 -21.77 14.77 -0.47 -0.04 -0.03 0.78  10.08 -13.03 -1.72 -2.73 3.17 2.20
-0.24 0.00 1.12  -6.00 5.48 8.86 0.01 0.07 0.03 0.82  -56.44 -17.22 32.95 2.70 0.13 -0.07 0.89  -31.95 -36.87 12.89 -4.75 0.01 -0.05 0.85  9.49 -11.71 -2.24 -4.19 3.17 0.77
-0.25 0.02 1.15  -30.97 -6.22 9.28 0.74 0.05 0.01 0.77  -66.15 -19.84 41.37 1.02 0.12 -0.07 0.88  -14.26 -50.01 15.02 -5.79 -0.01 -0.00 0.77  7.45 -7.81 -3.86 -1.06 3.18 0.58
-0.14 -0.02 1.16  -62.44 -3.12 19.61 -0.82 -0.00 -0.02 0.77  -80.23 -22.85 48.61 -1.00 0.19 -0.11 0.98  -1.08 -58.75 15.20 -7.33 -0.14 -0.02 0.68  -12.08 -17.86 -2.04 -1.95 3.18 0.48
-0.09 0.01 1.21  -116.20 17.00 32.28 0.46 -0.01 -0.23 0.77  -102.35 -21.99 57.15 -16.89 0.29 -0.20 1.16  16.11 -45.06 13.51 -11.32 0.01 -0.25 0.83  -29.24 -11.85 14.09 -17.21 3.18 0.29
-0.11 0.07 1.22  -214.43 26.08 57.48 3.13 -0.05 -0.40 0.85  -126.83 -17.93 63.13 -28.86 0.22 -0.29 1.31  34.21 -15.27 2.72 -14.55 0.14 -0.20 0.89  -22.48 3.88 20.86 -16.06 3.18 0.16
0.11 -0.08 0.94  -246.64 79.93 108.76 -4.60 0.08 -0.51 0.94  -140.45 -10.89 58.22 -34.45 0.18 -0.22 1.27  67.44 44.51 14.75 -12.66 -0.02 -0.09 0.93  -14.86 -11.81 18.16 -8.61 3.12 0.46
0.30 -1.42 1.19  -246.64 46.02 98.74 -51.08 0.25 0.06 0.22  -111.36 -3.64 48.53 9.34 0.25 -0.15 0.80  109.40 59.17 18.09 -13.00 0.11 0.04 0.98  -4.59 -18.71 23.70 0.35 2.32 0.55
0.22 -0.46 1.10  0.50 -40.03 78.03 -33.08 0.21 0.15 0.37  -62.53 17.40 36.69 24.63 0.08 -0.27 0.56  88.47 43.23 10.85 -28.29 0.26 -0.08 0.95  -4.41 0.45 14.39 -4.55 1.35 0.22
0.29 0.06 0.58  102.06 63.10 21.46 -0.70 -0.04 0.40 0.50  1.27 38.69 4.40 43.55 0.13 -0.21 0.71  79.55 56.17 -17.73 -21.78 0.09 -0.06 0.87  -6.94 4.64 -3.86 -4.85 1.51 0.29
-0.11 0.20 0.64  123.31 32.18 -78.62 16.89 -0.06 0.48 0.53  70.34 11.26 -26.19 50.75 0.07 0.02 0.74  86.99 73.59 -24.76 -2.54 0.09 -0.02 0.86  -3.25 -2.85 -10.50 -2.24 1.53 0.32
-0.28 0.12 0.80  168.43 -16.36 -95.47 12.11 0.04 0.44 0.50  130.78 47.22 -58.21 51.46 -0.05 0.16 0.66  81.09 72.23 -7.48 13.04 0.13 -0.03 0.86  -3.88 1.61 -1.32 -2.40 1.44 0.29
-0.19 -0.07 0.97  202.30 -37.10 -76.14 -1.43 -0.24 0.26 0.47  186.67 59.68 -70.06 39.39 -0.13 0.23 0.70  60.76 45.51 -11.37 21.01 0.11 -0.01 0.83  8.22 10.70 6.32 -1.36 1.28 0.22
-0.42 -0.43 1.14  209.88 -67.89 -78.28 -20.56 -0.24 0.07 0.36  230.96 6.47 -68.91 19.05 -0.11 0.26 0.78  33.56 -7.62 -24.03 22.99 0.11 0.05 0.78  6.54 11.92 -0.24 3.31 1.25 0.18
-0.55 -0.72 1.31  213.62 -80.04 -45.14 -32.85 -0.19 -0.07 0.29  244.27 -20.70 -66.39 -9.73 0.04 0.31 0.78  -2.27 -13.84 -19.69 26.16 0.13 -0.08 0.76  2.91 14.33 1.13 -5.14 1.25 0.21
-0.42 -0.77 1.28  204.36 -102.52 -7.45 -37.48 -0.25 -0.20 0.39  246.30 -75.39 -69.17 -29.11 0.03 0.03 0.93  -19.76 -41.07 -21.48 7.33 0.10 -0.07 0.77  14.54 11.34 6.31 -6.46 1.22 0.25
-0.57 -0.98 0.97  175.66 -183.39 -1.21 -52.43 -0.08 -0.00 0.56  200.48 -81.46 -90.17 -5.73 0.05 0.04 1.40  0.27 -39.83 -14.27 3.28 0.10 -0.02 0.78  14.99 14.01 6.55 -2.75 1.30 0.27
-0.54 -0.83 0.25  71.63 -129.82 -52.64 -83.54 0.04 0.37 0.84  96.52 -30.64 -52.29 22.93 0.05 -0.01 1.84  6.44 -4.16 -15.37 0.40 0.06 -0.05 0.80  11.09 9.12 5.93 -4.28 1.14 0.27
-0.67 -0.79 0.31  -51.06 40.38 -42.43 -85.21 0.12 0.46 0.79  -47.83 64.83 5.08 34.78 0.06 -0.05 1.63  20.74 60.13 -19.00 -1.59 0.04 -0.06 0.74  11.09 4.11 7.47 -5.36 1.09 2.77
-0.22 0.68 1.64  -137.73 74.65 -5.37 5.34 0.12 -0.62 1.45  -75.81 109.09 34.38 -16.24 -0.06 -0.22 1.27  32.11 65.10 -1.34 -10.03 0.08 -0.08 0.77  4.28 -3.38 1.13 -6.79 1.10 3.13
-0.04 -0.57 1.20  -102.19 15.11 91.54 -24.32 -0.24 0.04 0.88  -90.26 47.61 5.89 -0.72 -0.24 0.11 1.30  3.41 56.88 -15.74 2.98 0.02 -0.18 0.85  -13.43 -13.10 -17.85 -13.38 1.03 3.13
-0.23 -0.38 1.17  -36.44 102.21 67.69 -22.65 -0.02 -0.05 0.64  -78.35 -26.79 4.12 -4.38 -0.07 0.11 0.81  -15.48 -18.80 -14.04 8.13 0.11 -0.13 0.90  -18.33 -12.15 -23.89 -11.13 2.62 3.16
-0.27 -0.17 1.12  -8.59 37.09 22.95 -13.21 -0.01 -0.07 0.72  -52.01 -34.17 -0.32 -6.16 0.06 0.08 0.73  -61.85 -88.28 -9.49 7.54 0.09 -0.08 0.99  -12.18 9.52 -26.80 -6.69 2.96 3.16
-0.20 -0.09 1.08  -0.49 4.30 5.97 -7.50 0.20 -0.02 0.83  -40.53 10.37 -2.48 -2.55 0.41 -0.06 0.94  -68.05 -48.66 4.56 -2.46 -0.07 -0.03 1.00  -0.21 10.49 -34.27 -2.95 2.98 3.16
-0.11 -0.07 1.04  0.82 2.93 2.90 -5.57 0.18 0.01 0.87  -32.10 -6.79 -0.36 0.09 0.38 -0.03 0.98  -63.14 5.82 2.44 -2.36 -0.09 -0.08 0.96  4.12 0.09 -21.40 -5.09 3.03 3.16
-0.17 -0.06 1.05  0.77 5.51 2.15 -4.58 0.19 -0.01 0.85  -26.09 -11.81 3.97 -0.40 0.16 -0.02 0.97  -53.56 4.31 -1.90 -2.01 -0.05 -0.05 0.92  1.10 1.01 1.79 -4.01 3.06 3.16
-0.17 -0.06 1.05  -2.27 -1.79 0.50 -4.19 0.13 -0.02 0.85  -19.23 -15.41 4.29 -1.21 0.07 -0.00 0.93  -54.92 -36.87 7.52 -0.61 -0.07 -0.04 0.87  2.35 4.68 6.97 -3.23 3.07 3.13
-0.14 -0.07 1.04  -2.25 -3.26 1.28 -4.51 0.15 0.03 0.88  -13.36 -30.88 4.58 1.52 0.18 -0.01 0.91  -54.26 -76.06 14.22 -0.99 -0.04 -0.05 0.85  7.33 2.33 1.57 -3.71 3.08 3.13
-0.15 -0.07 1.04  0.36 1.55 3.28 -4.75 0.19 0.05 0.89  -12.70 -32.46 6.85 3.63 0.29 -0.03 0.95  -50.21 -52.69 10.57 -2.05 -0.04 0.03 0.83  8.90 -2.00 0.95 1.66 3.11 3.12
-0.15 -0.07 1.04  2.18 0.99 4.12 -4.84 0.19 0.05 0.90  -16.97 -22.03 10.81 3.85 0.28 -0.04 1.00  -43.36 -25.30 6.68 -2.53 -0.08 0.01 0.81  1.85 -7.29 1.82 1.11 3.13 3.08
-0.15 -0.06 1.04  3.21 -0.36 4.89 -4.30 0.18 0.05 0.93  -25.25 -15.19 16.05 3.76 0.17 -0.03 1.00  -32.76 -19.39 6.79 -2.29 -0.03 -0.06 0.82  1.60 -9.15 0.70 -4.27 3.13 3.03
-0.14 -0.06 1.05  2.65 3.51 7.90 -4.14 0.13 0.05 0.88  -32.91 -18.22 20.31 3.80 0.11 -0.03 0.91  -22.37 -26.63 9.68 -2.15 0.03 -0.07 0.83  8.08 -3.10 -2.31 -5.91 3.13 2.76
-0.16 -0.06 1.05  1.76 7.02 10.24 -4.07 0.09 0.03 0.80  -35.98 -19.97 22.91 3.01 0.12 -0.01 0.85  -18.98 -36.85 11.04 -1.35 -0.01 -0.03 0.82  10.83 -1.13 -4.48 -3.12 3.16 1.56
-0.19 -0.05 1.07  -2.57 2.51 10.30 -3.59 0.08 0.03 0.81  -37.37 -23.63 25.54 2.90 0.16 -0.02 0.90  -17.89 -45.38 15.39 -1.83 -0.04 -0.02 0.79  7.19 -5.08 -5.24 -1.87 3.17 0.68
-0.19 -0.05 1.07  -10.91 -1.20 11.51 -3.32 0.10 0.05 0.83  -44.78 -16.97 31.18 3.85 0.23 -0.06 0.94  -10.32 -24.15 14.05 -3.76 -0.03 -0.02 0.76  2.74 -10.65 -7.08 -1.51 3.17 0.47
-0.17 -0.07 1.07  -22.20 0.47 13.08 -4.33 0.08 0.05 0.78  -56.04 -7.96 39.05 4.22 0.23 -0.02 0.97  1.44 -4.91 10.76 -1.89 -0.07 0.02 0.76  -5.75 -11.28 -7.65 1.15 3.17 0.32
-0.10 -0.05 1.12  -51.38 14.03 14.81 -3.25 0.08 -0.08 0.72  -67.82 1.36 48.29 -5.49 0.28 -0.12 0.95  13.61 -7.93 11.73 -7.56 0.13 -0.24 0.94  -11.54 3.07 5.52 -14.19 3.18 0.21
-0.14 -0.06 1.14  -90.45 23.40 25.46 -3.84 -0.12 -0.13 0.74  -76.94 -11.22 44.31 -10.75 0.08 -0.16 0.99  26.50 22.70 -4.95 -10.81 0.13 -0.16 0.92  -2.82 18.98 12.52 -12.58 3.17 0.20
-0.17 -0.12 1.10  -147.18 -5.55 43.84 -7.18 -0.20 -0.13 0.73  -92.16 -10.71 40.82 -12.30 -0.16 -0.06 1.04  37.50 32.64 7.25 -5.49 -0.09 -0.03 0.93  2.62 12.23 6.37 -4.21 3.16 0.18
-0.12 -0.27 0.97  -190.53 1.48 52.24 -16.83 -0.08 -0.05 0.57  -93.39 3.27 40.12 -7.30 -0.04 -0.10 0.91  53.03 17.77 34.11 -7.20 0.16 0.02 1.00  4.41 9.32 9.98 0.48 3.08 0.32
-0.01 -0.59 1.26  -117.25 2.14 26.99 -28.33 0.07 0.11 0.40  -69.94 20.99 46.57 14.43 0.11 -0.10 0.75  62.07 5.76 41.73 -9.00 0.31 -0.02 1.02  8.48 25.46 5.66 -1.14 1.68 0.34
-0.03 -0.14 1.02  17.50 35.12 9.50 -13.21 -0.07 0.17 0.54  -30.85 35.53 43.42 20.67 0.26 -0.09 0.73  45.11 26.55 19.66 -9.10 0.14 -0.02 0.96  8.02 34.61 -12.73 -1.29 1.33 0.29
0.02 0.08 0.79  51.31 52.31 -35.34 3.11 0.01 0.25 0.54  19.46 -5.32 36.18 28.58 0.30 -0.03 0.75  39.55 66.92 -1.35 -4.13 0.13 -0.03 0.94  7.66 32.56 -25.07 -1.81 1.24 0.32
0.04 0.03 0.73  69.62 73.13 -70.32 3.07 0.22 0.30 0.47  59.33 40.40 29.93 38.03 0.22 0.04 0.81  41.37 109.01 -8.83 2.39 0.15 -0.04 0.92  5.08 35.27 -19.02 -2.91 1.18 0.36
0.01 -0.09 0.73  75.29 118.00 -96.20 -6.47 0.10 0.27 0.42  85.29 104.04 35.35 39.70 0.17 0.06 0.87  34.66 128.52 -16.47 4.33 0.13 -0.01 0.92  9.51 40.88 -15.00 -0.92 1.17 0.34
-0.09 -0.37 0.82  73.45 129.29 -118.50 -25.41 0.02 0.19 0.38  96.67 113.30 43.70 34.23 0.11 0.01 0.91  32.17 131.59 -28.11 1.24 0.23 -0.00 0.92  6.83 52.24 -15.81 -0.41 1.08 0.29
-0.12 -0.48 0.79  64.46 75.80 -119.21 -36.38 0.08 0.17 0.35  87.30 124.55 51.79 32.89 0.10 0.01 0.99  28.67 122.28 -36.94 1.00 0.17 -0.03 0.92  2.46 67.69 -16.61 -1.77 1.09 0.31
-0.01 -0.42 0.78  38.30 93.12 -119.98 -35.59 0.05 0.17 0.36  70.43 144.08 55.90 32.17 0.12 -0.01 0.97  29.18 133.77 -36.69 -0.23 0.15 -0.02 0.90  7.10 77.25 -19.97 -1.46 0.97 0.29
-0.05 -0.38 0.83  17.84 123.79 -131.76 -31.81 0.01 0.16 0.40  58.93 148.07 57.32 27.90 0.13 -0.01 0.91  25.82 150.14 -37.14 -0.70 0.19 -0.03 0.89  5.05 90.12 -22.68 -2.22 0.94 0.29
-0.13 -0.29 0.88  9.87 100.48 -138.55 -24.37 0.02 0.13 0.44  52.67 150.22 55.90 22.30 0.11 -0.03 0.86  23.97 167.06 -36.62 -1.79 0.18 -0.07 0.88  5.21 105.33 -24.17 -5.19 0.95 0.26
-0.11 -0.23 0.94  -0.83 68.90 -143.69 -18.79 0.00 0.12 0.49  52.29 154.53 56.54 17.85 0.02 -0.02 0.84  22.33 156.68 -36.99 -1.70 0.14 -0.06 0.86  6.74 117.43 -29.36 -5.22 0.84 0.27
-0.11 -0.22 0.93  -6.09 74.76 -155.08 -17.26 -0.03 0.10 0.51  51.91 167.21 57.10 15.20 -0.02 -0.00 0.85  16.69 133.44 -38.78 -0.65 0.13 -0.06 0.84  8.57 123.70 -33.26 -5.04 0.87 0.27
-0.14 -0.24 0.92  -17.32 88.58 -165.42 -18.11 -0.12 0.10 0.53  48.81 170.36 54.92 13.87 -0.04 -0.01 0.86  9.53 131.91 -36.74 -0.46 0.12 -0.08 0.84  10.14 129.01 -33.14 -6.51 0.86 0.25
-0.13 -0.30 0.89  -38.02 69.20 -182.97 -22.23 -0.07 0.11 0.53  42.90 160.38 53.07 14.23 -0.04 -0.03 0.90  16.67 138.95 -34.25 -1.79 0.11 -0.06 0.85  11.47 131.53 -32.66 -5.61 0.93 0.19
-0.08 -0.37 0.80  -59.75 63.38 -185.39 -29.02 -0.05 0.15 0.49  29.00 169.64 49.69 19.68 -0.01 0.00 0.95  10.60 118.60 -33.79 -0.14 0.08 -0.03 0.84  10.10 130.46 -33.18 -3.45 0.96 0.18
-0.13 -0.38 0.76  -71.93 44.83 -169.49 -32.50 -0.10 0.17 0.47  14.14 161.49 41.76 23.58 -0.00 0.03 0.91  2.69 109.35 -37.13 1.93 0.10 -0.05 0.85  11.37 126.07 -32.36 -4.09 0.96 0.18
-0.18 -0.27 0.72  -69.81 27.48 -123.56 -27.29 -0.14 0.20 0.51  5.38 128.35 23.09 25.90 -0.05 0.06 0.80  -8.36 111.81 -36.48 4.40 0.11 -0.02 0.84  12.06 127.95 -31.46 -2.25 0.88 0.12
-0.50 -0.36 0.85  -40.47 18.97 -4.87 -28.68 -0.23 0.17 0.48  1.84 94.09 4.05 24.31 -0.12 0.08 0.80  -12.89 95.57 -31.55 6.58 0.07 -0.00 0.84  11.90 126.94 -27.85 -0.74 0.61 0.06
-0.26 -0.36 1.12  21.00 42.41 8.44 -23.74 -0.32 0.01 0.59  13.15 11.95 -11.87 5.47 -0.28 -0.11 0.82  -15.36 50.17 -21.78 -6.28 0.02 -0.05 0.89  11.04 120.37 -25.43 -3.26 2.71 2.55
-0.15 -0.04 1.17  36.91 30.96 -2.58 -6.80 -0.16 -0.19 0.78  15.80 -29.12 -23.80 -12.64 -0.22 -0.29 1.03  1.74 21.30 -8.63 -17.17 -0.11 -0.12 0.95  15.15 106.65 -32.15 -7.83 2.98 3.03
-0.22 -0.03 1.11  10.69 5.12 -3.84 -2.66 -0.17 0.00 0.75  16.83 20.10 -24.75 -2.24 0.08 -0.04 1.03  -6.60 31.81 -11.11 -5.51 -0.10 -0.07 0.95  24.82 84.74 -39.35 -5.69 3.03 3.07
-0.13 -0.05 1.05  3.30 -3.75 -4.04 -3.38 -0.04 0.03 0.76  19.56 6.81 -30.08 1.96 0.23 0.04 0.89  -14.89 54.14 -8.70 1.35 -0.02 -0.00 0.92  24.66 80.40 -35.31 -1.24 3.06 3.11
-0.16 -0.03 1.07  4.42 -2.10 -2.95 -2.55 0.01 0.04 0.88  18.00 13.59 -28.45 2.80 0.09 -0.00 1.07  -17.95 74.88 -12.30 0.20 -0.05 0.00 0.91  16.10 83.39 -31.30 0.02 3.07 3.13
-0.13 -0.03 1.06  -0.67 -6.39 -1.19 -2.17 0.10 0.04 0.92  8.91 22.62 -23.75 2.76 0.11 0.01 1.15  -13.18 68.33 -12.97 0.36 -0.06 0.01 0.91  11.57 86.94 -28.15 0.56 3.08 3.13
-0.11 -0.04 1.05  -1.15 -0.17 2.41 -2.69 0.15 0.03 0.86  1.79 23.71 -16.89 2.50 0.19 0.01 1.06  -7.12 50.17 -13.39 0.42 -0.06 0.02 0.90  6.90 89.65 -26.16 1.09 3.12 3.13
-0.16 -0.04 1.06  -0.06 3.96 3.64 -2.92 0.05 0.00 0.80  2.80 26.64 -10.44 0.57 0.13 0.01 0.95  -8.57 26.61 -10.53 0.68 -0.07 0.01 0.85  -3.66 94.81 -25.29 0.71 3.13 3.13
-0.19 -0.04 1.07  -1.09 1.46 2.88 -2.61 0.09 -0.00 0.82  7.47 16.41 -9.19 -0.18 0.10 0.03 0.94  -18.95 4.36 -2.83 2.16 -0.14 -0.03 0.83  -7.92 94.78 -30.85 -2.09 3.13 3.13
-0.16 -0.04 1.06  -1.97 6.87 3.10 -2.87 0.08 0.02 0.85  8.22 26.14 -6.50 1.42 0.29 -0.00 0.97  -36.93 12.58 2.93 0.29 -0.15 -0.03 0.84  -9.12 93.46 -34.28 -2.62 3.15 3.13
-0.18 -0.04 1.06  -4.15 2.55 2.24 -2.92 0.11 0.02 0.87  7.69 27.08 -2.73 1.88 0.28 -0.07 0.92  -30.79 57.00 -0.20 -4.55 -0.17 -0.00 0.84  -12.66 89.62 -32.37 -0.74 3.16 3.13
-0.16 -0.05 1.05  -4.94 0.28 1.47 -3.52 0.12 0.03 0.88  6.25 29.65 1.08 2.08 0.23 -0.05 0.86  -17.59 82.52 -2.46 -3.95 -0.22 -0.02 0.87  -12.96 83.25 -30.90 -1.80 3.17 3.12
-0.18 -0.06 1.06  -4.08 -0.17 0.90 -3.69 0.12 0.02 0.88  5.02 25.12 5.62 1.79 0.14 -0.07 0.85  -6.27 88.22 -1.37 -5.78 -0.21 -0.06 0.91  -8.91 80.52 -29.98 -4.18 3.17 3.11
-0.17 -0.06 1.05  -2.88 -1.27 0.99 -3.93 0.06 0.02 0.88  4.93 15.82 9.44 1.43 0.03 -0.03 0.81  0.69 70.33 2.57 -3.28 -0.18 -0.07 0.92  -0.87 78.87 -31.21 -4.99 3.17 3.10
-0.17 -0.06 1.05  -2.29 0.38 0.63 -3.87 0.09 0.02 0.86  6.12 19.01 12.47 1.45 0.07 -0.04 0.78  7.44 44.97 11.46 -3.71 -0.19 -0.04 0.90  8.53 78.64 -29.74 -3.55 3.17 3.10
-0.17 -0.06 1.05  -0.09 3.46 0.74 -4.06 0.06 0.01 0.85  10.38 10.52 13.92 1.00 0.13 -0.01 0.81  6.43 37.02 14.60 -1.47 -0.21 -0.02 0.88  12.89 73.10 -29.85 -2.14 3.17 3.10
-0.19 -0.06 1.06  -0.21 3.29 -0.24 -3.85 0.07 0.01 0.87  13.48 12.04 17.65 0.85 0.15 -0.04 0.84  11.15 40.97 17.46 -2.89 -0.20 0.02 0.83  11.56 63.74 -33.08 0.63 3.17 3.11
-0.17 -0.06 1.06  -0.86 0.98 -0.98 -3.91 0.08 0.01 0.90  16.67 0.66 21.81 0.79 0.18 -0.02 0.91  8.21 46.01 16.18 -1.95 -0.20 0.02 0.82  1.50 52.08 -37.10 1.72 3.16 3.12
-0.13 -0.06 1.05  -1.20 7.80 0.49 -4.12 0.13 0.02 0.94  15.81 10.87 27.11 1.20 0.19 -0.04 0.94  15.41 48.30 14.99 -2.55 -0.10 -0.11 0.90  -1.93 46.69 -29.57 -6.83 3.13 3.11
-0.14 -0.07 1.05  2.48 20.77 3.14 -4.80 0.03 0.05 1.02  8.70 14.42 29.92 2.96 0.01 -0.01 0.97  21.11 51.65 8.63 -0.92 -0.05 -0.07 0.88  -3.85 47.27 -13.69 -5.91 3.12 3.08
-0.10 -0.09 1.06  11.78 28.41 5.05 -5.61 0.06 0.07 1.11  -8.59 17.87 31.61 4.17 -0.07 -0.00 1.12  17.24 48.81 9.92 -0.29 -0.05 0.00 0.89  -1.98 39.78 -11.20 -0.90 3.05 3.03
0.07 -0.10 1.07  25.40 50.79 8.14 -6.69 0.11 0.03 1.06  -29.08 23.29 34.12 2.52 -0.08 -0.02 1.21  34.80 31.95 17.74 -1.10 0.08 -0.00 0.94  -5.15 33.04 -8.29 -0.28 2.73 2.57
0.06 -0.08 1.03  29.16 62.45 -39.97 -5.61 0.16 -0.08 0.87  -40.31 45.55 38.46 -4.64 -0.07 -0.09 1.01  47.37 25.02 21.13 -5.42 0.16 -0.01 0.96  -1.97 35.99 -7.21 -0.54 1.75 0.89
0.05 -0.07 0.99  -37.92 105.25 -160.08 -5.15 0.36 -0.10 0.73  -37.40 124.91 50.30 -8.48 0.12 -0.09 0.94  41.89 15.94 14.19 -6.69 0.12 -0.06 0.96  -4.15 36.14 -18.08 -3.64 1.62 0.62
-0.23 -0.09 1.11  -48.66 107.04 -185.14 -5.47 0.11 -0.00 0.64  -30.91 234.36 59.54 -1.77 0.37 -0.00 0.94  38.47 42.49 -6.56 -1.33 0.13 -0.07 0.93  -9.30 33.12 -25.77 -5.11 1.50 0.48
-0.18 0.01 1.04  -34.39 99.61 -172.39 -0.31 -0.18 0.04 0.72  -13.91 188.57 54.31 2.79 0.29 0.03 0.80  30.87 42.81 -22.75 1.87 0.13 -0.06 0.90  -8.08 32.08 -22.93 -5.00 1.37 0.44
-0.17 0.02 1.01  -29.89 111.87 -171.41 1.02 -0.05 0.08 0.75  1.61 146.91 39.89 6.29 -0.04 0.02 0.88  27.18 135.90 -25.19 1.66 0.12 -0.03 0.89  -7.17 33.56 -19.65 -2.86 1.25 0.42
-0.28 0.01 1.06  -24.75 105.87 -170.01 0.88 -0.04 0.05 0.73  10.09 176.36 35.77 5.34 -0.07 -0.00 0.89  36.32 175.49 -27.48 0.25 0.14 -0.05 0.90  -6.32 34.67 -16.93 -3.58 1.03 0.42
-0.36 -0.00 1.12  -19.69 89.90 -167.13 0.05 -0.20 0.02 0.72  18.73 173.42 35.70 2.78 -0.18 -0.00 0.91  35.31 170.20 -37.01 0.07 0.11 -0.06 0.89  -4.92 37.34 -13.14 -4.65 1.03 0.40
-0.40 -0.04 1.13  -12.53 63.64 -153.11 -1.92 -0.22 0.02 0.70  28.30 147.68 31.30 1.89 -0.32 -0.02 0.86  26.09 137.58 -37.91 -0.99 0.06 -0.05 0.88  -0.05 35.99 -12.23 -4.30 1.05 0.35
-0.42 -0.10 1.11  -3.25 29.79 -125.20 -5.36 -0.26 0.04 0.68  36.19 114.12 21.94 3.60 -0.33 0.03 0.90  22.46 79.80 -29.10 1.43 0.10 -0.05 0.86  3.03 33.19 -11.94 -4.38 1.04 0.36
-0.43 -0.14 1.07  7.37 7.27 -90.42 -8.33 -0.27 0.08 0.67  41.43 71.00 11.38 8.01 -0.23 0.07 0.99  17.70 41.49 -16.41 4.43 0.10 -0.02 0.84  0.08 34.27 -11.06 -2.47 1.03 0.31
-0.44 -0.16 1.01  17.75 -7.97 -49.62 -10.70 -0.25 0.11 0.67  40.42 27.72 -1.58 10.87 -0.15 0.07 0.99  7.05 25.80 -7.53 4.88 0.10 -0.02 0.84  -2.70 34.59 -9.76 -1.87 0.99 0.27
-0.41 -0.10 0.93  9.06 -49.26 -21.07 -8.39 -0.22 0.12 0.69  34.35 -3.00 -10.95 11.71 -0.11 0.07 0.99  4.55 11.05 -3.59 5.03 0.11 -0.03 0.83  -5.50 34.42 -7.51 -2.37 0.91 0.25
-0.26 -0.08 0.87  -21.45 -58.13 -9.79 -6.78 -0.13 0.13 0.72  26.83 -21.48 -15.20 12.80 -0.10 0.09 0.99  -1.15 0.26 -3.30 6.35 0.10 -0.02 0.81  -8.55 32.77 -3.42 -1.86 0.92 0.23
-0.32 -0.24 0.93  -53.80 77.08 50.20 -15.72 -0.12 0.11 0.73  16.42 -18.85 -12.69 11.15 -0.09 0.02 1.03  4.54 -24.72 0.34 2.52 0.07 -0.01 0.81  -11.55 28.60 1.19 -1.21 2.21 2.37
-0.33 -0.29 1.25  -15.41 24.72 12.51 -16.26 -0.19 -0.11 0.87  14.67 -49.67 -5.27 -4.67 -0.15 -0.05 1.02  -0.53 -29.98 4.99 -2.51 0.00 -0.08 0.84  -13.62 23.59 2.40 -5.58 2.57 3.01
-0.22 -0.06 1.16  -3.87 2.80 3.93 -6.25 0.03 -0.10 0.91  11.58 -45.51 -10.65 -6.91 -0.07 -0.09 1.11  -15.16 -57.73 10.26 -5.36 -0.05 -0.16 0.85  -9.17 10.76 -7.17 -11.57 2.76 3.03
-0.23 -0.05 1.09  -2.54 -8.34 -0.75 -4.05 -0.02 0.02          
                                           2
     
	 2
     (      ,iTj-10.61 -9.46 2.82 3.05
-0.20 -0.04 1.08  -0.63 -6.10 -1.32 -2.96 -0.03 0.01 0.96  2.78 -2.58 -9.02 0.49 0.11 0.03 1.05  -12.77 -3.03 -1.60 1.73 0.04 -0.07 0.85  2.14 -2.70 -4.06 -6.31 2.83 3.07
-0.21 -0.03 1.08  0.90 -3.32 -0.45 -2.30 -0.00 0.01 0.96  0.13 2.84 -9.04 0.64 0.03 0.00 1.08  -16.19 5.43 -4.86 0.46 0.03 -0.07 0.86  6.57 3.88 -0.74 -6.00 2.85 3.08
-0.22 -0.03 1.09  -0.22 -2.49 -0.18 -2.08 -0.00 0.00 0.96  -2.10 9.70 -7.50 0.20 0.01 0.00 1.04  -13.60 6.39 -4.51 0.10 0.01 -0.05 0.85  7.70 5.46 -2.21 -4.42 2.86 3.08
-0.22 -0.03 1.09  -1.53 -4.62 -0.91 -2.08 -0.05 0.00 0.97  -3.43 0.02 -7.23 0.08 -0.00 -0.00 1.05  -11.79 1.48 -2.85 -0.10 -0.01 -0.03 0.85  7.45 2.92 -3.09 -3.16 2.86 3.08
-0.21 -0.04 1.08  -1.22 -4.17 -0.69 -2.30 0.02 0.01 0.96  -4.98 -2.39 -6.72 0.85 0.04 -0.00 1.04  -8.03 -7.40 -2.30 -0.11 -0.00 -0.04 0.85  7.74 1.62 0.11 -3.03 2.88 3.08
-0.20 -0.03 1.08  -0.28 -1.54 0.28 -2.27 0.02 0.01 0.95  -6.81 4.71 -4.98 0.80 0.07 -0.01 1.02  -5.21 2.24 -4.35 -0.47 0.01 -0.04 0.84  7.53 1.33 1.75 -3.37 2.88 3.08
-0.21 -0.03 1.08  -0.17 -0.17 0.65 -2.22 -0.00 0.00 0.94  -7.07 2.13 -4.49 0.23 0.04 -0.00 1.01  -3.78 5.43 -4.63 -0.35 0.00 -0.04 0.84  5.62 -1.28 0.89 -3.46 2.90 3.08
-0.21 -0.04 1.08  0.35 0.24 0.86 -2.38 0.01 0.01 0.92  -6.43 2.97 -3.92 0.35 0.05 0.01 0.98  -5.06 5.55 -4.01 0.35 0.02 -0.03 0.85  2.57 -2.91 0.64 -2.67 2.91 3.08
-0.22 -0.04 1.08  0.67 0.23 0.79 -2.38 -0.00 0.00 0.92  -5.49 3.30 -3.21 0.22 0.04 -0.01 1.00  -5.77 1.17 -3.86 -0.39 0.02 -0.04 0.85  0.05 -1.84 1.24 -3.19 2.91 3.08
-0.21 -0.03 1.08  0.79 0.03 0.72 -2.14 0.01 0.01 0.93  -5.24 0.69 -2.78 0.35 0.04 -0.01 1.01  -5.79 -1.29 -2.97 -0.55 0.01 -0.04 0.85  -0.15 -2.31 1.42 -3.62 2.91 3.08
-0.21 -0.03 1.08  0.65 1.00 0.92 -2.15 0.02 0.01 0.93  -5.74 0.01 -2.20 0.57 0.05 -0.00 1.01  -3.48 -0.88 -2.92 -0.36 0.01 -0.04 0.85  -0.72 -3.67 1.13 -3.61 2.92 3.08
-0.22 -0.03 1.08  0.75 1.77 1.16 -2.13 0.01 0.01 0.92  -6.07 2.80 -1.38 0.56 0.05 -0.01 0.99  -2.60 0.91 -3.02 -0.54 0.02 -0.04 0.85  -1.66 -4.09 1.41 -3.60 2.93 3.08
-0.22 -0.03 1.08  0.25 0.14 0.80 -2.03 0.01 0.00 0.91  -5.83 0.36 -0.99 0.24 0.04 -0.01 0.99  -2.37 1.81 -2.81 -0.42 0.02 -0.05 0.85  -1.86 -2.86 2.01 -4.30 2.93 3.08
-0.21 -0.03 1.08  0.66 1.03 1.11 -2.16 0.02 0.01 0.90  -5.53 1.91 -0.90 0.46 0.05 -0.00 0.97  -3.08 -1.15 -2.19 -0.32 0.01 -0.05 0.85  -1.21 -3.65 1.93 -4.51 2.95 3.08
-0.22 -0.03 1.08  0.51 0.74 0.92 -2.10 0.00 -0.00 0.90  -4.61 0.53 -0.66 0.08 0.04 -0.01 0.98  -3.02 -1.83 -1.75 -0.61 0.01 -0.06 0.85  -0.29 -3.96 1.86 -4.88 2.96 3.08
-0.22 -0.03 1.08  0.04 0.23 0.67 -2.00 0.02 0.00 0.90  -4.30 -0.19 -0.72 0.13 0.05 -0.01 0.99  -3.67 -3.80 -1.09 -0.72 0.02 -0.05 0.85  0.60 -3.43 2.34 -4.56 2.96 3.10
-0.21 -0.03 1.08  0.03 0.08 0.65 -2.07 0.02 0.01 0.90  -3.91 -0.00 -0.46 0.39 0.06 -0.01 0.98  -3.37 -4.96 -1.17 -0.51 0.02 -0.05 0.85  0.33 -3.32 2.41 -4.15 2.96 3.10
-0.22 -0.03 1.08  0.43 0.65 0.89 -2.10 0.02 0.01 0.90  -3.78 0.54 -0.33 0.67 0.05 -0.01 0.98  -4.45 -2.39 -0.87 -0.49 0.02 -0.05 0.85  1.19 -3.03 1.97 -3.93 2.98 3.10
-0.22 -0.03 1.08  0.14 -0.24 0.79 -2.02 0.01 0.01 0.90  -4.07 1.15 0.05 0.56 0.05 -0.01 0.98  -3.80 -2.02 -0.46 -0.81 0.02 -0.04 0.86  1.57 -2.63 1.56 -3.77 2.98 3.10
-0.21 -0.03 1.08  -0.12 -0.24 1.01 -2.00 0.02 0.01 0.90  -4.22 0.49 0.12 0.55 0.05 -0.01 0.97  -2.89 -3.16 -0.31 -0.69 0.03 -0.04 0.86  1.39 -1.73 1.31 -3.75 2.98 3.08
-0.22 -0.03 1.08  0.31 0.64 1.27 -2.06 0.02 0.01 0.89  -3.81 0.80 0.24 0.60 0.06 -0.01 0.96  -3.24 -6.16 0.03 -0.68 0.02 -0.05 0.85  0.95 -0.93 1.01 -3.90 3.00 3.10
-0.22 -0.03 1.08  -0.15 -0.59 0.89 -2.06 0.01 0.01 0.89  -3.43 0.30 0.33 0.46 0.06 -0.01 0.96  -2.89 -2.77 -0.03 -0.92 0.02 -0.05 0.85  1.05 -0.57 0.32 -4.21 3.01 3.10
-0.21 -0.03 1.08  -0.09 -0.52 0.82 -2.11 0.02 0.01 0.88  -3.22 1.30 0.32 0.67 0.06 -0.01 0.96  -2.73 -0.52 -0.01 -0.70 0.02 -0.05 0.85  1.38 0.40 -0.18 -4.25 3.02 3.10
-0.22 -0.03 1.08  -0.15 0.19 0.91 -2.13 0.02 0.01 0.88  -2.84 1.90 0.43 0.63 0.06 -0.01 0.96  -2.81 1.69 -0.14 -0.80 0.02 -0.05 0.86  1.87 1.91 -0.34 -4.14 3.03 3.08
-0.22 -0.03 1.09  -0.17 -0.46 0.72 -2.13 0.01 0.01 0.88  -2.36 0.97 0.48 0.57 0.05 -0.01 0.96  -3.53 2.68 0.10 -0.84 0.02 -0.05 0.86  2.36 3.45 -0.82 -3.98 3.03 3.08
-0.21 -0.03 1.08  -0.09 -0.38 0.74 -2.08 0.02 0.01 0.89  -2.42 1.54 0.81 0.73 0.06 -0.01 0.96  -2.97 1.37 0.54 -0.78 0.02 -0.05 0.86  2.21 4.87 -1.34 -3.87 3.03 3.08
-0.21 -0.03 1.08  -0.28 -0.03 0.92 -2.12 0.02 0.01 0.88  -2.47 1.20 1.12 0.76 0.06 -0.01 0.96  -2.59 2.11 0.57 -1.05 0.02 -0.04 0.86  1.78 6.01 -1.60 -3.65 3.03 3.08
-0.21 -0.03 1.08  0.17 0.47 0.95 -2.10 0.02 0.01 0.88  -2.62 2.75 1.45 0.87 0.06 -0.01 0.95  -2.32 3.39 0.39 -0.85 0.02 -0.04 0.86  1.68 6.78 -1.62 -3.69 3.03 3.08
-0.22 -0.03 1.08  0.06 0.43 0.87 -2.19 0.01 0.01 0.88  -2.56 2.34 1.61 0.74 0.05 -0.01 0.95  -1.75 4.07 0.47 -0.98 0.02 -0.04 0.86  1.60 7.46 -2.01 -3.71 3.03 3.08
-0.21 -0.03 1.08  -0.05 0.63 0.89 -2.15 0.01 0.01 0.88  -2.46 2.06 1.67 0.75 0.05 -0.01 0.95  -1.67 3.37 0.43 -0.98 0.02 -0.04 0.86  1.31 7.72 -2.17 -3.49 3.03 3.08
-0.22 -0.03 1.08  0.06 0.89 0.98 -2.22 0.01 0.01 0.87  -2.20 1.75 1.73 0.87 0.05 -0.01 0.94  -1.93 1.87 0.41 -0.90 0.02 -0.04 0.86  0.67 7.61 -2.19 -3.47 3.03 3.08
-0.22 -0.03 1.08  0.25 0.37 0.99 -2.16 0.01 0.01 0.88  -2.19 1.45 1.84 0.82 0.05 -0.01 0.95  -1.44 2.42 0.46 -0.90 0.01 -0.05 0.86  0.57 7.51 -2.22 -3.76 3.03 3.08
-0.22 -0.03 1.08  0.15 0.38 1.05 -2.15 0.01 0.01 0.88  -2.46 1.80 1.85 0.85 0.05 -0.01 0.95  -0.64 3.01 0.51 -1.01 0.01 -0.04 0.86  0.46 6.94 -2.23 -3.73 3.06 3.08
-0.22 -0.03 1.08  -0.02 0.35 1.00 -2.17 0.01 0.01 0.87  -2.46 1.59 1.72 0.84 0.05 -0.01 0.94  -0.38 4.26 0.29 -1.05 0.01 -0.05 0.86  0.48 6.47 -2.08 -3.82 3.06 3.08
-0.22 -0.03 1.08  -0.03 0.24 0.94 -2.13 0.01 0.01 0.87  -2.30 1.88 1.74 0.81 0.04 -0.01 0.94  -0.27 3.41 0.17 -0.96 0.02 -0.05 0.86  0.29 6.36 -2.09 -3.83 3.06 3.08
-0.22 -0.03 1.08  0.13 0.35 0.95 -2.19 0.01 0.01 0.87  -1.87 1.04 1.55 0.81 0.04 -0.01 0.93  0.11 2.14 0.26 -0.96 0.01 -0.04 0.86  0.12 5.75 -2.12 -3.69 3.06 3.08
-0.22 -0.03 1.09  0.23 0.38 0.84 -2.14 0.00 0.01 0.87  -1.46 0.72 1.32 0.80 0.04 -0.01 0.94  -0.55 0.92 0.57 -0.97 0.01 -0.05 0.86  0.35 4.58 -2.01 -3.86 3.06 3.08
-0.22 -0.03 1.08  0.14 0.09 0.79 -2.14 0.00 0.01 0.87  -1.21 0.49 1.02 0.91 0.04 -0.01 0.94  -0.20 0.86 0.48 -0.90 0.01 -0.05 0.86  0.70 3.74 -1.79 -4.14 3.06 3.08
-0.22 -0.03 1.08  0.02 0.06 0.73 -2.16 0.01 0.01 0.87  -0.97 0.67 0.83 0.87 0.05 -0.01 0.94  -0.42 1.19 0.45 -1.00 0.02 -0.05 0.86  1.20 3.32 -1.64 -4.06 3.06 3.08
-0.22 -0.03 1.08  -0.09 0.06 0.70 -2.20 0.00 0.01 0.87  -0.62 0.65 0.55 0.77 0.04 -0.01 0.93  -0.66 1.91 0.20 -0.89 0.02 -0.05 0.86  1.02 3.06 -1.70 -3.92 3.06 3.08
-0.22 -0.03 1.08  -0.06 -0.34 0.52 -2.20 0.00 0.01 0.87  -0.12 0.35 0.23 0.86 0.04 -0.01 0.93  -0.98 1.37 0.28 -0.85 0.02 -0.05 0.86  1.02 2.86 -2.11 -3.88 3.06 3.08
-0.22 -0.03 1.08  -0.02 -0.17 0.50 -2.25 0.01 0.01 0.87  0.00 0.68 0.18 0.89 0.04 -0.01 0.94  -1.37 1.31 0.20 -0.86 0.02 -0.05 0.86  1.27 2.50 -1.89 -3.83 3.06 3.08
-0.22 -0.03 1.08  -0.07 0.06 0.60 -2.20 0.01 0.01 0.88  -0.30 0.77 0.21 0.87 0.04 -0.02 0.94  -1.13 0.78 0.08 -1.11 0.02 -0.05 0.86  1.19 1.84 -1.50 -3.88 3.06 3.08
-0.22 -0.03 1.08  0.03 -0.07 0.63 -2.15 0.01 0.01 0.88  -0.70 0.88 0.34 1.04 0.04 -0.01 0.94  0.29 0.81 0.12 -1.06 0.02 -0.04 0.86  1.15 1.32 -1.19 -3.73 3.06 3.08
-0.22 -0.03 1.08  -0.12 0.03 0.73 -2.19 0.00 0.01 0.87  -0.87 0.41 0.31 0.89 0.04 -0.01 0.94  0.45 0.45 0.34 -0.99 0.02 -0.04 0.86  1.09 0.88 -1.02 -3.68 3.06 3.08
-0.22 -0.03 1.08  0.01 -0.05 0.64 -2.17 0.01 0.01 0.87  -0.72 0.43 0.24 0.84 0.04 -0.01 0.93  0.05 -0.44 0.38 -1.01 0.02 -0.05 0.87  0.98 0.58 -0.94 -3.78 3.06 3.08
-0.22 -0.03 1.08  -0.00 -0.12 0.66 -2.16 0.01 0.01 0.87  -0.57 0.75 0.2