=~=~=~=~=~=~=~=~=~=~=~= PuTTY log 2021.09.22 18:49:46 =~=~=~=~=~=~=~=~=~=~=~=
0.01 0.01 1.01  -0.01 -0.00 0.67 0.54 0.01 0.00 0.99  0.65 -0.43 -0.34 0.19 0.01 0.00 0.98  -0.31 -1.16 -0.18 0.11 0.01 -0.01 1.04  0.61 1.66 -0.58 -0.45 2.51 3.02
0.02 0.01 1.01  -0.08 -0.05 0.73 0.55 0.01 0.00 0.99  0.40 -0.52 -0.47 0.18 0.01 0.00 0.99  -0.28 -0.90 -0.50 0.03 0.01 -0.00 1.04  -0.97 1.88 -0.87 -0.34 2.51 3.02
0.01 0.01 1.01  -0.07 -0.17 0.67 0.53 0.01 0.00 0.99  0.31 -0.13 -0.57 0.16 0.01 0.01 0.98  -0.54 -0.87 -0.86 0.47 0.00 -0.01 1.04  -1.82 1.56 -0.75 -0.58 2.51 3.02
0.01 0.01 1.01  -0.09 -0.25 0.58 0.57 0.02 0.00 0.99  0.55 0.28 -0.67 0.13 0.01 0.00 0.98  -1.18 0.14 -0.57 0.13 -0.00 -0.01 1.04  -1.44 0.27 -0.81 -0.86 2.51 3.02
0.01 0.01 1.01  -0.13 -0.18 0.49 0.52 0.02 0.00 0.99  0.39 0.61 -0.73 0.29 0.01 0.00 0.99  -1.04 0.92 -0.37 0.06 0.01 -0.02 1.04  -0.06 -0.30 -1.36 -1.18 2.49 3.02
0.02 0.01 1.01  -0.10 -0.13 0.55 0.56 0.02 0.00 0.99  -0.34 0.96 -0.70 0.30 0.01 0.00 0.99  -0.53 1.24 -0.24 0.11 0.01 -0.02 1.04  0.37 -0.46 -1.46 -1.12 2.50 3.02
0.02 0.01 1.01  -0.10 -0.06 0.61 0.52 0.02 0.00 0.99  -0.55 0.95 -0.56 0.29 0.01 0.00 0.98  -0.29 -0.25 -0.27 0.25 0.01 -0.01 1.03  0.71 -0.43 -1.13 -0.89 2.51 3.02
0.01 0.01 1.01  -0.05 -0.01 0.67 0.52 0.02 0.00 0.99  -0.48 0.45 -0.45 0.27 0.01 0.00 0.99  -0.44 -0.35 -0.27 0.21 0.01 -0.01 1.03  1.39 -0.04 -0.97 -0.75 2.51 3.02
0.02 0.01 1.01  -0.04 -0.04 0.66 0.58 0.02 0.00 0.99  -0.50 0.58 -0.34 0.23 0.01 0.00 0.99  -0.44 0.00 -0.31 0.17 0.02 -0.01 1.03  1.08 0.54 -0.71 -0.71 2.52 3.02
0.01 0.01 1.01  -0.11 -0.09 0.71 0.52 0.02 0.00 0.98  -0.26 0.38 -0.24 0.17 0.01 0.00 0.98  -0.24 -0.31 -0.28 0.24 0.01 -0.01 1.03  1.37 1.00 -0.71 -0.92 2.52 3.02
0.01 0.01 1.01  -0.07 -0.24 0.67 0.53 0.02 0.00 0.98  0.23 -0.14 -0.31 0.18 0.01 0.00 0.98  -1.08 -2.37 -0.28 0.34 0.01 -0.01 1.03  1.65 1.71 -0.61 -0.64 2.52 3.02
0.01 0.01 1.01  -0.01 -0.21 0.68 0.51 0.02 0.00 0.99  -0.04 -0.04 -0.32 0.25 0.01 0.00 0.99  -0.98 -2.88 -0.40 0.17 0.01 -0.01 1.03  0.98 2.40 -0.15 -0.55 2.53 3.02
0.02 0.01 1.01  0.02 -0.13 0.74 0.53 0.02 0.00 0.99  -0.48 0.32 -0.23 0.22 0.01 0.01 0.98  -0.32 -1.84 -0.41 0.34 0.01 -0.01 1.03  1.07 2.11 0.10 -0.83 2.54 3.02
0.01 0.01 1.01  0.05 -0.10 0.73 0.52 0.02 0.00 0.98  -0.50 0.81 -0.14 0.20 0.02 0.01 0.98  -0.68 -1.51 -0.27 0.40 0.00 -0.01 1.03  1.70 0.94 -0.20 -0.82 2.55 3.02
0.01 0.01 1.01  0.05 -0.12 0.71 0.54 0.02 0.00 0.99  -0.29 0.57 -0.11 0.20 0.01 0.00 0.98  -1.09 -1.42 -0.24 0.26 0.01 -0.01 1.03  1.53 0.11 -0.79 -0.53 2.55 3.02
0.02 0.01 1.01  0.05 0.01 0.72 0.59 0.02 0.00 0.99  -0.49 0.51 -0.11 0.28 0.01 0.00 0.98  -0.83 -0.86 -0.20 0.20 0.01 -0.01 1.03  1.33 -0.25 -0.77 -0.71 2.55 3.02
0.01 0.01 1.01  -0.03 0.03 0.71 0.54 0.02 0.00 0.98  -0.56 0.64 -0.10 0.23 0.01 0.00 0.98  -0.53 -0.15 -0.23 0.29 0.01 -0.01 1.03  1.60 -0.28 -0.56 -0.71 2.57 3.02
0.02 0.01 1.01  -0.02 0.09 0.68 0.52 0.02 0.00 0.98  -0.21 0.35 -0.12 0.27 0.01 0.00 0.97  -0.80 0.03 -0.27 0.31 0.01 -0.01 1.03  1.46 -0.28 -0.86 -0.61 2.57 3.02
0.02 0.01 1.01  -0.03 0.11 0.69 0.56 0.02 0.00 0.99  -0.01 -0.08 -0.22 0.26 0.01 0.00 0.98  -0.60 -0.05 -0.11 0.19 0.01 -0.01 1.03  0.94 -0.22 -0.95 -0.58 2.57 3.02
0.01 0.01 1.01  -0.02 0.16 0.68 0.51 0.02 0.00 0.99  -0.02 -0.21 -0.31 0.27 0.01 0.00 0.98  -0.38 0.41 -0.03 0.32 0.01 -0.01 1.03  0.58 0.07 -0.94 -0.53 2.57 3.02
0.02 0.01 1.01  -0.06 0.16 0.67 0.59 0.02 0.00 0.99  0.02 -0.13 -0.34 0.26 0.01 0.00 0.98  -0.14 0.92 -0.08 0.26 0.01 -0.01 1.03  0.15 -0.09 -0.74 -0.55 2.57 3.02
0.02 0.01 1.01  -0.04 0.21 0.65 0.56 0.02 0.00 0.98  0.18 -0.20 -0.34 0.30 0.01 0.01 0.98  -0.40 1.18 -0.07 0.39 0.01 -0.01 1.03  0.03 -0.12 -0.90 -0.55 2.56 3.02
0.01 0.01 1.01  -0.06 0.21 0.61 0.64 0.02 0.00 0.99  0.26 -0.48 -0.43 0.27 0.01 0.00 0.98  -0.37 1.25 -0.02 0.21 0.01 -0.01 1.03  -0.01 0.01 -1.03 -0.63 2.55 3.03
0.01 0.01 1.01  -0.38 -0.10 0.69 0.65 0.02 0.00 0.98  0.31 -1.64 -0.63 0.26 0.01 0.00 0.98  0.11 0.26 -0.15 0.17 0.02 -0.01 1.02  -0.45 0.17 -1.21 -0.42 2.52 3.03
0.02 0.01 1.01  -3.46 -1.92 0.33 0.64 0.04 0.01 1.01  -1.15 0.71 -0.51 0.63 0.02 0.00 0.99  0.54 0.54 0.11 0.16 0.01 0.02 1.02  -4.04 2.08 -1.33 0.98 2.27 3.02
0.03 0.00 1.01  -6.07 2.22 -0.03 0.13 0.02 0.02 1.03  -5.71 4.19 -1.08 1.04 0.02 -0.01 1.02  3.63 8.83 -1.40 -0.66 -0.01 0.04 1.03  -12.56 5.01 -0.64 2.53 1.81 3.01
-0.00 -0.00 1.01  -4.83 2.43 -0.81 -0.09 -0.02 0.00 0.99  -8.53 4.16 -2.77 0.46 -0.05 -0.01 1.02  5.47 12.30 -1.68 -0.43 -0.03 -0.02 1.04  -14.29 4.48 2.78 -0.61 1.31 3.00
0.00 0.00 0.99  -1.89 -1.47 -0.58 0.20 -0.01 -0.01 0.95  -6.89 1.07 -3.31 -0.73 -0.02 0.02 1.00  2.40 1.63 -1.34 0.98 -0.05 -0.06 1.03  -6.21 2.88 3.04 -3.54 1.34 3.01
-0.00 -0.00 1.00  1.19 -4.65 1.02 0.02 -0.01 -0.01 0.94  -1.51 0.87 -2.91 -0.74 -0.01 0.01 0.98  -5.19 -4.34 -2.99 0.96 -0.04 -0.04 1.03  1.89 -1.36 -0.03 -2.85 2.01 3.02
0.03 -0.00 1.00  3.76 -7.65 1.32 -0.03 0.04 0.01 0.96  0.22 1.18 -3.88 0.20 0.01 0.00 0.99  -8.33 -8.49 -2.03 0.35 -0.00 -0.01 1.03  3.73 -2.87 -4.35 -0.88 2.50 3.02
0.04 -0.00 1.00  3.35 -4.24 1.18 -0.14 0.05 0.01 0.96  -0.30 2.77 -4.28 0.75 0.05 0.02 0.97  -8.83 -9.10 -2.60 1.04 0.01 -0.01 1.03  2.74 -2.22 -4.60 -0.51 2.65 3.02
0.03 0.00 1.01  2.29 -0.97 0.50 -0.02 0.05 0.01 0.98  -1.12 3.87 -4.28 1.02 0.04 0.01 0.98  -9.47 -1.70 -3.67 0.53 0.02 0.00 1.05  0.32 -2.20 -1.18 0.13 2.69 3.02
0.03 0.01 1.00  1.65 0.02 0.07 0.31 0.03 0.01 0.98  -2.09 0.38 -4.43 0.84 0.03 -0.00 0.98  -7.04 3.53 -3.03 0.02 0.02 -0.00 1.06  -2.47 -2.80 0.29 -0.13 2.71 3.03
0.03 0.01 1.00  0.91 -0.15 0.13 0.41 0.05 0.01 0.96  -2.61 0.29 -3.89 0.78 0.04 0.01 0.95  -5.96 4.22 -2.60 0.62 0.02 -0.03 1.07  -4.87 -4.09 -0.90 -1.62 2.72 3.03
0.03 0.00 1.01  0.55 -0.58 0.03 0.36 0.05 0.01 0.95  -1.71 0.55 -3.48 0.63 0.03 0.01 0.94  -6.53 1.94 -1.82 0.74 0.03 -0.03 1.06  -2.56 -3.88 -2.01 -1.80 2.72 3.03
0.03 0.01 1.01  0.05 -0.95 -0.03 0.54 0.06 0.02 0.97  -1.66 1.89 -2.99 1.05 0.05 0.01 0.95  -6.15 0.78 -1.71 0.79 0.04 -0.03 1.05  -0.52 -4.20 -1.81 -1.78 2.71 3.03
0.03 0.01 1.01  -2.82 -1.20 -0.29 0.75 0.07 0.02 0.99  -3.96 6.72 -1.73 1.32 0.06 0.00 0.98  -4.82 3.95 -1.74 0.28 0.05 -0.02 1.05  -1.02 -3.21 -1.85 -1.62 2.62 3.03
0.06 -0.00 1.00  -6.04 1.71 -0.83 0.05 0.09 0.04 1.02  -7.75 6.35 -0.46 2.29 0.07 0.00 1.01  -0.52 8.97 -2.15 0.33 0.04 0.02 1.04  -4.93 0.98 0.04 0.65 2.35 3.03
0.03 0.00 1.00  -4.38 6.43 0.17 0.09 0.03 0.02 1.00  -14.25 3.46 -1.89 1.80 0.00 -0.01 1.02  5.09 16.69 -3.82 -0.63 0.01 0.00 1.05  -10.96 4.12 4.37 0.31 1.91 3.03
0.01 -0.00 1.01  -3.84 2.82 -0.80 -0.26 0.02 0.01 0.92  -15.42 4.97 -4.07 0.78 -0.05 0.01 0.96  5.07 8.58 -3.27 0.39 -0.03 -0.04 1.04  -8.58 6.97 6.20 -1.94 1.09 3.03
0.01 -0.01 1.00  -1.97 -0.03 -1.88 -0.59 0.02 0.01 0.89  -13.31 5.29 -6.37 0.63 -0.02 0.02 0.95  -1.67 0.26 -5.10 1.54 -0.06 -0.05 1.03  -4.77 8.09 4.34 -3.21 0.99 3.03
0.02 -0.01 0.99  0.90 -3.18 -3.63 -0.69 0.05 0.02 0.92  -12.15 11.04 -8.09 1.49 -0.01 0.02 0.96  -7.31 -5.41 -6.66 1.57 -0.03 -0.04 1.08  -4.65 10.22 0.71 -2.67 0.91 3.06
0.03 -0.00 0.99  4.06 -2.35 -3.95 -0.35 0.04 0.03 0.94  -13.60 16.40 -10.47 2.25 0.02 0.02 0.96  -9.82 0.30 -6.27 1.70 0.00 -0.08 1.11  -13.25 8.79 -7.06 -4.57 0.77 3.08
0.02 0.01 1.01  4.79 -3.96 -2.59 0.51 0.07 0.02 0.90  -13.31 5.43 -11.50 1.53 0.09 0.01 0.95  -4.39 9.52 -3.90 0.68 0.08 -0.06 1.10  -17.56 12.92 -19.56 -3.94 0.73 3.10
0.04 0.01 1.01  3.24 -4.04 -1.56 0.71 0.13 0.02 0.85  -9.06 -4.50 -8.08 1.56 0.13 0.04 0.92  -6.54 0.19 -4.68 2.48 0.06 0.04 1.06  -1.90 17.15 -11.70 1.47 0.75 3.12
0.05 0.01 1.01  1.01 -3.77 -1.01 0.83 0.15 0.03 0.88  -6.41 -3.54 -1.85 2.15 0.09 0.03 0.96  -8.83 -26.26 -2.93 2.12 0.07 0.08 1.05  9.78 14.52 3.46 4.55 0.87 3.11
0.06 0.01 1.00  0.75 -0.56 0.83 0.64 0.14 0.05 0.92  -6.47 -14.13 2.95 3.59 0.12 0.04 0.98  -6.60 -51.00 -0.04 2.71 0.09 0.02 1.02  7.25 10.69 15.46 2.10 0.95 3.11
0.04 0.01 1.00  2.26 2.48 2.40 0.53 0.10 0.05 0.91  -8.57 -17.79 5.20 3.94 0.13 0.04 0.96  -5.21 -41.80 1.38 2.68 0.14 -0.01 0.98  2.94 17.07 19.69 -0.16 0.90 3.10
0.02 0.01 1.00  3.83 1.62 2.49 0.64 0.06 0.04 0.89  -10.76 -19.75 5.34 3.33 0.05 0.03 0.96  -5.60 -28.11 3.26 2.34 0.15 0.03 0.92  -1.06 34.08 16.94 1.80 1.00 3.10
0.04 0.01 1.00  4.93 0.09 2.55 0.88 0.08 0.03 0.86  -12.46 -20.26 6.40 2.49 0.01 0.05 0.95  -11.18 -40.35 2.95 3.54 0.05 0.07 0.88  -11.62 41.85 16.46 5.10 1.03 3.10
0.03 0.02 1.00  5.89 -3.29 3.04 1.47 0.07 0.02 0.87  -13.05 -24.89 9.11 2.06 0.05 0.06 0.97  -23.79 -62.17 5.43 4.36 0.01 0.03 0.87  -17.64 39.36 17.67 3.15 1.02 3.10
0.06 0.04 1.00  3.02 -8.63 4.76 2.37 0.11 0.05 0.95  -19.24 -30.33 13.50 3.38 0.14 0.03 1.07  -29.12 -71.81 9.89 2.53 0.03 -0.05 0.88  -10.99 34.46 13.56 -2.94 1.04 3.08
0.05 0.04 1.02  -3.49 -8.71 8.13 2.84 0.10 0.04 1.00  -35.25 -26.78 19.48 3.19 0.15 0.02 1.15  -24.43 -66.59 17.24 1.36 0.04 -0.08 0.89  -0.19 24.94 8.36 -5.67 0.96 2.98
0.05 0.07 1.06  -19.37 -14.55 11.09 4.30 0.16 -0.03 0.97  -56.15 -32.76 27.82 -1.38 0.23 0.00 1.12  -24.80 -54.39 18.69 0.25 0.05 0.03 1.06  2.08 15.40 9.19 0.67 1.75 1.54
0.17 0.05 1.07  -66.35 -8.36 31.72 3.47 0.02 -0.09 0.97  -80.35 -24.07 33.51 -5.54 0.19 -0.16 1.07  -15.13 -21.73 17.88 -8.67 -0.05 0.04 1.07  22.39 -23.26 16.77 2.40 2.73 0.58
0.18 0.09 1.17  -146.27 10.39 63.02 5.26 -0.00 -0.30 1.00  -110.98 -27.96 36.76 -17.85 0.18 -0.33 1.35  17.19 25.32 17.52 -15.35 0.09 0.07 1.11  19.19 -33.27 3.76 4.28 2.93 0.24
0.25 0.07 1.16  -246.74 87.79 109.44 4.51 0.02 -0.42 1.17  -148.00 -25.49 42.17 -23.36 0.15 -0.38 1.41  70.18 69.36 16.85 -17.84 0.10 0.06 1.17  16.86 -15.76 -5.72 3.77 2.85 0.03
0.29 -0.91 1.72  -246.74 62.90 93.61 -27.30 0.14 -0.08 0.57  -153.73 -8.24 40.78 -12.62 -0.00 -0.15 1.03  101.21 58.01 6.03 -11.64 -0.07 -0.10 1.15  6.37 -9.78 2.11 -4.33 1.07 0.00
0.58 0.09 1.53  -41.86 27.25 19.73 -2.24 0.28 -0.04 0.68  -95.61 46.75 14.14 -5.82 -0.13 -0.28 0.54  105.66 65.24 1.27 -29.53 -0.05 -0.06 1.12  0.69 -29.45 3.30 -3.80 0.61 0.00
0.25 0.63 1.11  76.04 -0.65 -12.03 29.11 -0.17 0.13 0.80  11.48 22.55 -19.59 8.18 -0.02 -0.10 0.84  102.78 86.42 1.32 -12.40 -0.00 0.01 1.15  11.18 -22.73 -19.80 -0.23 0.39 0.00
0.08 0.49 1.00  144.31 -34.89 -64.44 31.95 0.03 0.22 0.68  115.84 4.19 -23.32 19.53 0.04 0.05 0.83  88.33 65.68 -7.20 1.19 0.00 -0.03 1.09  6.90 -8.54 -21.41 -1.81 0.34 0.00
0.05 0.01 1.05  173.76 -38.17 -107.70 7.27 -0.00 0.14 0.50  177.52 67.23 -15.11 19.88 -0.02 0.11 0.85  68.29 77.18 -13.80 8.00 -0.06 -0.10 1.03  -2.06 -10.31 -11.24 -5.89 0.45 0.00
0.02 -0.43 1.12  171.08 -19.35 -128.04 -19.28 -0.04 0.06 0.40  199.77 75.29 3.80 12.25 -0.05 0.16 1.03  59.49 81.26 -18.24 10.66 -0.08 -0.04 1.04  -4.71 -17.26 -10.38 -3.49 0.49 0.00
0.04 -0.57 0.94  140.12 -11.47 -115.53 -34.83 -0.07 0.08 0.37  193.36 78.20 9.79 14.51 -0.17 0.12 1.16  45.34 64.72 -14.58 8.35 -0.08 -0.02 1.02  -3.53 -15.84 -9.48 -1.65 0.51 0.00
-0.00 -0.66 0.84  85.02 -48.36 -78.40 -44.93 -0.16 0.08 0.41  176.37 45.87 -2.18 13.98 -0.29 0.16 1.17  27.60 51.74 -8.10 9.50 -0.07 -0.07 1.00  -5.87 -20.27 -12.23 -4.23 0.53 0.00
-0.14 -0.78 0.75  63.90 -74.52 -28.26 -55.21 -0.16 0.16 0.48  143.56 -6.77 -23.24 21.49 -0.28 0.14 1.26  25.10 31.82 -4.49 8.19 -0.06 -0.00 0.97  3.48 -15.83 -11.96 -1.09 0.52 0.00
-0.17 -0.75 0.57  18.66 -67.00 3.38 -63.57 -0.10 0.22 0.53  95.60 -29.46 -24.83 26.80 -0.25 0.13 1.31  8.73 -2.09 -11.32 7.22 -0.05 0.10 0.93  6.18 -12.44 -6.90 6.05 0.46 0.00
-0.07 -0.62 0.39  -19.03 -100.94 -17.24 -70.74 -0.12 0.18 0.61  46.54 -42.47 -21.04 21.71 -0.22 0.18 1.27  -23.12 -57.78 -16.92 9.52 -0.06 0.08 0.89  6.39 -4.43 -3.12 6.28 0.36 0.00
0.10 -1.08 0.90  -16.03 51.92 59.71 -64.27 0.26 0.01 0.81  -35.79 -32.68 -14.30 4.75 0.02 -0.01 1.52  -50.25 -62.41 -15.05 1.49 -0.04 0.07 1.05  8.68 5.52 -8.55 4.91 0.46 2.86
0.07 -0.31 1.11  -13.43 139.33 66.76 -28.38 -0.22 0.00 1.04  -63.91 51.55 -6.34 1.14 0.15 -0.23 1.34  -66.52 1.68 -31.70 -9.48 0.03 0.07 1.09  13.31 24.60 -19.51 4.76 0.38 3.01
0.05 -0.10 1.04  -4.69 69.12 22.81 -10.96 0.00 -0.04 0.93  -58.46 3.88 -10.54 -1.98 -0.32 0.23 0.93  -71.41 -20.79 -24.34 11.68 -0.10 -0.05 1.12  2.13 0.75 -13.48 -1.51 0.36 3.03
0.00 -0.03 1.02  -0.63 33.53 8.72 -3.98 0.01 -0.03 0.93  -52.34 9.89 -9.70 -2.31 0.20 -0.04 0.95  -80.42 -50.05 -9.07 -0.34 -0.02 -0.15 1.17  -3.19 -14.24 -24.40 -7.48 0.12 3.06
0.05 0.00 1.01  -1.26 15.09 5.07 -0.74 0.14 -0.00 0.96  -44.48 4.25 -6.47 -0.52 0.17 0.02 0.99  -68.98 -31.44 -9.57 1.22 0.13 -0.00 1.16  -5.46 -12.81 -21.37 -1.65 0.36 3.03
0.03 0.01 1.02  -6.81 3.91 6.10 0.62 0.10 -0.03 0.99  -39.03 -9.44 -2.96 -1.78 0.07 -0.03 1.02  -61.93 -37.72 -4.00 -1.48 0.12 0.01 1.12  6.66 -5.43 4.43 0.12 1.49 2.80
0.05 0.02 1.02  -18.93 -4.82 8.73 1.29 0.12 -0.03 1.01  -38.47 -20.19 0.88 -2.30 0.08 -0.07 1.04  -50.77 -62.77 -3.04 -4.08 0.13 -0.04 1.10  9.19 -2.39 14.14 -2.16 2.60 1.08
0.05 -0.02 1.00  -33.40 -6.51 11.98 -0.83 0.07 -0.00 0.96  -40.17 -26.63 4.34 -0.70 0.13 -0.02 0.97  -36.91 -54.22 -0.92 -2.25 0.11 -0.04 1.08  0.78 8.27 9.24 -2.79 2.85 0.23
0.06 -0.05 0.98  -42.59 -4.49 11.71 -3.39 0.13 0.00 0.89  -43.80 -15.36 5.58 -0.14 0.11 0.01 0.90  -29.16 -32.72 4.70 0.14 0.05 -0.07 1.05  3.05 14.12 1.67 -4.21 2.93 0.00
0.07 -0.09 0.95  -45.88 -0.20 15.05 -6.34 0.06 0.03 0.84  -41.52 -18.86 7.02 1.97 0.03 0.03 0.88  -26.91 -32.60 6.24 1.80 0.05 -0.04 1.00  1.65 13.72 -2.51 -2.93 2.98 0.00
0.05 -0.13 0.93  -46.79 1.53 19.08 -9.05 0.06 0.04 0.83  -39.02 -24.78 6.69 2.89 -0.01 0.01 0.90  -26.66 -50.98 8.86 1.20 0.07 0.00 0.95  -5.92 16.82 -2.99 -0.37 3.03 0.00
0.02 -0.15 0.92  -51.04 -0.20 18.42 -11.16 0.06 0.05 0.83  -40.35 -22.24 9.27 4.18 0.06 0.04 0.91  -21.93 -50.45 16.23 2.87 0.10 -0.03 0.95  -12.84 26.61 -7.55 -1.83 3.06 0.00
0.06 -0.18 0.89  -54.49 3.84 16.23 -13.42 0.11 0.06 0.82  -46.79 -7.34 14.22 4.92 0.14 0.05 0.94  -23.09 -46.35 19.98 3.48 0.03 -0.05 0.95  -9.39 28.07 -8.81 -3.62 3.06 0.00
0.05 -0.20 0.89  -64.52 4.71 27.33 -15.24 0.06 0.02 0.85  -53.27 -15.46 16.18 2.56 0.07 -0.03 0.99  -22.31 -36.99 16.68 -1.23 -0.04 -0.03 0.91  4.33 22.90 -6.95 -2.76 3.07 0.00
0.04 -0.21 0.88  -87.22 4.58 40.50 -16.64 0.04 0.03 0.95  -68.27 -28.52 18.61 2.05 0.03 -0.04 1.16  -11.99 -37.69 18.64 -2.15 0.06 0.05 0.87  11.21 26.01 -4.71 2.63 3.07 0.00
0.12 -0.19 0.91  -144.43 19.64 70.29 -15.11 0.09 -0.11 1.20  -101.04 -41.49 20.71 -4.98 0.25 -0.15 1.41  14.07 -28.51 15.37 -6.31 -0.06 0.19 0.99  2.36 25.30 17.94 11.12 3.06 0.00
0.04 -0.19 0.97  -246.74 63.59 131.17 -14.02 0.06 -0.27 1.21  -143.91 -73.79 9.43 -13.54 0.09 -0.10 1.58  57.24 47.07 7.47 -4.85 -0.17 -0.00 1.19  1.84 10.06 42.53 2.22 3.03 0.00
0.08 -1.06 1.58  -228.96 10.34 100.86 -36.86 0.12 -0.14 0.47  -133.99 -76.56 22.91 -19.42 0.08 -0.20 0.79  103.79 13.22 3.68 -14.81 -0.07 -0.18 1.17  -5.96 0.54 54.60 -8.18 1.22 0.00
0.47 -0.22 1.34  36.04 -44.67 113.44 -16.80 0.13 -0.01 0.60  -57.98 -39.20 5.86 -5.24 0.05 -0.39 0.63  91.07 36.87 0.04 -34.43 0.03 0.12 1.16  2.26 -5.28 30.07 4.37 0.58 0.00
0.52 0.09 0.87  104.30 -23.17 -2.98 2.75 0.04 0.18 0.58  21.63 -25.09 -13.84 16.50 -0.07 -0.14 0.84  86.88 52.26 -4.98 -16.09 -0.14 0.08 1.14  5.01 -5.91 2.54 5.12 0.55 0.00
-0.02 -0.06 0.92  148.90 -37.13 -76.26 -3.03 -0.03 0.23 0.55  87.41 40.13 -31.65 26.15 -0.04 -0.08 0.89  81.30 67.34 -15.50 -8.03 -0.18 -0.07 1.09  -3.90 -9.26 -8.32 -2.78 0.49 0.00
-0.18 -0.22 0.92  185.09 -58.43 -81.18 -13.97 -0.25 0.15 0.51  140.82 27.76 -37.15 21.27 -0.02 0.07 0.86  74.42 109.62 -10.65 3.50 -0.03 -0.11 1.06  -1.03 -21.17 -16.82 -6.27 0.32 0.00
-0.08 -0.37 0.92  188.78 -34.13 -99.61 -24.28 0.01 0.15 0.48  167.60 40.08 -31.69 21.46 -0.12 0.11 1.05  62.06 88.87 -13.44 6.55 -0.04 -0.03 1.05  -6.58 -20.36 -9.98 -2.73 0.24 0.00
0.01 -0.36 0.94  172.88 -18.23 -128.16 -25.78 -0.03 0.08 0.47  179.60 103.82 -21.63 14.35 -0.20 0.15 1.04  37.07 41.36 -25.42 9.45 -0.04 -0.05 1.00  -7.58 -16.82 -8.41 -3.25 0.22 0.00
-0.06 -0.48 1.09  150.93 -32.31 -135.42 -29.06 -0.10 0.04 0.53  194.44 89.76 -13.70 7.12 -0.12 0.23 1.02  15.73 19.92 -23.31 14.57 -0.07 -0.05 0.98  -3.25 -20.33 -7.81 -3.66 0.20 0.00
-0.10 -0.51 0.98  132.34 -33.07 -96.57 -33.09 -0.15 -0.08 0.59  191.11 57.00 -14.26 -5.61 -0.10 0.18 1.15  -1.78 29.84 -15.75 11.93 -0.07 -0.02 0.98  -1.81 -19.61 -6.93 -2.00 0.16 0.00
-0.17 -0.73 0.76  51.24 -67.37 -72.02 -50.57 -0.16 0.08 0.70  158.43 18.77 -20.02 5.17 -0.16 0.03 1.36  -10.60 36.66 -10.07 3.56 -0.04 0.01 0.97  -1.86 -15.17 -9.01 0.33 0.16 0.00
-0.13 -0.88 0.46  10.39 -74.46 -54.83 -72.24 -0.11 0.21 0.80  89.13 -23.16 -21.70 15.57 -0.18 -0.03 1.44  -0.93 9.96 -12.04 -0.61 -0.02 0.03 0.97  -5.48 -12.09 -5.75 2.09 0.16 0.00
-0.24 -0.86 0.32  -25.57 -26.66 -0.15 -84.24 -0.04 0.28 0.79  0.66 -19.29 -14.92 22.58 -0.18 0.04 1.41  -3.73 11.40 -18.47 1.42 -0.02 0.03 0.91  -4.58 -8.46 -0.36 2.28 0.21 0.17
0.48 -0.98 1.39  -97.81 26.84 96.95 -52.17 0.20 -0.29 1.15  -50.27 -22.80 -3.92 -9.76 -0.20 -0.11 1.35  -17.67 -22.92 -5.72 -4.31 -0.01 0.12 1.06  2.95 -2.03 -10.13 6.96 0.50 2.83
0.06 -0.38 1.16  -24.79 102.96 59.45 -28.68 0.04 -0.10 1.00  -92.92 100.06 2.68 -7.52 0.26 -0.15 1.39  -24.38 -14.79 -18.34 -7.15 -0.01 0.13 1.15  17.18 14.78 -22.56 7.72 0.33 3.02
0.02 -0.12 1.06  -4.94 54.22 20.90 -12.06 -0.08 -0.05 0.89  -74.07 -23.78 -9.70 -4.64 -0.20 0.23 0.80  -43.18 -19.84 -24.65 14.72 -0.11 0.01 1.12  -2.90 -4.96 -15.53 1.79 0.35 3.07
0.00 -0.05 1.02  4.09 28.22 6.65 -5.02 0.03 -0.03 0.86  -58.43 26.00 -4.98 -3.29 0.17 0.06 0.87  -71.00 -33.03 -5.64 6.79 -0.02 -0.09 1.14  -4.93 -20.99 -21.76 -3.96 0.39 3.08
0.01 -0.01 1.02  4.02 8.42 -0.61 -1.41 0.06 -0.02 0.98  -42.55 7.28 -5.53 -1.88 0.09 -0.03 1.03  -70.52 -9.74 -8.21 -0.32 0.12 -0.06 1.12  -7.89 -13.94 -26.74 -4.05 0.32 3.10
0.07 0.00 1.00  1.17 3.71 -1.50 -0.16 0.17 0.03 1.02  -37.74 -2.03 -2.58 1.09 0.11 0.04 1.09  -65.47 -20.51 -9.39 2.05 0.07 -0.01 1.07  4.05 -3.03 -2.45 -1.46 0.27 3.11
0.07 0.01 0.99  -2.57 8.59 -1.40 0.40 0.15 0.02 1.04  -39.89 8.57 3.50 1.50 0.05 0.02 1.08  -59.64 -46.51 -7.76 1.63 0.08 -0.03 1.06  3.25 -6.89 15.21 -2.08 0.33 3.10
0.05 0.01 0.99  -0.79 11.53 2.07 0.53 0.10 0.03 1.01  -38.60 0.93 7.00 1.80 0.04 0.02 1.00  -48.75 -71.90 -1.60 1.64 0.09 -0.08 1.01  -0.75 -1.26 15.16 -4.91 0.43 3.08
0.02 0.01 1.00  0.84 6.51 4.34 0.46 0.09 0.02 0.97  -36.37 -23.35 6.44 1.70 0.09 0.02 0.98  -42.54 -65.55 2.49 1.20 0.11 -0.07 0.98  1.59 11.65 10.00 -5.01 0.50 3.08
0.02 0.01 1.00  0.75 0.42 5.94 0.51 0.03 0.01 0.96  -39.85 -9.20 7.11 1.16 0.07 0.02 0.98  -40.77 -59.30 3.61 1.27 0.13 -0.03 0.96  -1.52 20.61 5.52 -2.89 0.32 3.03
0.03 0.02 1.01  -3.12 -5.13 8.07 0.99 0.09 0.01 0.94  -41.28 -23.69 7.04 0.62 0.02 -0.00 0.96  -38.96 -63.78 5.90 0.19 0.13 -0.02 0.93  -10.49 29.60 7.53 -1.62 1.69 2.72
0.05 0.02 1.01  -15.03 -11.25 11.32 1.49 0.09 -0.01 0.92  -44.78 -26.98 8.89 -0.52 0.05 -0.04 0.93  -30.80 -60.64 12.69 -2.66 0.10 -0.02 0.92  -10.08 39.96 3.26 -1.70 2.76 1.07
0.06 0.00 1.03  -37.35 -8.43 15.19 0.34 0.09 -0.02 0.91  -53.98 -21.69 12.07 -1.65 0.11 -0.04 0.99  -26.86 -58.12 15.67 -3.05 0.04 -0.04 0.94  -3.68 46.34 -3.49 -2.48 2.93 0.24
0.08 -0.02 1.03  -66.74 0.80 24.52 -1.29 0.08 -0.01 0.95  -70.44 -16.74 16.39 -0.91 0.13 -0.07 1.06  -21.08 -46.22 17.84 -4.24 -0.04 -0.01 0.91  10.19 31.38 -1.69 -1.18 3.03 0.00
0.11 -0.00 1.06  -109.85 12.59 32.84 -0.42 0.16 -0.09 0.98  -94.52 -25.57 21.81 -5.53 0.18 -0.12 1.14  -8.86 -39.83 16.74 -6.78 0.00 0.13 1.00  15.93 22.97 3.08 7.31 3.07 0.00
0.17 0.02 1.05  -190.65 20.93 78.97 0.97 0.02 -0.21 1.18  -125.42 -48.54 19.82 -11.51 0.24 -0.24 1.36  22.26 -20.75 9.38 -11.22 -0.01 0.23 1.12  19.67 13.94 19.98 13.18 3.10 0.00
0.20 -0.15 1.09  -246.74 98.83 146.03 -7.77 0.07 -0.49 1.22  -151.96 -87.01 6.90 -24.31 0.12 -0.30 1.46  76.45 31.59 8.53 -13.54 -0.07 0.02 1.20  7.57 14.88 29.52 3.76 3.08 0.00
0.09 -0.90 1.85  -167.60 -81.07 104.27 -27.72 0.31 -0.05 0.49  -146.01 -98.13 9.66 -10.46 -0.02 -0.13 0.85  112.50 22.90 -3.95 -11.39 -0.05 -0.19 1.17  -1.10 10.71 34.55 -8.73 0.68 0.00
0.87 -0.03 1.18  34.70 -164.30 89.92 -7.06 -0.04 0.04 0.64  -68.60 -88.32 -19.06 1.61 -0.01 -0.29 0.62  103.99 42.25 -4.63 -27.26 -0.07 0.02 1.13  -0.77 -1.33 18.20 -0.80 0.47 0.00
0.43 0.38 0.82  66.14 -33.13 -50.97 23.36 0.32 0.29 0.65  4.70 4.51 -29.79 24.02 -0.01 -0.07 0.84  105.30 69.27 -12.14 -9.75 -0.20 -0.01 1.11  0.04 -3.89 -4.92 -0.78 0.46 0.00
0.04 0.33 0.89  129.34 -21.14 -86.94 24.95 -0.17 0.27 0.62  85.29 87.30 -42.66 28.85 0.04 0.04 0.81  92.93 68.24 -16.76 1.09 -0.14 -0.12 1.08  -8.97 -16.99 -11.70 -6.70 0.29 0.00
-0.01 0.12 0.96  176.12 -33.62 -113.82 12.00 -0.16 0.26 0.54  168.38 24.28 -34.44 31.42 0.02 0.19 0.80  69.20 86.79 -16.02 13.63 -0.04 -0.12 1.05  5.00 -19.60 -13.20 -7.64 0.29 0.00
0.14 -0.08 1.03  195.02 -33.45 -132.74 -2.07 0.07 0.18 0.43  219.69 81.64 -34.88 29.18 -0.04 0.19 0.85  42.06 75.73 -22.43 15.32 -0.05 0.00 1.02  1.10 -21.81 -8.96 -1.49 0.29 0.00
0.14 -0.39 1.28  181.05 -19.07 -165.87 -17.20 -0.07 -0.05 0.42  248.74 103.34 -15.40 -0.64 -0.17 0.28 0.92  13.25 34.53 -27.95 19.90 -0.05 -0.02 0.96  -0.93 -14.19 -5.93 -1.19 0.33 0.00
0.07 -0.56 1.17  128.42 -6.51 -121.05 -28.89 -0.09 -0.21 0.45  249.82 81.87 -0.24 -24.65 -0.14 0.18 1.13  -15.50 29.81 -24.31 12.98 -0.04 0.00 0.97  -10.01 -20.70 2.41 -0.13 0.23 0.00
-0.02 -1.13 1.01  98.94 -71.32 -68.69 -53.97 -0.19 0.01 0.63  210.05 1.77 -15.83 -4.04 -0.18 -0.09 1.52  -3.02 22.80 -17.52 -0.74 -0.04 0.01 0.99  -13.53 -18.25 5.42 0.37 0.31 0.00
-0.24 -1.20 0.32  52.92 -19.62 -3.91 -85.91 -0.04 0.31 0.81  103.95 -37.49 -24.53 20.02 -0.12 -0.12 1.65  12.49 22.66 -18.70 -4.41 -0.01 0.02 0.99  -11.08 -14.49 4.30 1.43 0.34 0.00
-0.16 -0.89 0.28  -23.52 3.72 11.57 -89.89 -0.01 0.30 0.71  -17.44 -7.29 -12.10 27.06 -0.16 0.05 1.42  17.19 33.74 -17.31 1.18 -0.01 -0.01 0.90  -4.77 -14.27 2.91 -0.54 0.37 0.00
-0.38 0.31 0.64  -107.85 16.73 4.31 7.65 -0.09 -0.04 1.11  -63.73 24.35 2.98 3.12 -0.23 0.41 1.06  -22.20 -7.67 -10.15 21.49 -0.10 0.04 0.92  2.97 -17.52 -5.69 2.52 0.45 2.65
0.84 -0.58 0.88  -66.43 -10.78 96.71 -31.96 0.20 -0.18 1.03  -76.71 35.42 -5.56 -9.32 0.14 -0.47 1.50  -46.96 -36.54 17.44 -13.13 0.07 0.19 1.15  10.69 0.23 -28.38 9.68 0.42 3.03
0.02 -0.24 1.08  -17.01 81.76 35.52 -18.64 -0.40 -0.18 0.97  -85.75 12.00 -2.86 -12.32 -0.14 -0.07 1.07  -42.06 -7.92 -33.64 -6.48 0.03 -0.02 1.16  8.58 9.79 -25.47 0.80 0.31 3.08
0.06 -0.09 1.02  -0.07 37.72 12.31 -8.69 0.35 0.07 0.86  -73.05 4.74 -2.70 2.41 -0.04 0.34 0.84  -65.49 -77.07 -6.37 20.75 -0.07 -0.18 1.15  -1.26 -10.02 -27.18 -8.78 0.31 3.10
0.04 -0.03 1.01  6.60 22.52 6.42 -3.66 0.07 -0.02 0.88  -54.07 -0.38 -2.40 -1.13 0.40 -0.04 0.88  -69.04 -31.56 -3.71 1.48 0.03 -0.01 1.18  -1.06 -12.87 -35.44 -2.21 0.23 3.10
0.01 -0.01 1.01  5.47 12.84 3.69 -1.34 0.14 -0.01 0.92  -42.30 13.21 1.14 -0.59 0.07 0.03 0.95  -66.00 -19.15 -6.22 1.80 0.11 0.09 1.12  -2.44 -4.86 -9.56 4.07 0.33 3.10
0.03 0.00 1.00  3.25 7.51 2.90 -0.12 0.11 0.00 1.00  -35.21 7.30 2.30 0.11 0.06 0.03 0.98  -65.31 -39.93 -5.20 1.92 0.10 -0.06 1.08  -1.16 -3.49 12.84 -2.24 0.47 3.08
0.04 0.01 1.00  0.67 8.32 6.00 0.53 0.09 0.03 1.07  -35.64 -6.84 4.17 1.74 0.08 -0.01 1.05  -50.86 -54.69 -1.98 -0.41 0.13 -0.10 1.09  -3.22 5.65 15.37 -5.70 1.03 3.03
0.03 0.01 1.01  -4.04 6.97 9.19 0.67 0.21 -0.00 1.02  -43.66 -12.26 3.30 0.28 0.04 -0.02 1.05  -34.46 -60.45 -0.21 -1.39 0.15 -0.12 1.05  -2.96 22.69 11.04 -7.82 2.57 2.76
-0.00 0.00 1.01  -12.88 -0.10 9.72 0.18 0.04 -0.01 0.92  -44.63 -18.15 5.47 -0.49 0.04 -0.01 0.90  -26.73 -65.96 2.98 -0.76 0.06 -0.06 0.98  4.13 27.41 3.44 -5.04 2.86 1.14
-0.01 -0.01 1.01  -23.57 -5.53 9.10 -0.66 0.08 0.03 0.89  -45.92 -19.49 5.85 1.69 0.08 0.01 0.95  -25.22 -58.57 10.27 0.65 0.01 0.02 0.97  -2.12 26.46 1.73 0.16 2.96 0.41
0.03 -0.02 1.01  -36.17 -6.21 11.32 -1.54 0.08 -0.01 0.89  -50.16 -20.78 7.03 -0.28 0.11 -0.05 0.96  -20.42 -49.15 13.12 -2.67 0.07 -0.04 0.98  0.32 32.25 -1.28 -2.03 3.03 0.00
0.03 -0.06 1.00  -52.28 -0.51 15.81 -3.63 0.12 0.01 0.89  -57.47 -24.48 9.32 0.68 0.08 0.01 0.99  -19.30 -51.46 11.02 -0.16 0.04 -0.02 0.96  8.32 36.09 -7.55 -1.82 3.07 0.00
0.04 -0.09 0.98  -68.37 2.93 18.01 -6.00 0.08 0.04 0.90  -70.74 -25.19 13.61 2.46 0.09 0.00 1.05  -11.38 -55.03 15.67 0.09 -0.07 0.02 0.87  8.64 30.10 -7.28 0.67 3.08 0.00
0.06 -0.08 1.00  -98.95 4.95 27.55 -5.61 0.14 0.01 0.93  -87.36 -44.04 15.09 0.95 0.13 -0.02 1.14  -2.96 -47.67 15.56 -0.93 0.00 0.06 0.97  5.88 28.73 1.36 3.56 3.08 0.00
0.12 -0.09 1.03  -151.43 4.96 62.33 -6.32 0.06 -0.06 1.12  -117.98 -69.58 10.14 -2.86 0.24 -0.07 1.33  20.00 -3.86 6.11 -3.09 -0.08 0.13 1.18  7.62 15.33 29.54 7.06 3.08 0.00
0.04 -0.19 1.13  -224.90 -5.27 100.15 -10.98 0.05 -0.34 0.89  -140.97 -79.29 4.95 -21.41 0.01 -0.21 1.23  64.55 39.18 9.70 -10.42 -0.03 -0.06 1.22  8.99 4.04 45.89 -1.54 2.93 0.00
0.87 -0.11 1.64  -93.76 -138.49 63.35 -6.07 0.09 -0.12 0.70  -96.36 -96.81 8.27 -14.01 -0.11 -0.24 0.59  87.14 10.21 10.60 -24.32 0.04 -0.06 1.17  -1.25 9.28 37.13 -3.25 0.99 0.00
0.58 0.46 1.25  53.89 -36.71 -17.16 18.96 0.26 0.06 0.77  -4.69 3.60 -12.20 1.94 -0.02 -0.21 0.75  88.75 3.62 8.60 -20.37 -0.06 0.08 1.18  -2.45 9.04 13.13 3.36 0.76 0.00
0.18 0.31 1.12  148.48 -23.28 -26.08 19.45 -0.19 0.07 0.73  83.37 -0.62 -33.69 5.64 0.01 -0.02 0.86  81.67 27.35 -1.29 -5.54 -0.13 -0.08 1.13  -0.95 11.43 -1.28 -3.18 0.66 0.00
0.14 -0.04 1.07  179.89 -33.55 -51.39 2.01 0.07 0.03 0.55  144.06 -14.25 -38.16 4.32 0.08 0.01 0.93  75.50 51.63 -0.08 -0.64 -0.11 -0.11 1.08  -3.97 -0.85 -7.99 -6.52 0.54 0.00
0.03 -0.29 1.03  155.80 2.14 -94.46 -15.32 0.02 0.02 0.47  156.79 66.93 -12.53 4.05 0.11 0.04 1.05  67.11 83.26 -7.62 2.28 -0.06 -0.04 1.06  3.56 -10.00 -6.09 -3.72 0.49 0.00
0.02 -0.48 1.00  111.50 19.04 -121.64 -28.53 -0.04 0.04 0.44  150.24 97.58 18.57 6.74 -0.03 0.08 1.16  55.78 71.21 -17.92 4.32 -0.10 -0.02 1.04  -3.22 -14.89 -4.77 -2.10 0.54 0.00
0.07 -0.41 0.85  74.65 29.39 -118.48 -31.56 -0.04 0.05 0.46  135.22 106.28 33.40 7.45 -0.11 0.07 1.10  42.64 63.99 -16.19 4.74 -0.14 -0.01 1.02  1.16 -24.72 -13.28 -1.02 0.45 0.00
0.13 -0.41 0.77  23.44 51.40 -113.22 -34.56 0.04 0.12 0.52  121.44 103.90 39.47 14.56 -0.06 0.13 1.11  25.56 68.47 -10.33 7.64 -0.11 0.01 1.02  3.55 -40.10 -18.28 0.18 0.49 0.00
0.16 -0.47 0.77  5.11 23.29 -124.21 -38.48 -0.06 0.15 0.61  103.50 113.16 37.56 17.02 -0.09 0.16 1.11  9.52 67.73 -8.67 9.76 -0.12 -0.01 1.00  3.09 -51.37 -21.71 -0.33 0.53 0.00
0.16 -0.50 0.72  -5.71 10.63 -113.87 -42.44 -0.02 0.17 0.72  84.52 76.06 22.19 16.62 -0.17 0.16 1.16  -13.63 62.54 -6.98 9.89 -0.13 -0.00 1.02  -1.77 -64.60 -24.38 -0.12 0.62 0.00
0.26 -0.45 0.58  -15.92 14.23 -108.02 -46.12 0.02 0.16 0.83  48.04 100.38 16.59 14.39 -0.08 0.10 1.24  -23.70 57.34 -8.33 6.56 -0.11 -0.03 1.02  -8.91 -76.22 -23.54 -1.60 0.68 0.00
0.28 -0.36 0.55  -64.49 37.05 -126.86 -42.47 0.02 0.10 0.89  9.60 119.66 10.52 9.46 -0.05 0.03 1.25  -33.10 75.29 -12.08 2.58 -0.04 -0.03 1.00  -10.27 -80.92 -25.06 -1.82 0.58 0.00
0.11 -0.34 0.69  -92.53 55.28 -121.42 -34.52 -0.09 0.07 0.92  -19.31 133.50 4.98 6.03 -0.05 0.02 1.20  -45.28 95.03 -15.00 1.35 -0.05 0.04 0.99  -9.48 -76.15 -27.32 1.89 0.46 0.00
-0.05 -0.24 0.54  -129.72 7.07 -89.74 -31.12 -0.17 0.04 0.91  -41.69 125.27 -0.53 3.83 -0.15 -0.00 1.15  -54.56 114.59 -19.32 0.00 -0.10 0.05 1.00  -12.64 -77.07 -25.90 3.07 0.29 0.91
0.12 -0.30 1.23  -27.62 5.24 3.97 -19.75 -0.19 -0.30 1.08  -48.04 72.95 -19.67 -14.64 -0.23 -0.24 1.21  -45.45 106.88 -19.73 -11.39 -0.01 0.09 1.09  -11.32 -75.70 -30.58 5.08 0.18 2.18
-0.01 -0.08 1.09  -17.24 52.35 17.37 -8.17 -0.31 -0.09 0.97  -30.15 -33.55 -34.28 -8.21 -0.38 -0.19 1.13  -26.61 57.10 -30.10 -11.74 0.07 0.02 1.11  -2.88 -55.43 -35.01 1.95 0.21 2.55
-0.04 -0.07 1.03  -7.14 -9.02 -0.96 -5.29 -0.04 -0.05 0.88  -23.18 -8.95 -29.47 -4.98 -0.25 0.08 0.93  -38.09 -39.29 -24.32 2.37 0.01 -0.00 1.10  -7.87 -51.64 -26.95 0.31 0.17 2.72
0.14 -0.03 0.96  -3.08 -19.39 -4.29 -2.92 -0.05 -0.01 0.94  -8.59 -19.22 -31.24 -1.78 0.23 0.04 0.90  -53.13 -8.40 -16.39 3.05 -0.04 -0.05 1.11  -11.81 -58.22 -27.20 -2.41 0.14 2.81
0.10 -0.03 0.97  -1.69 -10.24 -2.93 -2.20 0.08 0.01 1.04  -5.00 0.02 -26.84 0.37 0.15 0.04 1.06  -56.07 29.22 -20.48 2.84 0.02 -0.06 1.13  -15.48 -68.83 -28.41 -3.36 0.04 2.88
0.11 -0.02 0.97  -2.69 -7.01 -1.48 -1.61 0.05 0.01 1.11  -8.24 1.20 -22.97 0.83 0.10 -0.02 1.11  -47.51 42.29 -8.60 -0.38 0.05 -0.07 1.13  -14.69 -74.08 -25.32 -4.14 0.00 2.90
0.11 -0.02 0.97  -3.25 -3.77 2.08 -1.38 0.09 0.02 1.13  -14.34 -2.49 -17.95 1.08 0.02 -0.05 1.13  -28.26 43.53 -9.55 -2.56 0.05 -0.10 1.11  -11.00 -85.69 -23.28 -6.13 0.00 2.87
0.12 -0.02 0.96  -5.15 0.75 6.42 -1.29 0.11 0.01 1.08  -21.21 2.89 -12.68 0.93 0.12 0.00 1.13  -24.19 31.90 -6.78 -0.32 0.07 -0.07 1.10  -5.07 -93.35 -24.60 -4.89 0.07 2.73
0.09 -0.04 0.97  -8.54 2.09 6.77 -2.34 0.09 0.01 1.01  -24.73 14.38 -6.77 0.53 0.22 0.04 0.97  -24.08 40.25 1.72 2.11 0.07 -0.03 1.09  -3.87 -100.71 -27.88 -2.73 1.79 2.36
0.09 -0.05 0.96  -10.62 3.82 5.19 -3.22 0.11 0.01 0.95  -24.27 27.87 -1.29 0.42 0.22 0.03 0.90  -28.22 80.16 4.61 2.26 0.04 -0.03 1.09  -5.74 -113.04 -33.58 -2.24 2.57 1.01
0.08 -0.06 0.96  -10.82 5.29 3.59 -4.01 0.06 0.00 0.91  -19.83 32.88 2.84 0.36 0.12 0.04 0.84  -27.73 101.71 4.79 3.06 0.07 -0.04 1.07  -6.97 -120.67 -41.20 -2.87 2.74 0.00
0.07 -0.07 0.96  -10.01 3.42 1.09 -4.74 0.05 0.01 0.92  -13.94 28.38 5.18 0.59 0.01 0.01 0.86  -29.83 103.60 4.96 1.37 0.16 -0.04 1.04  -3.63 -117.03 -47.17 -3.03 2.74 0.00
0.08 -0.07 0.95  -8.40 2.65 -0.44 -5.11 0.06 0.02 0.94  -10.22 25.32 7.72 1.23 -0.01 0.00 0.92  -22.93 82.50 4.34 0.31 0.24 -0.04 1.05  -0.05 -106.89 -44.21 -3.05 2.76 0.00
0.09 -0.07 0.95  -5.08 3.68 -0.49 -5.44 0.05 0.02 0.94  -6.96 18.02 9.74 1.54 0.02 -0.00 0.92  -13.41 63.76 3.09 -0.20 0.23 -0.04 1.08  0.11 -95.31 -37.25 -2.68 2.80 0.00
0.08 -0.07 0.95  -3.05 4.20 -0.93 -5.51 0.05 0.02 0.94  -4.40 15.06 11.63 1.31 0.07 -0.01 0.90  -7.15 54.24 6.20 -0.72 0.20 -0.05 1.10  -1.64 -84.80 -36.75 -3.08 2.80 0.00
0.07 -0.07 0.95  -1.62 5.47 -4.22 -5.45 0.03 0.02 0.92  -2.36 14.83 14.07 1.19 0.08 0.01 0.90  -0.18 57.00 12.43 0.41 0.21 -0.07 1.06  1.58 -71.38 -41.75 -4.50 2.76 0.00
0.08 -0.07 0.95  -0.97 5.59 -5.79 -5.21 0.04 0.00 0.90  2.03 12.42 16.69 0.27 0.09 0.02 0.92  3.03 56.09 18.63 1.18 0.24 -0.05 1.02  4.07 -58.02 -42.06 -3.61 2.71 0.00
0.11 -0.07 0.94  0.28 10.82 -6.73 -5.41 0.08 0.03 0.97  5.35 7.08 20.13 1.80 0.10 0.02 0.99  1.04 57.23 22.96 1.28 0.22 -0.01 1.07  4.81 -45.30 -36.53 -1.13 2.69 0.00
0.13 -0.06 0.95  2.54 29.70 -0.21 -4.88 0.11 0.04 1.07  -3.66 32.07 25.50 2.56 0.09 -0.02 1.11  10.15 62.48 25.46 -0.51 0.01 0.05 1.11  -2.56 -45.58 -20.66 2.60 2.72 0.00
0.09 -0.04 0.99  -6.32 34.45 10.12 -3.41 -0.01 -0.02 1.08  -15.20 16.17 26.28 -0.59 -0.05 -0.06 1.12  22.98 84.58 37.01 -2.99 -0.10 -0.04 1.08  -3.99 -57.07 -15.45 -1.78 2.71 0.00
0.06 -0.06 1.02  -19.11 44.74 7.07 -4.22 -0.00 -0.05 0.99  -26.42 26.61 30.45 -2.95 -0.10 -0.06 1.17  33.80 84.62 48.33 -3.27 -0.10 -0.07 1.05  0.79 -69.02 -24.97 -4.39 2.42 0.00
0.18 -0.11 0.99  -13.85 66.87 -8.96 -7.10 0.07 -0.02 0.89  -31.49 54.62 39.40 -1.71 -0.06 -0.01 1.18  27.10 75.97 45.40 -1.04 -0.12 -0.03 1.07  3.01 -76.66 -32.41 -2.61 0.72 0.00
0.39 -0.21 0.89  -17.76 102.45 -83.45 -14.84 0.15 0.04 0.80  -32.08 96.13 54.40 2.50 0.01 0.00 1.06  19.98 74.14 27.20 -0.15 -0.15 -0.01 1.07  1.31 -82.42 -37.93 -0.85 0.88 0.00
0.58 -0.10 0.75  -49.20 101.93 -246.22 -10.30 0.57 0.11 0.71  -30.57 228.32 69.18 9.52 0.18 0.03 1.01  17.72 80.11 7.37 1.95 -0.11 0.05 1.09  2.05 -84.22 -37.00 2.22 0.67 0.00
0.15 -0.06 0.88  -48.12 146.50 -250.03 -5.80 0.08 0.06 0.75  -16.86 250.38 71.10 6.81 0.28 0.09 1.03  1.72 109.40 -12.79 5.27 -0.09 -0.00 1.10  0.63 -81.85 -35.20 0.21 0.58 0.00
0.19 -0.11 0.90  -22.37 124.17 -220.87 -8.01 0.06 0.01 0.81  4.72 218.64 71.70 1.95 0.23 0.01 0.99  -11.38 172.87 -25.21 1.61 -0.09 -0.03 1.09  -4.76 -83.10 -33.83 -1.79 0.48 0.00
0.41 -0.13 0.72  -33.89 112.89 -202.86 -12.13 0.20 0.05 0.77  7.03 223.41 58.92 4.39 -0.17 -0.10 0.96  -5.60 205.98 -29.18 -5.47 -0.12 -0.02 1.08  -9.74 -89.44 -35.55 -1.50 0.40 0.00
0.37 -0.25 0.77  -61.49 110.89 -229.00 -20.19 0.20 0.04 0.73  2.18 242.56 51.10 4.41 -0.19 -0.05 1.02  12.29 187.23 -27.67 -4.14 -0.08 -0.02 1.08  -8.86 -95.18 -36.86 -1.45 0.39 0.00
0.21 -0.24 0.84  -63.43 94.23 -226.13 -20.34 0.07 0.02 0.69  4.70 238.48 44.01 2.35 -0.10 -0.08 1.01  11.66 180.16 -40.18 -5.33 -0.04 -0.02 1.06  -6.16 -96.08 -35.34 -1.20 0.42 0.00
0.19 -0.25 0.90  -46.26 76.27 -196.43 -19.43 0.02 0.02 0.69  19.58 188.58 32.18 1.88 -0.14 -0.08 0.98  16.64 140.20 -43.82 -5.45 -0.05 0.00 1.06  -3.77 -93.89 -31.57 -0.14 0.43 0.00
0.19 -0.27 0.90  -17.60 60.48 -159.74 -20.43 0.05 0.01 0.70  32.18 158.52 17.79 1.38 -0.04 0.01 0.99  9.65 108.69 -40.50 -0.61 -0.06 0.01 1.06  -3.45 -93.07 -28.45 0.35 0.38 0.00
0.16 -0.25 0.83  -9.75 56.14 -139.22 -21.02 0.02 0.04 0.70  38.37 139.96 7.63 3.21 -0.00 -0.03 1.00  4.43 118.87 -34.78 -1.63 -0.02 -0.02 1.05  -2.37 -88.49 -31.21 -1.11 0.38 0.00
0.07 -0.29 0.80  -19.69 50.87 -129.38 -24.33 -0.02 0.05 0.71  38.47 135.11 2.99 4.72 -0.07 0.02 1.02  -0.42 125.74 -33.03 0.76 -0.01 -0.02 1.03  -3.00 -83.99 -31.58 -1.61 0.38 0.00
-0.03 -0.32 0.78  -30.95 52.85 -116.71 -27.17 -0.08 0.07 0.75  32.20 124.96 0.83 6.28 -0.13 0.03 1.07  -5.93 111.71 -31.07 1.86 0.01 -0.04 1.04  -3.62 -77.64 -30.45 -2.34 0.36 0.00
-0.14 -0.40 0.82  -31.83 33.17 -95.67 -31.38 -0.14 0.08 0.79  18.84 100.70 -4.16 7.23 -0.19 0.04 1.11  -14.12 96.18 -26.22 2.56 0.02 -0.04 1.04  -8.10 -72.56 -28.46 -2.78 0.32 0.00
-0.18 -0.36 0.76  -41.13 11.77 -65.86 -31.68 -0.14 0.08 0.82  0.14 64.73 -9.31 6.74 -0.18 0.01 1.17  -13.95 83.00 -20.63 1.03 0.01 -0.01 1.03  -7.92 -66.70 -25.60 -1.17 0.21 0.00
-0.38 -0.48 0.93  -38.84 66.35 0.52 -33.88 -0.20 0.07 0.80  -19.92 33.39 -12.82 6.67 -0.14 0.02 1.19  -12.23 58.79 -16.02 0.94 0.02 0.00 1.02  -4.71 -58.49 -20.72 -0.12 0.10 0.00
-0.33 -0.29 0.97  2.92 0.48 47.61 -23.48 -0.40 0.00 0.84  -27.35 -49.87 -18.60 1.42 -0.22 0.05 1.13  -18.16 29.32 -7.82 2.76 0.01 -0.01 1.02  -2.32 -52.68 -17.10 -0.50 0.20 0.00
-0.20 -0.13 1.02  14.98 -6.81 14.25 -12.02 0.07 0.03 0.93  -24.41 -46.98 -4.29 1.92 -0.20 0.05 1.09  -21.72 -1.30 4.57 2.97 -0.02 -0.05 1.03  3.74 -44.54 -17.80 -2.90 0.36 1.23
0.13 -0.03 1.00  22.81 -4.83 0.68 -4.24 0.13 -0.05 0.94  -35.02 31.38 5.95 -2.90 0.06 -0.06 1.22  -28.64 -1.20 0.10 -2.22 0.03 -0.05 1.08  14.01 -35.06 -17.63 -2.94 0.14 2.82
0.06 -0.04 0.99  17.57 8.77 6.01 -3.22 0.04 -0.03 0.83  -24.69 -3.23 3.32 -2.61 0.09 -0.01 1.09  -45.01 -9.06 -16.49 -1.30 0.04 -0.02 1.13  19.50 -28.94 -13.48 -1.67 1.37 2.96
-0.02 -0.02 1.01  13.79 9.67 2.78 -1.83 0.02 -0.03 0.81  -19.40 36.00 4.34 -2.46 -0.09 0.06 0.90  -57.77 -33.77 -12.08 3.55 -0.02 -0.02 1.13  13.97 -30.44 -16.59 -1.29 1.96 3.03
-0.02 -0.02 1.01  10.09 5.00 -0.09 -1.25 -0.05 -0.01 0.86  -9.34 17.45 -2.72 -0.85 0.03 -0.02 0.88  -68.58 -30.80 4.04 -0.79 -0.06 -0.02 1.10  10.38 -31.90 -27.86 -1.08 1.95 3.06
-0.01 0.00 1.01  5.89 -1.26 -2.24 -0.07 0.03 0.01 0.96  -10.24 21.25 -4.53 0.59 0.09 -0.02 0.98  -62.05 16.10 -1.86 -1.57 0.15 0.01 1.07  -5.61 -27.95 -31.62 0.23 1.67 3.08
0.02 0.00 1.01  2.74 0.78 -0.34 0.20 0.12 0.04 0.97  -14.03 12.48 -1.22 2.32 0.03 -0.02 1.03  -47.94 10.89 -1.96 -1.59 0.20 0.01 1.09  -5.52 -15.02 -8.27 0.78 1.67 3.08
0.03 0.01 1.01  2.11 2.32 3.55 0.41 0.14 0.04 0.96  -17.56 -1.81 4.61 2.66 -0.01 -0.01 1.00  -37.31 -40.63 -4.62 -1.04 0.11 -0.01 1.06  4.85 -10.65 10.41 -0.33 1.68 3.06
0.01 0.00 1.00  2.28 4.61 6.98 0.29 0.08 0.03 0.95  -23.46 -2.84 9.37 2.32 0.07 0.02 0.96  -27.79 -64.67 -1.95 1.13 0.08 -0.03 0.99  2.90 -7.38 15.26 -2.06 2.13 3.00
-0.03 0.01 1.02  -2.26 -0.50 5.08 0.86 0.01 -0.00 0.89  -26.54 -5.55 11.11 0.14 0.12 0.03 0.90  -26.96 -41.51 10.47 2.22 0.15 0.02 0.96  -5.45 -1.47 10.41 0.59 2.52 2.70
-0.03 0.02 1.03  -11.62 -7.45 2.21 1.22 0.03 -0.01 0.85  -27.78 -2.47 14.79 -1.00 0.08 -0.01 0.89  -36.45 -13.23 12.24 -0.36 0.17 -0.01 0.95  -9.05 5.65 -0.86 -0.43 2.75 1.19
0.03 0.01 1.03  -27.17 -7.74 4.91 0.70 0.04 -0.02 0.89  -29.90 -9.56 18.57 -1.37 -0.01 -0.04 0.91  -36.53 -15.71 15.89 -2.92 0.10 -0.03 0.94  -7.67 11.27 -8.35 -1.74 2.90 0.12
0.03 -0.02 1.03  -50.84 1.93 12.66 -0.82 0.04 -0.02 0.94  -40.96 -11.51 23.31 -1.80 0.04 -0.08 1.01  -28.73 -39.55 20.64 -5.43 0.07 0.00 0.96  -3.09 10.91 -7.64 -0.33 2.98 0.00
0.03 -0.04 1.03  -79.88 14.11 16.36 -2.57 0.04 -0.02 0.98  -59.67 -6.81 31.89 -1.49 0.16 -0.07 1.08  -15.99 -28.22 28.82 -4.61 0.10 0.01 0.90  10.49 3.22 -6.37 0.71 3.02 0.00
0.09 -0.06 1.03  -118.34 31.11 24.11 -3.69 0.12 -0.08 1.02  -84.57 -0.29 43.95 -4.90 0.24 -0.14 1.13  -5.41 -9.68 29.18 -8.14 0.06 0.11 0.98  13.27 0.53 -2.47 6.36 3.03 0.00
0.16 -0.08 1.03  -168.13 54.12 62.54 -5.05 0.05 -0.06 1.24  -122.27 -7.36 45.85 -3.79 0.21 -0.13 1.41  27.81 39.03 18.79 -6.72 -0.00 0.07 1.11  14.90 -17.87 7.04 5.05 3.02 0.00
0.24 -0.27 1.05  -235.54 113.39 127.29 -15.62 0.23 -0.24 1.06  -157.34 -11.36 39.82 -13.72 0.08 -0.12 1.44  78.35 79.97 15.96 -6.04 -0.02 -0.12 1.17  1.72 -12.55 13.94 -5.04 2.82 0.00
1.34 -0.32 1.44  -80.82 4.84 14.55 -15.61 0.35 -0.17 0.60  -131.60 -40.55 40.41 -18.98 0.10 -0.15 0.59  100.77 31.88 -5.53 -15.15 -0.06 -0.19 1.20  -3.10 -18.22 25.89 -9.79 0.90 0.00
0.51 0.44 1.11  7.61 21.29 -113.93 18.54 0.37 0.03 0.68  -55.02 133.65 26.81 -1.02 0.20 -0.27 0.64  82.43 62.71 -26.66 -26.06 -0.00 0.17 1.20  9.90 -20.88 8.75 5.92 0.63 0.00
0.32 0.37 1.03  78.16 -24.04 -126.95 23.75 -0.16 0.05 0.70  54.33 44.70 -0.87 3.87 0.02 -0.12 0.82  76.73 116.52 -28.45 -13.09 -0.05 0.04 1.12  4.71 -7.64 -9.52 3.00 0.48 0.00
0.23 0.06 1.11  156.41 -31.87 -87.64 7.96 0.01 0.03 0.57  131.89 10.04 -30.17 4.06 -0.09 -0.13 0.82  86.09 134.64 -16.63 -11.37 -0.05 -0.10 1.08  -4.97 -7.80 -13.90 -4.75 0.42 0.00
0.18 -0.14 1.09  168.13 -33.87 -103.83 -5.84 -0.02 0.01 0.49  169.82 51.04 -34.47 1.84 -0.20 0.01 0.94  84.44 126.28 -13.37 -1.40 0.03 -0.06 1.08  -4.73 -11.92 -6.69 -4.28 0.51 0.00
0.06 -0.29 1.09  145.60 -21.10 -112.10 -15.83 -0.15 -0.03 0.45  184.96 74.06 -27.06 -2.65 -0.33 0.09 1.09  74.45 55.26 -26.19 4.40 -0.05 -0.07 1.06  -12.27 -14.85 -1.19 -4.59 0.43 0.00
0.04 -0.45 1.00  118.40 -29.80 -97.94 -27.23 -0.09 0.04 0.40  188.19 52.21 -23.95 5.52 -0.11 0.15 1.05  54.23 25.48 -29.02 9.37 -0.08 -0.10 1.03  -1.83 -18.40 -11.61 -6.64 0.33 0.00
-0.02 -0.54 0.80  68.82 -37.79 -53.47 -39.64 -0.14 0.14 0.38  179.43 17.35 -28.11 21.28 -0.01 0.26 1.07  42.58 34.68 -13.53 15.62 -0.08 -0.04 1.01  8.66 -25.46 -15.40 -3.75 0.19 0.00
-0.13 -0.77 0.78  30.40 -58.52 -33.19 -52.39 -0.08 0.19 0.44  149.47 -13.56 -31.52 27.45 -0.05 0.28 1.21  2.88 16.61 -9.74 15.97 -0.07 0.02 0.96  11.97 -25.73 -13.80 0.72 0.15 0.00
-0.09 -0.78 0.47  2.99 -43.31 -21.39 -69.33 -0.01 0.21 0.58  97.75 -8.21 -21.51 25.15 -0.05 0.13 1.26  -21.25 4.58 -21.18 8.90 -0.02 0.09 0.94  2.78 -27.76 -10.18 5.70 0.15 0.00
-0.12 -0.83 0.28  -79.81 -14.78 -24.99 -85.43 -0.14 0.26 0.68  28.50 5.69 -10.59 25.77 -0.13 0.09 1.30  -35.71 -2.99 -15.92 5.46 0.03 0.03 0.90  -0.88 -19.51 -5.31 3.14 0.15 0.00
-0.42 -1.02 1.02  -70.06 89.77 49.09 -62.13 -0.07 0.13 0.96  -37.46 -30.80 0.71 12.66 -0.23 0.11 1.37  -36.80 -10.78 -5.79 5.61 -0.01 -0.03 0.96  1.92 -9.80 -1.13 -0.99 0.10 2.51
0.14 -0.47 1.13  -14.84 181.78 64.26 -34.81 0.03 -0.17 1.08  -74.57 106.42 6.25 -6.29 0.21 -0.52 1.51  -47.08 -36.77 -1.57 -17.80 0.15 0.18 1.19  10.35 13.57 -21.35 8.24 0.24 3.03
-0.19 -0.16 1.10  0.65 45.93 15.65 -15.06 -0.24 -0.11 0.93  -75.76 -30.97 -0.05 -7.86 -0.33 0.02 0.96  -45.55 -14.90 -28.68 -2.39 -0.07 0.02 1.16  1.59 12.39 -12.77 2.67 0.11 3.08
0.11 -0.06 0.97  5.80 11.32 1.43 -6.68 0.08 0.01 0.81  -66.40 43.47 3.83 -1.26 0.11 0.26 0.75  -75.52 -79.91 5.27 18.35 -0.16 -0.16 1.14  1.81 -10.91 -16.58 -7.65 0.07 3.10
0.07 -0.03 0.99  4.23 8.76 1.45 -2.86 0.23 -0.01 0.90  -41.22 -11.13 0.06 -1.17 0.28 -0.06 0.92  -78.67 -41.10 -5.31 -0.02 0.07 -0.12 1.15  -2.01 -21.31 -29.57 -7.54 0.07 3.10
0.05 -0.01 0.99  -0.67 1.69 0.32 -1.40 0.07 0.00 1.03  -38.95 6.77 3.80 -0.10 0.15 0.01 1.00  -67.38 -19.18 -0.62 0.19 0.14 0.07 1.12  1.59 -5.80 -8.89 1.97 0.05 3.08
0.06 -0.01 0.99  -5.28 -3.94 2.84 -0.72 0.16 0.01 1.03  -40.36 -8.15 5.69 0.59 0.03 -0.05 1.07  -56.10 -30.62 -7.34 -2.73 0.15 -0.08 1.08  2.46 -1.29 12.27 -3.70 0.10 2.98
0.08 -0.01 0.99  -13.88 -7.07 8.23 -0.64 0.08 -0.00 0.99  -40.69 -31.37 7.44 -0.10 0.03 -0.01 0.97  -39.02 -67.77 -2.41 -1.07 0.20 -0.11 1.06  3.77 12.54 13.65 -6.76 0.99 2.37
0.07 -0.03 0.98  -22.11 -10.00 11.87 -2.03 0.10 0.02 0.93  -42.83 -21.86 8.32 1.21 0.07 0.00 0.89  -30.61 -69.93 4.49 -0.24 0.10 -0.05 1.01  3.85 26.74 5.67 -3.94 2.42 0.90
0.09 -0.06 0.96  -29.33 -7.63 12.87 -4.01 0.10 0.02 0.88  -43.51 -23.48 9.01 1.62 0.07 0.03 0.90  -29.57 -56.45 7.20 1.75 0.02 -0.01 0.97  4.70 28.23 -0.94 -1.65 2.72 0.04
0.09 -0.08 0.96  -34.51 -6.55 20.10 -5.46 0.09 0.02 0.87  -44.85 -23.24 9.83 1.37 0.09 0.00 0.92  -27.57 -52.67 13.94 0.32 0.06 -0.01 0.93  2.00 25.46 -1.93 -1.12 2.86 0.00
0.08 -0.11 0.94  -42.98 -5.80 28.23 -7.79 0.10 0.04 0.88  -48.69 -30.32 11.00 2.58 0.08 0.03 0.93  -27.05 -52.77 15.56 2.00 0.11 -0.02 0.92  -1.96 35.55 -10.19 -1.76 2.93 0.00
0.06 -0.13 0.93  -56.02 -3.55 30.44 -9.38 0.07 0.02 0.88  -58.74 -30.87 14.19 1.72 0.04 -0.00 0.98  -23.13 -58.77 20.37 0.16 -0.00 0.01 0.93  -6.71 35.91 -14.80 0.13 3.00 0.00
0.06 -0.14 0.94  -82.66 0.83 31.88 -10.30 0.06 0.01 0.94  -74.22 -28.31 22.32 0.89 0.12 -0.04 1.08  -12.91 -50.68 23.99 -2.07 -0.06 0.02 0.83  6.96 22.09 -5.64 1.17 3.02 0.00
0.14 -0.13 0.95  -129.20 -0.88 51.27 -9.72 0.15 -0.06 1.06  -101.48 -38.96 28.25 -3.02 0.20 -0.10 1.31  3.02 -28.89 20.79 -4.86 0.03 0.05 0.91  9.34 19.51 6.14 3.65 3.02 0.00
0.23 -0.09 0.96  -223.76 29.01 107.87 -7.42 0.00 -0.23 1.25  -138.89 -70.55 19.56 -10.99 0.15 -0.11 1.52  36.83 30.70 10.99 -4.98 -0.05 0.14 1.18  8.55 9.94 34.05 7.62 2.98 0.00
-0.06 -0.51 1.30  -246.74 64.13 122.62 -22.84 0.25 -0.26 0.86  -144.98 -70.56 27.27 -19.19 0.09 -0.20 1.05  96.48 40.35 9.67 -11.73 -0.18 -0.10 1.24  5.14 1.19 57.94 -3.19 1.87 0.00
0.47 -0.17 1.66  -10.37 -61.11 76.71 -10.52 0.43 -0.15 0.61  -81.64 -27.00 35.50 -17.79 0.24 -0.38 0.56  93.45 35.78 -12.50 -36.55 0.05 -0.02 1.19  0.26 -10.67 43.06 -1.47 0.53 0.00
0.59 0.22 1.02  121.97 16.62 5.39 10.13 0.03 0.11 0.62  9.41 29.26 6.37 6.92 0.01 -0.18 0.69  88.71 86.68 -8.50 -21.69 -0.02 0.17 1.17  -7.87 8.45 5.58 7.81 0.39 0.00
0.02 0.13 0.94  166.11 -23.39 -47.87 10.00 -0.08 0.17 0.57  95.31 26.70 -21.05 18.03 -0.16 -0.10 0.83  89.08 80.21 -10.28 -11.37 -0.22 -0.03 1.10  -18.48 5.36 -3.58 0.11 0.35 0.00
-0.09 -0.13 0.99  204.43 -58.93 -33.30 -5.47 -0.25 0.13 0.49  165.38 -13.84 -42.14 18.45 -0.11 0.02 0.78  84.02 99.52 -9.03 -0.99 -0.12 -0.12 1.06  -18.86 -16.67 -13.66 -6.61 0.31 0.00
0.05 -0.32 0.91  194.09 -51.87 -56.28 -20.06 0.01 0.09 0.46  193.21 -0.49 -46.18 15.08 -0.12 0.14 0.98  66.05 78.17 -19.15 8.29 -0.02 -0.07 1.07  -15.19 -21.02 -11.96 -5.01 0.35 0.00
0.20 -0.51 0.91  141.25 -29.42 -132.64 -33.16 -0.01 0.09 0.42  184.11 95.19 -34.57 15.28 -0.16 0.16 1.06  47.37 38.97 -28.02 10.33 -0.07 -0.11 1.05  -15.92 -23.99 -4.52 -6.91 0.40 0.00
-0.08 -0.53 0.90  93.15 -19.59 -151.13 -37.32 -0.14 0.04 0.48  176.77 120.43 -23.95 8.06 -0.11 0.22 1.04  20.78 26.96 -20.62 13.94 -0.06 -0.10 1.02  -0.98 -25.03 -12.05 -7.25 0.39 0.00
-0.26 -0.81 1.03  91.21 -78.18 -90.92 -45.74 -0.26 0.06 0.56  168.33 31.37 -29.24 8.07 -0.02 0.19 1.15  8.69 38.28 -7.26 12.02 -0.08 -0.05 1.01  5.96 -30.73 -9.62 -4.45 0.39 0.00
-0.23 -0.76 0.68  92.85 -92.34 -16.85 -57.13 -0.15 0.11 0.67  131.17 -37.65 -37.71 11.30 -0.12 0.05 1.38  8.70 35.57 -13.10 4.39 -0.02 0.00 0.99  5.37 -28.96 -6.49 -0.63 0.33 0.00
-0.06 -0.70 0.41  23.93 -36.88 -3.58 -71.42 0.00 0.22 0.74  62.98 -20.70 -24.99 18.75 -0.14 0.05 1.33  -5.70 6.33 -21.76 3.12 0.02 0.02 0.98  -1.96 -24.75 -4.52 1.24 0.28 0.00
-0.10 -0.73 0.36  -40.01 0.05 -24.30 -77.86 -0.03 0.22 0.75  -6.80 14.42 -9.59 20.08 -0.15 0.12 1.30  -15.00 7.03 -18.55 5.66 0.00 0.01 0.94  -1.04 -18.52 -0.96 0.83 0.38 0.57
0.00 -1.01 1.64  -118.62 68.70 75.80 -47.23 0.16 -0.35 1.15  -50.76 25.38 1.35 -12.87 -0.14 -0.17 1.38  -29.38 -4.85 1.37 -6.08 0.03 0.11 1.10  2.26 -7.60 -10.39 5.81 0.40 2.92
0.27 -0.41 0.90  -42.32 170.84 55.49 -33.85 -0.10 -0.13 1.03  -83.53 70.19 0.88 -9.65 0.05 -0.30 1.43  -34.67 0.78 -15.23 -13.26 0.08 0.06 1.20  14.66 19.17 -25.52 4.19 0.21 3.06
-0.04 -0.15 1.06  -11.02 45.71 14.79 -14.90 -0.10 -0.07 0.86  -65.38 -41.26 -11.52 -6.46 -0.37 0.26 0.76  -35.67 -45.95 -22.02 15.98 -0.10 -0.04 1.13  4.19 5.65 -19.48 -1.21 0.16 3.08
0.08 -0.06 0.99  -0.95 16.31 2.39 -6.29 0.17 -0.00 0.87  -51.50 21.56 -5.50 -1.52 0.28 0.07 0.85  -72.25 -81.92 -1.50 7.93 -0.05 -0.13 1.16  -0.00 -6.75 -29.29 -6.43 0.11 3.11
0.05 -0.03 1.00  0.55 8.32 0.52 -2.95 0.08 -0.01 0.99  -37.79 -5.29 -6.85 -1.18 0.23 -0.05 1.05  -61.75 -17.03 -7.61 -1.09 0.14 -0.00 1.15  -2.50 0.82 -30.11 -1.35 0.09 3.12
0.08 -0.02 0.98  -1.38 3.33 0.32 -1.85 0.22 0.03 0.98  -34.92 -0.62 -1.43 1.31 0.13 0.03 1.05  -54.95 -20.93 -7.15 1.30 0.06 0.03 1.10  10.19 8.75 2.81 1.26 0.04 3.12
0.08 -0.02 0.98  -2.10 0.18 1.56 -1.69 0.13 0.00 0.96  -29.16 -6.91 2.37 0.48 0.07 0.02 0.98  -50.05 -51.55 -9.27 1.37 0.08 -0.03 1.07  9.48 2.98 18.19 -1.23 0.05 3.10
0.07 -0.03 0.98  -1.56 -0.63 3.03 -2.07 0.11 0.04 0.99  -24.69 -17.84 4.18 2.63 0.05 0.04 0.94  -43.53 -77.22 -4.58 2.87 0.12 -0.06 1.04  0.97 11.41 15.10 -3.48 0.09 3.08
0.09 -0.03 0.97  0.94 2.39 5.80 -2.14 0.21 0.05 0.99  -27.19 -19.03 2.92 3.33 0.14 0.02 1.00  -37.86 -62.75 0.97 1.67 0.10 -0.07 1.01  -2.24 25.57 11.24 -4.61 0.17 3.07
0.08 -0.02 0.98  0.87 3.09 7.53 -1.63 0.08 0.02 1.02  -32.95 -16.13 3.82 1.96 0.10 0.00 1.05  -33.37 -48.59 -0.34 0.31 0.06 -0.06 0.98  3.79 29.88 9.83 -4.23 0.15 3.01
0.07 -0.02 0.99  -2.51 1.96 9.68 -1.27 0.10 0.03 0.99  -38.84 -19.97 5.25 2.09 0.05 0.01 1.04  -28.69 -55.04 2.57 0.76 0.04 -0.01 0.93  -0.47 27.16 12.78 -1.65 0.94 2.82
0.07 -0.01 0.99  -10.29 -3.22 11.89 -1.11 0.09 0.01 0.93  -44.27 -24.58 7.00 0.75 0.06 0.00 0.92  -22.84 -54.09 9.51 0.20 0.04 0.01 0.95  -10.24 29.43 4.89 0.47 2.59 1.43
0.04 -0.02 1.00  -25.82 -7.10 12.67 -1.34 0.09 -0.01 0.88  -48.49 -27.75 10.69 -0.75 0.14 -0.02 0.93  -23.92 -53.64 13.92 -0.99 0.03 0.03 0.97  -11.97 28.33 -7.85 1.56 2.88 0.45
0.08 -0.04 0.99  -46.63 -7.07 15.03 -2.89 0.10 -0.00 0.88  -57.10 -17.24 15.84 -0.25 0.13 -0.04 0.98  -23.96 -32.71 15.43 -2.36 -0.01 -0.01 0.97  -1.93 22.59 -10.06 -0.45 2.96 0.00
0.10 -0.08 0.97  -71.15 -2.52 24.54 -5.10 0.09 0.01 0.91  -70.34 -18.29 17.95 0.70 0.07 -0.05 1.05  -13.93 -29.48 15.92 -3.34 0.02 -0.02 0.89  7.58 18.75 -5.63 -1.59 3.02 0.00
0.13 -0.07 0.99  -103.94 3.45 37.65 -5.04 0.17 -0.04 0.97  -93.66 -37.09 21.69 -2.15 0.12 -0.05 1.21  0.75 -36.58 14.72 -2.80 0.11 0.04 0.96  11.46 17.98 2.00 2.00 3.05 0.00
0.13 -0.07 1.01  -169.25 4.33 77.46 -4.98 0.02 -0.12 1.16  -126.95 -52.81 20.46 -6.26 0.28 -0.10 1.38  32.52 2.82 10.84 -4.48 -0.03 0.12 1.13  9.24 10.45 26.07 6.67 3.07 0.00
0.11 -0.20 1.06  -246.74 21.94 115.54 -11.67 0.12 -0.33 1.00  -154.23 -58.68 20.60 -19.57 0.13 -0.16 1.28  79.67 72.39 14.01 -7.78 -0.15 -0.08 1.20  9.76 -2.24 45.38 -2.33 3.03 0.00
0.55 -0.72 1.71  -155.04 -13.49 92.67 -25.18 0.23 0.03 0.47  -128.15 -53.00 29.95 0.20 0.05 -0.16 0.67  93.55 38.65 5.72 -14.53 0.00 -0.16 1.18  2.31 -7.12 43.17 -8.04 0.87 0.00
0.79 0.14 1.05  42.00 -78.78 83.36 2.43 -0.05 0.10 0.60  -41.15 -9.59 6.53 9.76 0.02 -0.29 0.65  83.91 39.51 3.37 -27.02 -0.00 0.15 1.19  4.70 -4.81 17.31 5.46 0.61 0.00
0.40 0.28 0.82  97.38 8.81 -35.41 19.10 0.14 0.24 0.60  43.66 -9.16 -15.86 23.74 -0.10 -0.12 0.79  80.38 57.85 -5.25 -13.75 -0.12 0.05 1.14  -3.99 0.81 -1.16 3.60 0.62 0.00
-0.02 0.06 0.99  158.87 -11.55 -65.35 7.64 -0.14 0.19 0.55  112.24 52.66 -31.85 23.73 -0.05 -0.03 0.87  79.71 52.68 -9.32 -4.35 -0.08 -0.09 1.09  -9.00 -3.19 -9.02 -4.09 0.62 0.00
-0.12 -0.15 1.05  192.38 -21.73 -75.00 -6.46 -0.23 0.12 0.50  169.63 3.85 -24.00 17.83 -0.04 0.09 0.89  66.95 76.66 -6.95 5.04 0.02 -0.06 1.07  -3.66 -7.91 -8.22 -4.22 0.50 0.00
0.03 -0.29 0.94  176.92 -7.92 -95.76 -18.38 0.00 0.07 0.43  187.62 60.94 -16.67 13.12 -0.12 0.12 1.03  50.12 54.08 -14.24 7.63 -0.05 -0.04 1.06  -9.94 -9.53 -1.99 -2.93 0.46 0.00
-0.06 -0.48 1.00  123.77 21.51 -116.83 -29.24 -0.12 0.06 0.43  185.68 92.05 0.35 11.44 -0.15 0.17 1.11  30.40 38.28 -13.63 10.21 -0.09 -0.04 1.01  -6.77 -14.50 -9.19 -2.85 0.35 0.00
-0.14 -0.59 1.07  105.61 29.01 -77.43 -34.62 -0.16 0.05 0.50  180.25 51.54 3.11 8.32 -0.07 0.20 1.12  10.82 30.68 -5.96 12.02 -0.06 -0.02 0.99  -6.02 -24.49 -12.57 -1.93 0.24 0.00
-0.12 -0.55 0.87  85.35 -16.96 -46.14 -39.20 -0.09 0.01 0.61  159.83 27.06 -5.93 3.05 -0.14 0.13 1.21  -2.18 32.06 3.38 8.71 -0.03 -0.00 0.97  -4.44 -27.41 -14.56 -0.65 0.18 0.00
-0.21 -0.64 0.62  27.19 -23.17 -29.02 -53.79 -0.06 0.15 0.72  116.78 13.32 -7.35 12.18 -0.14 0.05 1.38  -15.41 31.62 -1.84 3.65 -0.04 0.02 0.98  -7.24 -27.47 -14.85 0.93 0.10 0.00
-0.24 -0.85 0.50  -2.08 -51.83 -5.74 -70.24 -0.10 0.22 0.75  50.92 -15.69 -9.79 19.14 -0.16 0.01 1.36  -12.29 13.45 -8.42 1.02 -0.04 -0.01 0.98  -11.13 -25.32 -11.68 -0.30 0.18 0.00
-0.02 -0.59 0.19  -57.14 -94.53 -5.45 -86.14 -0.07 0.20 0.79  -9.77 -63.41 -14.22 18.09 -0.20 0.07 1.28  -19.34 -2.00 -16.26 3.35 -0.04 -0.03 0.98  -5.29 -17.66 -10.91 -2.02 0.21 1.55
0.13 -0.64 1.27  -38.29 66.34 76.84 -44.00 0.68 -0.07 1.05  -50.18 41.65 -7.13 -0.33 -0.06 -0.19 1.36  -33.64 -36.21 -5.37 -7.29 0.04 0.09 1.10  0.38 -4.96 -16.30 4.44 0.22 2.88
-0.27 -0.20 1.17  -10.68 88.49 28.90 -18.60 -0.45 -0.16 1.10  -83.36 79.93 1.76 -8.58 0.18 -0.23 1.44  -21.71 45.39 -25.69 -10.43 0.04 0.05 1.15  8.46 12.40 -16.89 3.50 0.16 2.96
0.02 -0.07 1.02  -1.05 30.81 16.68 -7.94 0.20 0.03 0.89  -69.24 -6.54 -11.62 0.12 -0.35 0.23 0.91  -22.98 -1.41 -19.77 11.87 -0.11 -0.06 1.12  4.90 -1.67 -10.87 -2.43 0.12 2.97
-0.05 -0.06 1.01  5.00 16.44 7.97 -4.86 0.00 -0.02 0.82  -55.60 29.19 -9.03 -1.47 0.10 0.15 0.83  -54.06 -55.43 -15.18 12.23 -0.08 -0.09 1.16  4.39 -21.53 -21.19 -5.10 1.74 3.00
-0.05 -0.02 1.02  5.34 4.38 2.73 -2.30 0.05 -0.03 0.90  -37.86 10.94 -12.37 -2.40 0.16 -0.06 0.99  -56.80 -28.38 -13.95 -1.05 0.12 -0.04 1.18  -2.24 -20.34 -31.87 -3.10 2.28 3.02
-0.01 -0.01 1.01  1.70 -0.75 0.29 -1.28 0.09 0.00 0.95  -30.63 8.48 -11.25 -0.24 0.14 0.02 1.00  -54.25 -12.00 -6.89 1.03 0.10 -0.05 1.14  -2.65 -9.31 -21.27 -3.10 2.39 3.02
0.00 -0.01 1.01  -1.22 0.26 0.67 -0.92 0.14 0.01 0.94  -26.22 1.61 -7.47 0.53 0.12 0.01 1.01  -45.34 -13.31 -9.21 0.65 0.08 -0.01 1.13  7.15 -9.76 0.10 -0.97 2.46 2.98
-0.01 -0.02 1.01  -2.91 0.35 1.47 -1.15 0.13 0.02 0.94  -22.44 -4.71 -3.98 1.32 0.05 0.02 0.97  -40.82 -46.97 -8.62 1.28 0.11 0.01 1.10  5.25 -7.61 8.93 0.40 2.50 2.91
-0.01 -0.02 1.00  -1.82 0.66 1.91 -1.63 0.10 0.03 0.93  -20.08 -8.55 -1.48 2.08 0.09 0.02 0.93  -35.80 -53.26 -4.40 1.64 0.10 -0.04 1.05  -2.29 -1.37 9.81 -2.36 2.52 2.82
-0.01 -0.02 1.00  -0.35 1.46 1.85 -1.58 0.12 0.04 0.93  -17.01 -17.74 -0.21 2.58 0.15 0.03 0.93  -30.85 -28.17 -0.27 2.12 0.07 -0.07 1.04  -3.35 3.62 6.61 -4.19 2.59 2.67
-0.01 -0.01 1.00  -1.88 1.39 2.62 -1.11 0.07 0.02 0.95  -17.83 -12.81 1.25 1.99 0.08 -0.01 1.00  -27.01 -14.58 2.35 -0.11 0.09 -0.06 1.02  -0.45 7.88 2.17 -4.19 2.67 2.31
-0.01 -0.01 1.01  -6.84 -1.22 4.64 -0.52 0.08 0.00 0.97  -21.75 -21.46 2.19 0.56 -0.02 -0.04 1.05  -24.12 -36.38 0.87 -2.14 0.09 -0.01 0.99  -2.61 13.45 0.98 -1.70 2.80 0.88
-0.04 -0.00 1.02  -18.69 -5.52 6.05 -0.21 0.07 -0.01 0.94  -27.25 -29.29 4.34 -0.55 0.05 -0.03 0.99  -15.63 -55.51 7.66 -1.99 0.04 0.02 0.98  -1.68 17.94 -0.96 0.83 2.89 0.19
-0.03 -0.03 1.01  -35.08 -11.63 5.42 -1.87 0.08 0.00 0.92  -32.49 -43.68 7.85 -0.07 0.17 -0.02 0.98  -16.73 -45.42 9.96 -1.75 0.03 0.01 0.99  3.88 13.85 -2.80 0.94 2.95 0.00
0.03 -0.06 1.00  -48.56 -11.60 8.92 -3.69 0.11 0.03 0.98  -45.84 -43.19 12.96 1.91 0.17 -0.03 1.09  -13.63 -22.22 11.64 -1.83 0.05 -0.05 0.96  3.96 12.69 -11.17 -2.63 2.98 0.00
-0.00 -0.08 1.00  -67.96 -13.43 15.32 -5.40 0.03 0.10 1.16  -72.96 -45.68 14.63 5.25 0.12 -0.04 1.19  5.63 24.58 13.05 -2.46 0.02 -0.08 1.02  2.37 14.61 -14.14 -4.71 3.02 0.00
0.08 -0.00 1.13  -123.90 -28.09 26.45 -1.25 0.06 -0.16 1.20  -131.92 -36.90 17.80 -6.86 0.18 -0.09 1.53  43.30 118.16 27.18 -3.71 -0.07 0.01 1.17  8.03 0.71 10.46 -0.60 3.00 0.00
0.05 -0.17 1.10  -206.48 -41.34 29.46 -8.93 -0.02 -0.26 0.64  -148.45 -17.37 29.90 -24.07 -0.06 -0.19 1.15  82.44 112.36 50.35 -10.04 -0.08 -0.09 1.13  17.80 -21.20 31.34 -4.42 2.90 0.00
0.24 -0.22 1.17  -159.91 16.20 -16.64 -12.40 0.18 0.19 0.44  -107.11 26.83 67.41 18.31 0.23 -0.01 0.63  68.27 -2.53 26.44 -2.87 -0.16 0.07 1.11  7.75 -37.06 10.19 2.52 0.92 0.00
0.18 0.17 1.23  -17.33 13.38 -29.22 5.54 0.10 0.19 0.61  -40.18 92.85 86.79 20.63 0.29 -0.03 0.66  41.53 21.14 10.37 -3.09 -0.11 0.06 1.15  1.33 -42.83 -6.77 3.57 0.57 0.00
0.39 0.29 0.83  60.31 115.44 -36.52 20.34 -0.02 0.21 0.64  38.82 32.97 81.24 22.31 0.11 0.02 0.87  33.11 54.13 6.35 0.68 -0.08 -0.02 1.09  -2.22 -48.20 -21.38 -0.18 0.38 0.00
0.45 0.12 0.72  83.93 105.86 -77.01 13.25 0.23 0.16 0.56  90.18 71.95 68.92 20.49 0.04 0.05 0.92  12.75 89.07 3.28 3.45 -0.07 -0.03 1.07  -2.21 -57.77 -25.65 -1.74 0.25 0.00
0.37 -0.11 0.73  54.02 81.94 -106.86 -6.21 -0.01 0.07 0.57  115.37 93.38 60.87 11.68 -0.03 -0.03 0.95  11.20 145.02 1.71 -1.35 -0.05 -0.00 1.07  0.10 -58.33 -19.23 -0.58 0.23 0.00
0.23 -0.70 0.71  56.42 48.64 -88.77 -45.72 0.07 0.11 0.44  101.13 67.95 42.71 16.73 -0.24 -0.04 1.12  23.97 131.29 3.75 -2.28 -0.04 0.00 1.07  -4.12 -58.98 -20.42 -0.08 0.30 0.00
0.33 -0.51 0.60  31.53 49.75 -101.45 -49.48 0.12 0.19 0.48  75.27 79.86 35.70 24.99 -0.23 -0.00 1.22  33.07 74.65 -6.44 -0.56 -0.06 -0.01 1.05  -8.78 -62.09 -19.80 -0.72 0.36 0.00
0.26 -0.39 0.76  26.63 60.56 -107.26 -37.28 0.08 0.17 0.56  64.62 103.29 34.45 22.06 0.03 0.09 1.09  20.02 33.68 -22.69 4.48 -0.08 -0.01 1.03  -11.24 -70.53 -20.86 -0.61 0.48 0.00
0.31 -0.28 0.78  44.92 57.09 -98.56 -27.04 0.07 0.10 0.62  66.06 98.34 29.59 13.83 0.17 0.07 0.99  4.87 69.47 -24.48 4.76 -0.08 0.02 1.01  -11.72 -76.15 -23.46 0.82 0.51 0.00
0.39 -0.21 0.74  29.37 82.06 -128.50 -21.46 0.15 0.08 0.63  63.82 140.15 32.24 10.45 0.08 0.04 1.08  1.57 94.36 -21.52 3.23 -0.04 0.04 1.00  -14.84 -78.76 -26.25 2.36 0.49 0.00
0.43 -0.26 0.71  0.24 96.00 -188.17 -24.31 0.15 0.08 0.62  57.27 198.80 41.52 9.88 0.05 0.04 1.05  -20.90 121.20 -25.32 2.80 -0.06 0.04 1.02  -19.68 -79.37 -28.61 2.54 0.47 0.00
0.32 -0.32 0.64  -29.85 81.70 -215.74 -31.19 0.01 0.08 0.63  49.65 216.56 39.34 9.16 -0.06 0.01 1.01  -43.25 160.23 -33.01 1.12 -0.09 -0.00 1.01  -18.26 -86.80 -31.11 0.21 0.52 0.00
0.29 -0.43 0.47  -69.95 28.86 -217.78 -48.79 -0.05 0.15 0.63  36.83 173.31 17.92 15.50 -0.26 0.04 1.13  -39.30 150.29 -29.32 2.35 -0.09 -0.05 1.00  -12.22 -94.39 -34.06 -2.94 0.52 0.00
0.30 -0.89 0.43  -128.29 27.11 -114.32 -73.87 -0.13 0.22 0.60  11.27 120.13 -3.25 23.64 -0.23 0.11 1.15  -41.47 101.94 -29.59 5.66 -0.06 -0.08 0.98  -8.71 -100.79 -30.99 -5.33 0.16 0.00
-0.21 -0.46 1.08  -11.19 43.61 4.95 -37.68 -0.57 -0.09 0.83  -3.25 18.69 -14.71 -1.29 -0.31 0.06 0.96  -48.41 52.82 -26.80 4.48 0.02 -0.04 1.05  -8.75 -107.43 -24.18 -3.05 0.20 2.42
-0.02 -0.16 1.07  2.92 7.25 0.74 -16.06 -0.06 -0.13 0.91  -10.40 20.77 -16.80 -8.26 -0.11 -0.45 1.24  -35.60 36.61 5.85 -18.95 0.13 0.08 1.16  -3.13 -99.02 -33.83 3.09 0.11 2.93
0.15 -0.06 0.97  4.47 -0.45 3.19 -6.89 0.03 -0.02 0.90  -8.44 3.99 -21.59 -3.02 0.01 0.01 1.02  -22.00 47.11 -21.69 -3.37 -0.00 -0.01 1.16  -8.06 -90.42 -40.07 0.05 0.11 2.96
0.08 -0.06 0.97  6.57 8.70 6.00 -4.84 0.00 -0.00 0.87  -2.46 18.84 -19.01 -0.77 0.03 0.11 0.85  -39.97 33.07 -17.47 6.30 -0.09 -0.04 1.12  -16.76 -107.76 -39.63 -1.91 0.23 2.98
0.04 -0.04 0.98  6.67 4.77 1.54 -3.58 -0.02 -0.01 0.92  5.31 18.09 -17.98 -0.73 0.09 -0.02 0.98  -43.89 49.91 0.10 -0.15 0.02 -0.02 1.10  -23.30 -124.41 -46.45 -1.68 0.31 3.03
0.07 -0.03 0.98  5.53 4.81 0.55 -2.55 0.06 0.00 0.99  6.73 20.28 -16.02 -0.09 0.16 0.01 1.03  -42.65 79.02 -0.52 0.20 0.11 -0.06 1.04  -22.82 -126.82 -50.19 -3.52 0.40 3.07
0.10 -0.03 0.97  6.21 10.68 3.10 -2.37 0.13 0.03 1.05  2.46 29.43 -11.87 1.64 0.11 0.03 1.06  -47.70 98.00 -4.23 1.79 0.08 -0.07 1.01  -15.46 -127.02 -50.78 -4.78 1.65 3.07
0.08 -0.02 0.97  10.13 24.98 7.49 -1.70 0.17 0.06 1.12  -9.93 48.34 -7.07 3.46 0.13 0.00 1.14  -41.91 100.88 -0.46 0.45 0.04 -0.05 1.01  -8.11 -130.35 -51.78 -3.60 2.50 3.07
0.01 -0.01 1.00  6.16 18.41 5.94 -1.02 0.07 0.01 1.06  -19.86 48.38 -1.89 1.25 0.03 -0.04 1.05  -28.87 109.71 -0.12 -2.39 0.08 -0.04 0.98  -5.15 -135.93 -55.77 -3.33 2.71 3.06
0.01 -0.02 1.00  4.64 13.95 4.21 -1.37 0.07 0.01 0.95  -21.87 45.29 1.57 0.75 0.03 0.03 0.94  -25.28 88.92 -2.02 1.54 0.15 -0.03 0.95  4.13 -128.22 -57.38 -2.42 2.80 3.03
-0.01 -0.01 1.00  3.58 12.64 2.00 -1.03 0.08 0.00 0.93  -19.19 42.12 5.09 0.41 0.14 0.03 0.89  -29.06 83.86 -0.11 2.31 0.22 0.02 0.97  12.41 -117.01 -50.58 0.60 2.80 3.03
-0.01 -0.01 1.00  1.89 11.26 -0.06 -0.84 0.08 0.01 0.93  -16.33 38.96 8.50 0.76 0.11 -0.00 0.90  -27.09 87.26 2.15 0.31 0.26 0.05 1.01  11.63 -100.91 -40.98 2.95 2.78 3.01
-0.02 -0.01 1.01  1.16 11.71 -1.55 -0.87 0.07 0.02 0.92  -14.50 39.90 11.84 1.38 0.04 0.00 0.87  -18.98 78.71 2.86 0.15 0.25 0.01 1.05  4.42 -89.70 -32.85 1.25 2.75 3.00
-0.03 -0.01 1.01  1.05 11.81 -1.72 -0.80 0.04 0.01 0.90  -9.64 27.42 14.14 0.73 0.04 0.01 0.87  -12.61 55.09 7.85 0.72 0.24 -0.02 1.05  -1.00 -79.64 -30.64 -0.62 2.67 3.00
-0.04 -0.01 1.01  2.38 14.41 -1.21 -0.84 0.04 0.01 0.90  -2.40 16.87 16.18 0.63 0.08 0.02 0.86  -9.89 38.57 12.73 1.47 0.26 -0.03 1.03  -3.27 -69.25 -30.49 -1.99 2.61 3.00
-0.04 -0.00 1.02  3.44 11.00 0.65 -0.43 0.03 0.02 0.96  2.11 4.65 17.70 1.04 0.09 0.01 0.94  -9.46 42.55 19.26 1.12 0.27 -0.06 1.05  -3.29 -54.78 -30.49 -3.40 2.62 3.00
-0.04 0.00 1.02  2.05 10.81 2.67 0.07 0.03 0.01 0.99  1.14 -1.23 19.84 0.72 0.04 -0.02 0.99  -3.31 48.39 23.15 -0.74 0.15 -0.02 1.08  -2.67 -42.55 -29.70 -1.64 2.64 2.96
-0.06 0.01 1.03  -1.70 11.36 2.89 0.40 -0.03 0.00 0.97  -1.09 -4.09 20.37 0.16 -0.03 -0.02 0.94  1.24 47.02 21.53 -1.31 0.05 0.00 1.10  -5.26 -36.48 -23.91 -0.12 2.62 2.77
-0.06 0.00 1.04  -7.87 8.89 -1.78 0.31 -0.04 0.02 1.03  -6.17 -8.33 20.90 0.97 -0.08 -0.03 0.97  4.02 43.88 24.41 -1.89 0.07 -0.03 1.09  -3.84 -32.66 -17.49 -1.51 2.34 2.24
0.02 0.01 1.06  -12.04 21.63 -11.58 0.85 -0.01 0.01 1.07  -19.07 -3.92 23.57 0.86 -0.09 -0.04 1.10  18.85 40.36 35.22 -2.55 0.03 -0.09 1.09  -2.93 -26.28 -15.32 -5.09 1.30 0.96
0.01 0.02 1.04  -18.40 41.64 -23.01 1.03 -0.02 -0.02 1.02  -34.86 13.67 28.64 -0.89 -0.17 -0.07 1.16  33.59 35.28 43.17 -3.80 -0.10 -0.06 1.12  -1.86 -31.68 -9.09 -3.82 0.35 0.23
0.10 -0.07 1.02  -41.34 86.48 -42.83 -3.76 0.10 -0.04 0.90  -46.11 35.78 36.37 -2.66 -0.14 -0.09 1.16  44.36 37.72 44.28 -5.24 -0.11 -0.05 1.12  -0.21 -41.77 -12.28 -3.51 0.25 0.00
0.52 -0.18 0.92  -43.29 -15.84 -136.29 -12.01 0.28 0.03 0.76  -51.97 84.59 47.32 1.48 0.05 -0.04 1.08  40.33 44.10 22.67 -2.91 -0.11 -0.02 1.15  3.42 -43.79 -20.80 -1.93 0.31 0.00
0.21 -0.08 0.93  -51.85 91.73 -213.26 -7.60 0.34 0.09 0.66  -53.76 226.77 59.38 7.56 0.30 0.04 1.04  29.04 57.52 -5.90 1.65 -0.09 0.01 1.15  4.03 -41.15 -24.16 0.14 0.43 0.00
0.03 -0.02 0.99  -36.85 97.46 -219.14 -2.57 0.00 0.05 0.71  -36.29 224.98 69.85 5.75 0.38 0.09 1.00  7.96 105.16 -26.24 5.38 -0.08 -0.02 1.11  -2.32 -37.42 -23.28 -1.04 0.38 0.00
0.17 -0.00 0.90  -24.85 92.83 -209.81 -0.73 0.11 0.07 0.72  -16.05 205.55 70.79 6.33 0.10 -0.03 0.95  -2.87 164.36 -31.18 -0.81 -0.11 -0.01 1.08  -4.40 -42.77 -21.25 -1.00 0.34 0.00
0.18 -0.04 0.88  -29.04 83.09 -220.39 -2.63 0.08 0.09 0.70  -4.18 222.39 66.47 8.42 -0.15 -0.04 0.96  5.17 171.49 -28.15 -2.49 -0.10 -0.02 1.07  -2.48 -51.91 -18.93 -1.15 0.39 0.00
0.06 -0.00 0.88  -29.94 70.65 -209.16 -0.72 -0.06 0.06 0.65  12.08 207.21 59.41 6.76 -0.18 -0.01 0.94  4.85 151.13 -28.75 -1.07 -0.09 -0.02 1.05  -0.29 -59.66 -19.66 -1.43 0.39 0.00
0.08 -0.07 0.86  -35.34 41.10 -207.71 -4.92 -0.11 0.10 0.61  34.50 178.50 50.72 10.25 -0.31 0.00 0.86  -3.41 115.26 -31.13 -0.03 -0.04 -0.02 1.03  -0.49 -63.02 -22.53 -1.14 0.36 0.00
-0.08 -0.29 0.92  -28.66 38.86 -176.68 -18.26 -0.17 0.11 0.58  46.60 155.55 43.12 12.53 -0.32 0.06 0.96  -12.41 64.23 -19.86 3.84 0.01 -0.03 1.03  1.15 -58.59 -21.50 -1.94 0.38 0.00
-0.13 -0.36 0.81  -27.95 11.95 -120.64 -27.88 -0.26 0.09 0.59  45.74 96.91 27.64 11.50 -0.25 -0.03 1.05  -20.82 46.01 -10.12 -1.08 0.01 -0.02 1.04  3.42 -51.92 -17.87 -1.43 0.32 0.00
-0.35 -0.67 0.89  -39.45 66.97 -50.89 -42.80 -0.17 0.14 0.57  24.04 52.09 15.08 16.16 -0.20 -0.02 1.10  -14.01 44.37 -2.02 -1.11 -0.01 -0.02 1.07  5.28 -44.46 -14.35 -1.56 0.25 0.00
0.01 -0.28 0.91  -11.72 32.23 -18.21 -25.40 -0.14 0.07 0.67  9.29 16.09 9.63 8.90 -0.22 0.05 0.92  -27.40 16.92 -5.97 2.57 -0.02 -0.03 1.06  5.07 -39.29 -11.70 -1.69 0.32 0.03
0.16 -0.10 0.95  12.50 10.89 -4.13 -11.05 -0.07 -0.00 0.86  16.96 9.54 1.60 1.79 -0.11 0.03 0.96  -46.34 -7.92 0.15 2.21 -0.03 -0.02 1.09  3.82 -35.54 -11.13 -1.51 0.41 1.37
0.12 -0.03 1.00  11.01 27.92 5.21 -3.75 -0.01 -0.03 0.96  22.63 -25.06 -7.96 -1.57 -0.03 -0.13 1.13  -33.75 -1.55 -3.67 -6.15 0.02 -0.02 1.12  -0.06 -33.36 -10.54 -1.09 0.52 2.42
-0.04 -0.01 1.04  6.85 10.45 3.00 -1.11 -0.09 -0.02 1.03  13.08 -0.15 -4.57 -1.54 -0.09 -0.07 1.11  -24.46 -1.62 -6.81 -4.92 0.05 -0.02 1.12  -3.05 -25.43 -9.60 -1.17 0.52 2.67
0.05 -0.01 1.00  3.67 -5.94 -1.88 -0.72 -0.02 0.01 1.00  5.33 4.13 -4.47 -0.01 -0.01 -0.02 1.04  -17.83 13.88 0.87 -2.05 -0.00 -0.05 1.10  -3.59 -22.98 -7.06 -2.74 0.52 2.77
0.09 -0.01 0.99  3.67 1.55 1.52 -0.57 0.02 0.02 0.99  3.17 -0.88 -5.18 0.94 -0.01 -0.01 1.02  -11.58 18.31 -4.68 -0.86 0.00 -0.05 1.09  -0.96 -24.35 -6.65 -3.00 0.56 2.80
0.04 -0.00 1.00  3.47 7.08 3.61 -0.22 -0.02 0.00 0.99  0.79 4.29 -4.65 0.29 -0.07 -0.02 1.02  -10.82 8.86 -5.89 -1.06 0.03 -0.02 1.09  -1.48 -22.11 -6.21 -1.90 0.57 2.81
0.03 -0.00 1.00  2.86 4.76 3.19 -0.17 -0.03 0.00 0.98  -0.73 6.87 -4.70 0.12 -0.02 -0.02 1.01  -6.16 14.27 -3.50 -1.39 0.03 -0.03 1.09  -0.59 -19.98 -5.48 -1.98 0.54 2.82
0.02 -0.00 1.00  2.43 1.90 2.81 -0.10 -0.03 -0.00 0.96  -0.96 7.59 -4.95 -0.20 -0.05 -0.01 1.00  -5.18 20.03 -4.98 -0.89 0.01 -0.03 1.09  0.26 -17.09 -4.07 -1.94 0.53 2.82
0.02 -0.00 1.00  1.74 1.03 1.97 -0.10 -0.03 0.00 0.95  0.37 3.44 -5.95 0.01 -0.05 -0.01 0.97  -4.49 14.81 -4.47 -0.52 -0.00 -0.02 1.09  -0.14 -17.96 -5.09 -1.33 0.53 2.83
0.02 -0.00 1.00  1.29 -0.88 -0.41 -0.16 -0.01 0.00 0.96  0.68 6.50 -6.30 0.29 -0.03 -0.00 0.98  -5.80 12.73 -4.25 -0.14 0.00 -0.03 1.08  -0.40 -19.41 -6.83 -1.79 0.53 2.88
0.02 0.00 1.00  1.26 -1.76 -1.80 0.14 -0.03 0.00 0.99  0.53 3.64 -6.76 0.24 -0.03 -0.01 1.02  -4.71 14.25 -3.27 -0.56 0.05 -0.03 1.07  -0.25 -17.20 -6.90 -2.22 0.51 2.93
0.04 0.01 1.00  1.45 -2.20 -1.10 0.43 0.02 0.01 0.99  -0.66 1.36 -6.86 0.40 -0.02 -0.01 1.02  -1.23 11.02 -2.38 -0.69 0.06 -0.02 1.05  -0.97 -11.22 -7.36 -1.59 0.49 2.96
0.05 0.01 1.00  1.73 -0.58 0.27 0.39 0.02 0.00 0.96  -0.64 3.56 -6.43 0.23 0.01 0.01 0.98  -1.15 10.70 -3.53 0.34 0.03 -0.00 1.05  -1.24 -9.77 -5.10 -0.59 0.49 2.98
0.03 0.00 1.00  1.73 -0.65 0.17 0.34 0.02 0.00 0.96  1.14 2.48 -5.79 0.10 0.00 0.01 0.98  -4.44 9.52 -3.51 0.69 0.03 -0.00 1.04  -1.25 -10.89 -2.45 -0.33 0.38 2.98
0.04 0.01 1.00  1.63 -1.43 0.01 0.52 0.03 0.00 0.98  1.28 4.66 -5.15 0.24 -0.01 0.00 1.01  -5.35 6.70 -2.00 0.31 0.05 -0.01 1.04  -1.52 -9.60 -2.40 -0.55 0.34 3.02
0.04 0.01 1.00  1.63 -0.45 1.00 0.74 0.03 0.01 0.98  1.27 3.42 -4.31 0.39 0.02 0.01 1.01  -5.34 1.83 -2.11 0.35 0.04 -0.02 1.05  -2.16 -9.63 -2.28 -0.97 0.28 3.02
0.04 0.01 1.00  0.18 0.41 0.71 0.69 0.04 0.01 0.98  0.67 4.16 -2.86 0.46 0.03 0.01 1.00  -6.60 2.39 -2.03 0.36 0.04 -0.03 1.06  -1.58 -12.08 -2.15 -1.67 0.32 3.02
0.04 0.01 1.00  -0.34 -0.39 0.57 0.62 0.04 0.01 1.00  -0.78 3.15 -1.53 0.68 0.02 -0.01 1.01  -6.60 4.61 -1.08 -0.31 0.06 -0.03 1.06  -0.35 -11.41 -3.78 -1.92 0.32 3.02
0.04 0.01 1.00  -0.17 -0.09 1.54 0.72 0.04 0.01 0.99  -2.50 2.12 -1.05 0.68 -0.01 -0.01 0.99  -3.32 3.13 -1.12 -0.79 0.07 -0.03 1.07  0.77 -5.79 -4.30 -1.99 0.29 3.02
0.04 0.01 1.00  0.38 -0.58 1.94 0.57 0.03 0.00 0.95  -1.88 0.84 -0.91 0.19 -0.02 0.01 0.95  -2.83 -2.78 -1.24 0.26 0.07 -0.02 1.07  1.20 -1.72 -1.93 -1.35 0.29 3.02
0.04 0.01 1.00  0.52 -1.50 2.01 0.63 0.02 0.00 0.96  0.49 -3.78 -0.92 0.06 -0.02 -0.00 0.95  -4.05 -11.45 -1.08 -0.02 0.07 -0.02 1.06  2.74 1.87 -1.28 -1.40 0.31 3.01
0.04 0.01 1.00  0.46 -1.61 2.21 0.65 0.03 0.01 0.97  1.31 -4.55 -0.63 0.32 -0.01 -0.01 0.97  -1.55 -18.85 -0.34 -0.40 0.08 -0.02 1.06  3.10 8.91 -1.32 -1.26 0.31 3.00
0.04 0.01 1.00  -0.36 -1.49 2.14 0.77 0.04 0.00 0.98  1.31 -5.24 0.21 0.34 0.02 -0.00 0.97  -0.96 -22.29 -0.33 -0.11 0.08 -0.03 1.06  0.47 12.74 -0.40 -1.69 0.29 2.98
0.04 0.01 1.00  -1.23 -1.87 2.26 0.57 0.03 0.01 0.98  1.26 -8.30 0.75 0.46 0.01 -0.01 0.97  1.91 -18.38 0.55 -0.35 0.08 -0.05 1.05  2.71 21.34 0.88 -3.19 0.31 2.96
0.05 0.01 1.00  -1.27 -1.10 2.21 0.40 0.05 0.01 0.98  0.77 -7.71 1.50 0.78 0.04 0.02 0.98  1.40 -15.55 -0.12 0.84 0.04 -0.03 1.06  4.16 24.04 2.51 -2.37 0.30 2.93
0.05 0.00 1.00  -1.17 0.94 2.48 0.28 0.04 0.01 0.99  -0.66 -4.13 2.55 0.84 0.05 0.00 0.98  0.36 -10.36 -0.57 0.44 -0.03 -0.01 1.07  3.70 19.73 3.49 -0.76 0.29 2.91
0.04 0.00 1.00  -1.43 1.91 2.04 0.27 0.03 0.01 0.98  -2.01 -0.21 3.37 0.62 0.01 0.01 0.97  0.11 -6.37 0.09 0.70 -0.05 -0.00 1.09  2.33 11.17 2.90 -0.41 0.28 2.88
0.04 0.00 1.00  -1.83 2.29 1.74 0.22 0.01 0.00 0.97  -2.10 2.03 3.47 0.36 -0.01 0.01 0.96  -0.85 -6.21 1.62 0.62 -0.04 -0.02 1.09  -1.29 2.11 0.42 -1.20 0.25 2.85
0.03 0.00 1.00  -1.56 1.55 1.19 0.04 0.00 0.00 0.96  -1.16 2.19 3.05 0.31 -0.01 0.00 0.95  -1.98 -2.42 2.47 0.41 -0.02 -0.04 1.08  0.24 -2.67 -2.09 -2.14 0.23 2.83
0.04 -0.00 1.00  -0.90 1.10 0.65 -0.05 0.01 0.01 0.97  -0.57 2.78 2.55 0.54 0.00 0.01 0.95  -3.04 4.23 1.97 0.43 -0.01 -0.02 1.09  1.13 -4.31 -2.62 -1.55 0.17 2.83
0.03 0.00 1.00  -0.31 1.52 0.46 0.01 0.01 0.01 0.97  -0.34 2.98 2.14 0.46 -0.02 -0.00 0.95  -2.51 6.97 1.17 -0.20 -0.00 -0.03 1.09  0.78 -5.53 -1.21 -1.81 0.17 2.85
0.03 -0.00 1.00  0.09 1.51 0.36 -0.03 0.00 0.01 0.97  -0.15 1.79 1.53 0.44 -0.05 -0.01 0.95  -1.53 3.01 0.51 -0.35 -0.00 -0.03 1.09  1.12 -4.87 -1.34 -2.01 0.19 2.85
0.03 0.00 1.00  0.12 0.80 0.00 0.07 0.00 0.00 0.97  0.11 0.55 0.82 0.28 -0.03 -0.00 0.95  0.12 1.00 0.92 -0.31 -0.01 -0.02 1.08  0.81 -3.74 -2.01 -1.57 0.21 2.88
0.03 -0.00 1.00  -0.02 0.31 -0.36 0.01 0.00 0.00 0.97  0.48 -0.38 0.19 0.34 -0.01 -0.00 0.96  -0.12 3.16 0.31 -0.16 -0.00 -0.02 1.08  0.78 -3.47 -1.57 -1.36 0.19 2.89
0.03 0.00 1.00  0.09 0.15 -0.68 0.04 0.01 0.01 0.97  0.43 -0.09 -0.26 0.45 -0.03 -0.00 0.96  0.28 5.63 -0.33 -0.29 0.01 -0.02 1.07  -0.00 -2.50 -1.19 -1.43 0.18 2.91
0.03 0.00 1.00  0.17 -0.10 -0.75 0.10 0.01 0.01 0.98  0.11 -1.44 -0.71 0.42 -0.03 -0.00 0.97  1.62 4.16 -0.08 -0.23 0.01 -0.02 1.06  -0.23 -1.59 -1.44 -1.51 0.16 2.93
0.04 0.00 1.00  0.00 -0.04 -0.42 0.21 0.02 0.00 0.97  -0.24 -0.31 -0.63 0.17 -0.01 -0.00 0.97  2.05 2.26 -0.29 -0.20 0.01 -0.02 1.06  0.29 -0.80 -1.12 -1.44 0.16 2.93
0.04 0.00 1.00  -0.14 0.20 0.15 0.17 0.02 0.00 0.97  0.10 1.11 -0.64 0.30 -0.01 0.00 0.97  1.22 1.07 -0.56 0.21 0.01 -0.02 1.06  0.71 -0.24 -0.75 -1.14 0.15 2.95
0.03 0.00 1.00  -0.15 0.21 0.20 0.13 0.01 0.00 0.97  0.39 1.82 -0.65 0.28 -0.01 0.00 0.97  0.16 2.07 -0.63 0.16 0.00 -0.01 1.06  0.40 -0.57 -0.79 -0.98 0.16 2.96
0.03 0.00 1.00  -0.17 -0.09 0.17 0.10 0.01 0.00 0.97  0.47 1.39 -0.75 0.29 -0.01 0.00 0.98  -0.31 1.87 -0.53 0.17 0.01 -0.02 1.06  -0.02 -0.39 -1.09 -1.23 0.16 2.96
0.03 0.00 1.00  -0.14 0.07 0.24 0.11 0.01 0.01 0.97  0.32 1.40 -0.75 0.43 -0.01 0.00 0.98  -0.61 1.64 -0.59 0.24 0.01 -0.02 1.06  0.44 -0.38 -0.72 -1.35 0.16 2.96
0.03 0.00 1.00  -0.03 0.02 0.21 0.13 0.01 0.01 0.98  -0.05 1.19 -0.73 0.38 -0.01 -0.00 0.98  -0.64 1.39 -0.60 -0.03 0.01 -0.02 1.06  0.84 -0.43 -0.33 -1.23 0.15 2.96
0.03 0.00 1.00  -0.04 -0.07 0.21 0.13 0.01 0.01 0.97  -0.40 0.80 -0.67 0.41 -0.01 0.00 0.98  -0.59 1.31 -0.57 0.08 0.01 -0.02 1.06  0.97 -0.93 -0.50 -1.36 0.14 2.97
0.03 0.00 1.00  -0.04 0.02 0.24 0.10 0.01 0.01 0.97  -0.62 0.94 -0.66 0.43 -0.01 0.00 0.97  -0.37 1.36 -0.47 0.17 0.01 -0.02 1.06  1.29 -1.18 -0.80 -1.29 0.14 2.98
0.04 0.00 1.00  -0.05 0.10 0.24 0.08 0.02 0.00 0.97  -0.73 1.41 -0.55 0.37 -0.00 0.00 0.97  -0.83 1.16 -0.43 0.12 0.02 -0.01 1.06  0.82 -0.97 -0.74 -0.95 0.13 2.98
0.04 0.00 1.00  -0.04 0.15 0.36 0.15 0.02 0.01 0.97  -0.50 0.56 -0.44 0.38 -0.00 0.00 0.97  -1.11 1.95 -0.44 0.10 0.02 -0.02 1.06  0.47 -0.76 -0.16 -1.01 0.13 2.98
0.04 0.00 1.00  -0.04 0.22 0.52 0.22 0.02 0.00 0.97  -0.49 0.77 -0.27 0.33 -0.01 0.00 0.97  -1.02 0.32 -0.42 0.06 0.02 -0.02 1.06  0.65 -0.29 -0.12 -1.35 0.15 2.98
0.04 0.00 1.00  0.02 0.29 0.67 0.17 0.02 0.01 0.97  -0.20 0.42 -0.18 0.37 -0.01 0.00 0.97  -0.70 -1.52 -0.40 0.07 0.02 -0.02 1.06  1.26 0.48 -0.23 -1.44 0.14 2.98
0.03 0.00 1.00  0.04 0.22 0.69 0.13 0.01 0.01 0.97  0.02 0.47 -0.10 0.39 -0.01 0.00 0.97  -0.94 -2.28 -0.43 0.14 0.02 -0.01 1.06  1.42 1.54 0.10 -1.05 0.11 2.98
0.03 0.00 1.00  0.24 0.20 0.72 0.12 0.01 0.01 0.97  0.11 -0.48 -0.26 0.40 -0.01 0.00 0.97  -0.79 -2.39 -0.39 0.07 0.02 -0.01 1.06  0.81 2.37 0.55 -0.90 0.11 2.98
0.03 0.00 1.00  0.39 -0.06 0.75 0.12 0.01 0.01 0.97  0.06 -0.70 -0.30 0.42 -0.01 0.00 0.97  -0.64 -2.01 -0.43 0.16 0.02 -0.01 1.06  0.06 2.73 0.63 -0.93 0.14 2.98
0.03 0.00 1.00  0.39 -0.37 0.72 0.14 0.02 0.01 0.97  -0.02 -0.49 -0.24 0.47 -0.00 0.00 0.97  -0.71 -2.05 -0.23 0.14 0.01 -0.02 1.06  -0.60 2.17 0.48 -1.07 0.20 2.98
0.04 0.00 1.00  0.17 -0.23 0.72 0.18 0.02 0.01 0.97  -0.18 -0.45 -0.04 0.49 -0.00 0.00 0.98  -0.79 -2.00 -0.07 0.15 0.01 -0.02 1.05  -0.29 1.54 0.07 -1.32 0.20 2.98
0.04 0.00 1.00  0.08 0.06 0.79 0.27 0.02 0.01 0.97  -0.45 -0.47 0.10 0.49 -0.00 0.00 0.97  -0.9