-0.02 0.01 1.02  1.00 1.74 0.98 0.58 -0.04 -0.00 0.98  0.57 0.75 1.18 -0.02 -0.06 -0.02 0.98  -3.04 5.65 0.92 -0.83 0.03 -0.01 1.05  -5.24 -4.41 0.01 -0.83 2.66 2.91
-0.03 0.01 1.02  -0.01 0.25 0.71 0.62 -0.06 -0.00 0.97  -0.32 0.88 0.14 -0.14 -0.10 -0.02 0.98  -1.34 2.36 0.24 -1.37 0.04 -0.02 1.05  -2.38 -0.18 -0.44 -1.11 2.67 2.91
-0.02 0.01 1.02  -0.51 -0.78 0.49 0.57 -0.04 -0.00 0.97  -0.61 0.74 -0.64 -0.25 -0.06 -0.01 0.96  -2.07 -2.80 -0.80 -0.83 0.03 -0.01 1.06  -2.90 2.01 -0.01 -0.97 2.67 2.91
-0.02 0.01 1.02  -0.66 -1.07 0.51 0.48 -0.03 0.00 0.96  -0.16 -0.16 -0.79 0.01 -0.02 0.00 0.95  -2.44 -3.63 -0.75 0.01 0.03 -0.03 1.07  -2.16 2.13 -1.16 -1.81 2.67 2.90
-0.02 0.01 1.02  -0.40 -0.43 0.71 0.40 -0.02 0.01 0.97  -0.11 0.80 -0.26 0.32 -0.01 0.01 0.96  -2.47 -2.00 0.63 0.46 0.04 -0.04 1.07  -1.24 -0.60 -1.48 -2.53 2.67 2.90
-0.02 0.00 1.01  -0.38 -0.07 0.85 0.34 -0.03 0.01 0.97  -0.51 1.77 0.49 0.38 -0.02 -0.00 0.96  -3.14 0.30 0.21 0.03 0.06 -0.03 1.07  -1.31 -2.31 -1.19 -2.13 2.67 2.88
-0.02 0.00 1.02  0.07 0.50 0.97 0.32 -0.03 0.00 0.96  -0.76 1.80 1.03 0.11 -0.03 0.00 0.95  -3.15 3.79 0.25 0.12 0.03 -0.02 1.07  -1.33 -3.39 0.39 -1.52 2.69 2.88
-0.02 0.01 1.02  0.37 0.91 1.04 0.41 -0.03 0.00 0.96  -0.67 0.84 1.20 0.04 -0.04 -0.00 0.94  -3.06 4.04 0.34 -0.01 0.03 -0.02 1.07  -2.35 -3.62 0.24 -1.32 2.70 2.88
-0.02 0.01 1.02  0.02 0.71 1.07 0.43 -0.04 -0.00 0.96  -0.29 -0.12 1.00 -0.05 -0.05 -0.01 0.94  -2.31 3.00 0.99 -0.51 -0.01 -0.02 1.08  -1.06 -4.21 -0.72 -1.45 2.71 2.88
-0.02 0.01 1.02  -0.02 0.42 0.89 0.43 -0.04 0.00 0.96  -0.10 -0.33 0.90 0.12 -0.04 -0.00 0.94  -2.47 3.22 0.96 -0.20 0.06 -0.02 1.08  -0.72 -7.50 -1.94 -1.39 2.71 2.88
-0.02 0.01 1.02  0.24 0.82 0.90 0.39 -0.04 0.00 0.96  -0.13 0.13 0.88 0.15 -0.04 -0.01 0.94  -1.50 3.95 0.61 -0.40 0.06 -0.04 1.08  -3.32 -4.11 -2.81 -2.23 2.71 2.88
-0.02 0.01 1.02  0.38 0.88 0.94 0.44 -0.05 -0.00 0.96  0.11 -0.62 0.22 0.01 -0.08 -0.01 0.95  0.33 1.05 1.40 -0.47 0.04 -0.02 1.07  -2.31 -0.80 -0.51 -1.57 2.71 2.88
-0.03 0.01 1.02  -0.24 -0.40 0.66 0.62 -0.06 -0.01 0.96  0.21 -1.23 -1.02 -0.32 -0.10 -0.03 0.94  -1.01 -3.22 -1.66 -1.82 0.08 -0.02 1.07  -1.68 5.55 0.71 -1.63 2.71 2.88
-0.03 0.01 1.02  -1.03 -1.87 0.27 0.50 -0.05 -0.00 0.96  0.72 -1.33 -1.87 -0.26 -0.07 -0.01 0.94  1.56 -5.74 -1.14 -0.72 0.07 -0.05 1.09  0.58 11.09 1.30 -2.71 2.70 2.88
-0.02 0.00 1.02  -0.95 -1.78 0.45 0.27 -0.03 0.01 0.97  1.45 -3.64 -1.61 0.37 -0.03 -0.01 0.95  2.57 -14.48 -0.59 -0.51 0.05 -0.09 1.12  7.00 12.46 0.75 -4.94 2.69 2.88
-0.01 0.00 1.01  0.28 -0.05 0.87 0.22 -0.02 0.01 0.98  0.83 -4.13 -0.51 0.64 -0.01 -0.00 0.95  4.91 -12.16 -1.97 -0.31 0.04 -0.06 1.13  14.36 9.78 1.20 -4.13 2.69 2.88
-0.02 0.00 1.01  1.34 1.14 1.03 0.18 -0.03 0.01 0.96  0.62 -3.59 0.05 0.76 -0.04 0.00 0.92  10.01 -8.46 -0.43 0.03 0.06 -0.03 1.09  9.75 9.14 3.10 -2.18 2.67 2.90
-0.02 0.01 1.02  1.60 1.40 0.95 0.40 -0.05 -0.01 0.94  2.24 -3.24 -0.49 -0.23 -0.07 -0.01 0.92  8.88 -8.42 -1.46 -0.46 0.04 0.01 1.07  4.35 11.54 3.55 0.27 2.67 2.91
-0.03 0.01 1.02  0.57 -0.06 0.50 0.72 -0.07 -0.01 0.95  4.47 -2.37 -2.53 -0.93 -0.11 -0.02 0.95  5.89 -10.33 -2.84 -1.26 -0.01 0.03 1.06  1.53 15.52 3.39 1.42 2.65 2.93
-0.03 0.01 1.02  -1.39 -3.26 -0.26 0.74 -0.07 -0.01 0.97  5.41 -1.71 -5.38 -0.82 -0.11 -0.01 0.98  4.58 -11.26 -3.36 -1.09 0.01 0.02 1.03  -1.29 17.62 2.21 1.15 2.61 2.93
-0.02 0.01 1.02  -2.04 -5.23 -0.87 0.53 -0.04 0.00 0.98  5.41 -1.36 -7.02 -0.14 -0.05 -0.00 1.00  1.20 -8.84 -4.80 -0.33 0.02 -0.03 1.03  -3.20 19.38 0.99 -1.25 2.56 2.93
-0.01 0.00 1.01  -1.94 -5.22 -0.77 0.37 -0.01 0.01 1.00  4.55 -2.33 -6.66 0.38 0.01 -0.00 1.01  1.33 -7.45 -4.91 -0.18 0.03 -0.06 1.04  1.42 19.70 -2.62 -3.47 2.52 2.93
0.00 0.00 1.01  -1.00 -3.10 -0.05 0.25 0.01 0.01 1.01  2.52 -3.15 -4.92 0.80 0.01 0.01 1.01  4.85 -10.96 -2.89 0.53 0.04 -0.04 1.04  9.59 16.86 -0.62 -2.62 2.52 2.93
-0.00 0.00 1.01  -0.41 -0.93 0.74 0.27 0.00 0.01 1.00  0.03 -1.81 -2.73 0.57 0.00 0.01 1.00  4.46 -13.08 -3.21 0.51 0.03 0.00 1.04  7.01 11.46 2.00 -0.50 2.55 2.93
-0.01 0.00 1.01  -0.62 -0.46 0.95 0.32 -0.01 -0.00 0.98  -0.96 -0.91 -1.72 0.10 -0.00 0.01 0.98  3.56 -10.22 -1.05 0.76 0.01 0.02 1.03  6.27 8.15 1.26 0.82 2.57 2.93
-0.01 0.00 1.01  -0.85 -0.99 0.60 0.20 -0.01 -0.00 0.97  -0.65 0.14 -1.33 -0.02 0.00 0.01 0.98  -0.11 -3.29 -0.59 0.84 0.03 0.01 1.02  1.07 4.30 -0.90 0.85 2.57 2.92
-0.01 0.00 1.01  -0.31 -0.47 0.45 0.18 -0.01 0.00 0.98  -0.40 1.45 -0.64 0.19 0.01 0.02 0.99  -4.65 2.37 -0.15 1.06 0.02 -0.02 1.03  -3.93 2.10 -2.20 -0.68 2.57 2.93
-0.00 0.00 1.01  0.07 0.32 0.50 0.16 -0.00 0.01 0.99  -0.78 2.06 0.14 0.34 0.01 0.01 0.99  -5.69 6.97 0.13 0.72 -0.00 -0.02 1.04  -2.85 -3.83 -0.52 -1.33 2.57 2.93
-0.00 0.00 1.01  0.08 1.16 0.73 0.21 -0.00 0.01 1.00  -2.25 3.49 1.18 0.37 0.01 0.00 1.00  -5.90 8.62 1.67 0.30 0.01 -0.03 1.05  2.91 -9.84 -2.33 -1.93 2.60 2.93
-0.00 0.00 1.01  -0.12 1.80 1.00 0.22 -0.00 0.01 1.00  -4.10 3.32 2.23 0.55 0.00 -0.00 0.99  -3.94 9.42 2.27 -0.00 0.02 -0.02 1.05  1.30 -15.10 -3.46 -1.39 2.61 2.91
-0.02 -0.01 1.01  1.23 1.73 0.17 -0.47 -0.01 0.03 1.01  -7.11 5.13 2.05 1.97 -0.01 0.02 0.98  -3.88 17.18 4.00 1.18 0.03 -0.02 1.04  -4.37 -17.60 -5.09 -1.22 2.46 2.93
-0.00 0.01 1.01  2.87 2.84 -1.15 0.55 0.00 -0.00 0.99  -13.05 19.47 2.98 0.34 0.01 0.00 1.01  -4.81 32.81 4.11 0.29 0.05 0.00 1.06  -13.10 -14.92 -3.63 -0.22 2.40 2.98
-0.02 0.01 1.01  2.01 2.06 -1.03 0.40 -0.06 -0.02 0.88  -6.85 11.29 3.04 -1.42 -0.05 0.03 0.85  -9.11 34.84 2.55 2.14 0.05 0.05 1.09  -17.64 -15.72 -1.29 2.49 2.42 3.02
-0.00 0.00 1.01  2.54 2.31 -1.74 0.30 0.01 -0.01 0.88  1.69 11.17 3.77 -0.67 0.00 0.02 0.83  -17.15 28.58 5.78 1.97 0.06 0.01 1.12  -26.03 -19.91 -7.59 1.05 2.37 3.03
-0.01 0.01 1.02  3.01 3.72 -1.04 0.71 0.01 0.01 0.97  5.82 7.54 6.18 0.19 0.04 -0.02 0.96  -15.63 34.49 7.60 -0.73 0.20 -0.09 1.09  -21.45 -17.47 -12.99 -4.73 2.35 3.05
-0.02 0.02 1.03  1.25 3.64 0.76 1.22 -0.02 0.00 1.02  3.03 1.28 9.31 0.28 -0.05 -0.03 1.05  -7.68 26.44 6.98 -1.94 0.21 -0.07 1.04  -12.97 -3.02 -5.64 -4.62 2.39 3.03
-0.02 0.02 1.02  -0.43 2.13 2.38 1.41 -0.05 -0.01 1.00  0.63 -11.34 10.41 -0.43 -0.15 -0.03 1.02  0.01 -3.61 6.94 -2.04 0.03 -0.03 1.04  -11.28 6.15 2.41 -2.58 2.47 3.03
-0.03 0.02 1.03  -3.41 -1.78 2.54 1.34 -0.04 -0.01 0.97  -0.05 -12.38 11.08 -0.86 -0.12 -0.01 0.94  -0.57 -32.56 8.72 -0.84 -0.01 -0.03 1.08  -9.78 -0.91 -1.29 -1.95 2.52 2.96
-0.01 0.01 1.02  -5.18 -2.62 2.84 0.69 -0.03 0.01 1.01  -1.99 -11.62 12.13 0.62 -0.04 0.00 1.00  -2.99 -44.86 11.95 -0.06 0.08 -0.08 1.10  -2.08 6.66 -7.38 -4.69 2.57 2.82
-0.01 0.01 1.02  -5.74 -1.99 3.43 0.61 -0.04 0.03 1.08  -10.85 -9.29 13.80 1.55 0.01 -0.05 1.10  -2.22 -34.48 12.66 -2.40 0.07 -0.08 1.10  5.74 10.58 -3.19 -4.94 2.61 2.52
0.01 0.00 1.02  -10.64 -3.00 4.00 0.24 -0.05 0.04 1.15  -24.82 -7.71 15.22 2.47 0.06 -0.11 1.15  12.37 3.39 11.87 -5.92 0.04 -0.01 1.10  3.70 9.60 4.84 -1.74 2.61 1.53
0.09 0.03 1.03  -19.77 8.54 11.01 1.50 -0.01 0.02 1.18  -51.63 -4.10 12.68 1.65 -0.01 -0.10 1.24  45.01 58.65 9.02 -5.85 0.02 -0.04 1.11  -0.40 21.72 6.94 -2.28 2.51 0.46
0.15 0.05 1.09  -28.45 2.40 37.49 2.89 -0.03 -0.12 1.01  -69.33 -1.81 3.56 -6.54 -0.17 -0.13 1.21  68.95 66.77 9.64 -7.11 -0.01 -0.05 1.10  -1.38 25.51 9.04 -3.18 1.71 0.11
0.14 0.16 1.14  -26.82 -10.68 46.73 8.68 -0.06 -0.15 0.91  -58.33 -28.50 -6.84 -10.56 -0.25 -0.07 1.11  61.16 1.42 1.32 -4.87 -0.08 -0.03 1.08  1.21 20.00 3.65 -2.30 0.79 0.00
0.36 0.42 1.16  -18.08 -9.23 -29.29 21.63 0.26 -0.08 1.01  -27.44 9.12 -7.12 -6.94 0.06 -0.04 1.01  45.39 -25.62 -9.86 -3.41 -0.16 0.01 1.09  5.66 11.48 -6.55 0.13 0.75 0.00
0.06 0.44 1.23  15.99 -8.24 -46.25 24.13 -0.14 -0.09 1.05  9.50 47.57 -4.07 -6.50 0.20 0.05 1.08  39.26 50.18 -14.02 1.82 -0.12 0.00 1.07  1.21 1.86 -12.86 0.04 0.62 0.00
0.06 0.37 1.15  47.28 -10.31 -31.65 22.61 -0.09 -0.09 1.00  46.72 16.52 -6.73 -6.19 -0.09 0.01 1.14  35.49 96.08 -1.04 1.09 -0.05 -0.00 1.05  -6.81 -1.79 -14.19 -0.24 0.61 0.00
0.13 0.23 1.09  47.63 -8.75 -39.03 16.50 -0.07 -0.05 0.96  68.60 26.05 -10.12 -4.37 -0.33 -0.03 1.22  38.75 79.64 -0.11 -1.18 -0.06 -0.01 1.04  -7.26 0.91 -10.93 -0.57 0.65 0.00
0.05 0.13 1.12  46.09 -13.07 -50.10 9.91 -0.11 -0.04 0.94  79.90 33.32 -13.51 -3.43 -0.37 0.01 1.25  39.55 19.83 -9.44 0.40 -0.13 -0.01 1.06  -4.62 9.18 -2.28 -0.92 0.68 0.00
-0.04 0.12 1.11  53.80 -18.69 -39.88 8.04 -0.16 -0.03 0.95  91.43 16.46 -16.63 -2.62 -0.18 0.07 1.20  32.72 -15.15 -13.82 3.56 -0.12 -0.04 1.07  -1.93 9.03 0.10 -2.33 0.57 0.00
-0.06 0.11 1.02  41.60 -22.67 -22.05 7.69 -0.13 -0.01 0.98  95.59 1.79 -16.82 -0.95 -0.09 0.11 1.25  27.06 2.85 -6.84 6.00 -0.11 -0.04 1.06  3.08 5.30 -1.84 -2.70 0.48 0.00
-0.04 -0.14 0.99  29.28 -34.49 -18.59 -6.59 -0.10 0.07 0.97  84.13 0.98 -15.27 4.19 -0.14 0.12 1.33  14.24 13.62 -3.47 6.50 -0.11 0.01 1.03  0.32 -0.68 -5.14 0.21 0.50 0.00
-0.06 -0.18 0.77  6.29 -23.50 -11.42 -14.88 -0.10 0.11 0.96  55.37 3.06 -10.38 7.71 -0.16 0.12 1.35  4.78 11.13 -8.53 6.40 -0.13 0.03 1.00  1.23 -7.28 -4.88 2.03 0.53 0.00
-0.07 -0.38 0.71  -29.62 -12.68 -7.68 -31.43 -0.06 0.20 0.91  18.85 6.84 -6.24 13.79 -0.21 0.14 1.36  -4.54 -4.39 -12.00 7.04 -0.10 0.04 0.95  -2.76 -12.26 -2.01 2.61 0.49 0.00
-0.16 -0.41 0.47  -47.08 -19.88 9.25 -47.37 -0.11 0.24 0.86  -19.69 -9.02 -8.56 18.18 -0.21 0.18 1.35  -21.97 -24.80 -16.35 8.94 -0.11 -0.02 0.90  3.87 -5.50 -1.68 -0.84 0.57 1.65
0.54 -0.51 1.27  -73.94 -9.33 69.31 -31.35 0.30 -0.20 1.22  -39.84 -42.79 -13.67 -5.71 -0.13 -0.17 1.45  -32.21 -41.45 -7.02 -4.84 -0.00 0.06 1.09  11.19 2.41 -6.40 3.13 0.70 2.95
0.04 -0.27 1.12  -26.28 107.90 42.93 -19.56 0.02 -0.01 0.98  -75.57 37.58 -8.19 -1.84 0.21 -0.16 1.37  -27.18 -8.77 -29.12 -7.81 -0.05 0.01 1.15  18.84 26.12 -6.14 1.16 0.73 3.03
0.03 -0.07 1.05  -4.08 45.78 16.92 -7.51 0.07 -0.01 0.85  -62.81 10.55 -10.46 -1.42 -0.18 0.28 0.85  -50.66 -25.47 -25.47 16.61 -0.17 -0.02 1.19  14.25 -3.05 -0.25 -0.72 0.83 3.07
0.00 -0.01 1.03  5.15 24.67 9.13 -2.28 0.03 -0.04 0.85  -44.43 13.77 -12.34 -2.78 0.20 -0.01 0.89  -69.31 -32.79 -10.51 2.44 -0.05 -0.13 1.21  1.61 -17.05 -20.74 -6.50 2.22 3.08
0.01 0.01 1.02  4.09 8.39 4.13 0.06 0.04 -0.02 0.92  -33.37 13.67 -10.74 -1.53 0.06 -0.01 0.97  -61.28 -10.19 -10.79 0.03 0.10 0.02 1.19  3.01 -11.51 -19.15 -0.38 2.49 3.08
0.02 0.01 1.02  2.19 2.29 2.55 0.85 0.10 -0.00 0.94  -27.83 7.28 -8.57 -0.45 0.00 0.01 0.99  -61.72 -42.05 -10.05 0.40 0.11 -0.02 1.14  7.74 -3.38 11.66 -1.20 2.57 3.07
0.05 0.02 1.01  1.38 2.93 3.12 1.06 0.13 0.02 0.99  -25.47 -2.78 -4.72 1.17 0.09 0.01 1.01  -56.25 -79.00 -7.99 0.81 0.08 -0.05 1.11  7.75 -6.54 22.40 -2.62 2.62 3.03
0.03 0.02 1.01  2.54 5.93 4.89 1.15 0.09 0.04 1.03  -30.40 -5.47 -1.31 2.60 0.20 0.03 1.02  -45.98 -57.28 -2.11 1.64 0.07 -0.09 1.08  2.84 -0.57 19.38 -5.08 2.67 2.98
0.02 0.03 1.02  1.76 6.60 5.80 1.76 0.12 0.02 0.97  -39.66 6.85 -0.02 1.76 0.18 0.00 1.00  -36.61 -12.40 -0.38 0.40 0.07 -0.10 1.06  4.13 2.67 12.70 -6.41 2.76 2.80
-0.00 0.03 1.03  -3.66 4.69 4.96 1.92 0.06 -0.00 0.90  -43.44 5.76 0.89 0.26 -0.01 0.02 0.93  -40.12 -18.00 -0.61 1.19 0.08 -0.09 1.01  7.29 3.17 7.56 -6.23 2.83 1.89
-0.00 0.04 1.04  -13.46 -0.26 6.18 2.47 0.03 -0.01 0.90  -42.66 -10.24 1.01 -0.45 -0.09 -0.05 0.96  -40.15 -54.67 5.26 -2.73 0.09 -0.02 0.97  3.99 6.02 5.62 -2.17 2.91 0.67
0.00 0.02 1.04  -28.97 -1.74 9.94 1.55 0.08 -0.01 0.90  -46.63 -16.65 1.96 -0.55 0.08 -0.03 0.94  -25.86 -47.85 11.47 -2.67 0.10 0.01 0.96  -4.51 15.62 -4.53 0.39 2.98 0.16
0.03 -0.00 1.04  -49.13 0.25 20.83 0.10 0.11 -0.01 0.88  -53.89 -19.38 4.79 -0.84 0.16 -0.04 1.00  -20.60 -35.79 14.05 -3.08 0.08 0.02 0.96  2.65 18.20 -5.05 0.99 3.02 0.00
0.01 -0.02 1.04  -74.46 6.34 25.08 -1.36 0.09 -0.03 0.90  -66.00 -20.29 10.30 -2.07 0.07 -0.07 1.02  -17.42 -33.39 9.88 -4.74 0.09 0.06 0.92  10.19 17.46 -0.45 3.97 3.06 0.00
0.04 -0.03 1.04  -112.14 17.97 31.37 -1.75 0.11 -0.06 0.91  -82.60 -23.08 15.73 -4.27 0.11 -0.07 1.10  -5.85 -43.51 14.71 -4.52 0.08 0.13 0.98  4.46 20.91 3.90 8.07 3.08 0.00
0.07 -0.05 1.00  -166.30 32.27 59.73 -3.58 0.04 -0.11 1.00  -102.08 -28.42 16.05 -7.35 0.24 -0.13 1.19  9.73 -23.96 9.95 -7.36 -0.04 0.10 1.02  10.76 9.77 14.97 7.21 3.13 0.00
0.08 -0.10 0.96  -246.74 73.64 108.42 -6.57 0.09 -0.22 1.16  -124.34 -58.56 7.18 -12.49 0.16 -0.15 1.43  39.46 31.23 8.24 -7.54 -0.01 -0.01 1.05  16.19 3.62 15.91 0.87 3.13 0.00
-0.20 -0.77 0.85  -246.74 70.26 119.04 -43.55 -0.08 -0.14 0.79  -132.79 -81.44 0.50 -12.82 -0.07 -0.12 1.18  92.35 49.94 13.65 -7.16 0.06 -0.15 1.12  9.74 12.72 27.17 -7.48 3.06 0.00
-0.13 -0.83 1.69  -147.38 -51.44 77.36 -34.86 0.31 0.03 0.36  -122.01 -84.80 10.27 1.84 -0.01 -0.18 0.72  97.75 -3.46 -3.21 -15.12 -0.05 -0.03 1.17  -5.71 8.90 40.39 -2.90 0.18 0.00
0.49 0.20 1.21  89.07 -23.91 33.82 2.64 0.13 0.05 0.76  -41.40 -21.48 -8.61 4.37 0.14 -0.29 0.74  94.98 24.52 -11.91 -23.91 -0.02 0.06 1.19  -6.37 6.43 21.46 2.43 0.57 0.00
-0.04 0.43 1.13  139.35 -3.28 -15.74 21.34 -0.02 0.12 0.75  56.94 26.08 -11.31 10.33 0.14 -0.10 0.87  101.83 88.73 -16.83 -11.35 -0.07 -0.11 1.15  -5.44 15.15 3.22 -5.14 0.15 0.00
-0.22 0.17 1.11  200.43 -57.62 -34.84 13.02 -0.29 0.12 0.62  154.09 -3.21 -15.19 13.15 -0.05 0.03 0.92  87.83 96.81 -9.86 -0.50 -0.12 -0.15 1.11  -2.28 0.77 -0.74 -8.53 0.67 0.00
-0.15 -0.27 1.10  233.80 -65.04 -52.55 -11.05 -0.05 0.07 0.48  211.61 -4.47 -24.01 11.05 -0.17 0.10 0.93  74.53 82.27 -11.24 6.26 -0.14 -0.00 1.09  -5.01 -15.58 -6.31 -1.78 0.89 0.00
0.07 -0.59 0.94  203.87 -52.06 -106.35 -34.22 -0.01 -0.00 0.39  217.18 63.44 -24.43 2.36 -0.21 0.08 1.06  59.42 61.66 -18.58 5.78 -0.08 -0.02 1.03  -3.00 -21.36 -13.25 -1.70 0.93 0.00
-0.06 -0.54 0.71  114.92 -15.26 -148.80 -43.70 -0.04 0.04 0.30  204.46 117.26 -18.19 9.03 -0.17 0.19 1.14  45.19 48.36 -16.46 10.72 -0.04 -0.04 1.02  -2.93 -24.36 -16.87 -2.70 0.71 0.00
-0.28 -1.21 0.90  55.52 -90.66 -132.59 -62.09 -0.22 0.19 0.34  186.18 72.38 -21.06 30.24 -0.14 0.28 1.17  11.23 35.77 -10.27 15.56 -0.10 -0.07 1.01  6.03 -26.15 -18.36 -4.35 0.55 0.00
-0.30 -1.07 0.48  86.73 -55.32 -61.58 -78.43 -0.05 0.17 0.45  134.91 23.45 -29.35 26.33 -0.14 0.18 1.28  -4.90 25.53 -14.64 11.26 -0.09 0.03 0.97  12.65 -33.36 -19.26 0.67 0.65 0.00
-0.36 -0.99 0.25  28.21 -48.65 -33.71 -91.27 -0.15 0.23 0.55  68.55 13.35 -28.61 27.96 -0.15 0.05 1.33  -24.10 -17.30 -15.57 4.47 0.05 0.09 0.91  2.42 -31.05 -18.48 6.00 0.61 0.00
-0.57 -0.89 0.33  -19.36 -49.93 2.30 -87.82 -0.26 0.24 0.60  3.31 -29.71 -22.89 27.08 -0.19 0.11 1.33  -29.59 -15.80 -10.48 5.64 0.05 0.04 0.86  1.73 -19.05 -13.75 4.03 0.57 0.00
0.64 -0.45 1.22  2.54 -16.91 67.64 -37.73 0.66 -0.38 1.18  -35.53 -78.74 -18.66 -12.34 -0.12 0.02 1.30  -52.76 -54.84 -6.11 2.07 0.02 0.08 1.08  -0.15 -12.05 -12.69 5.06 0.60 2.91
-0.14 -0.22 1.10  -8.53 74.31 26.09 -19.06 -0.35 -0.06 1.05  -69.73 19.40 -2.00 -5.71 0.23 -0.43 1.43  -45.14 -3.00 -25.99 -16.34 0.13 0.09 1.19  12.72 23.15 -30.74 5.34 0.33 3.03
0.08 -0.08 0.99  -0.80 16.44 4.80 -8.32 0.20 -0.00 0.90  -62.53 10.08 -5.02 -1.40 -0.30 0.42 0.78  -56.13 -36.54 -12.55 25.01 -0.13 -0.10 1.14  1.54 2.62 -17.97 -3.89 0.37 3.08
0.04 -0.05 1.00  4.83 11.96 4.39 -4.48 0.12 -0.04 0.84  -43.60 1.13 -7.23 -2.76 0.32 -0.06 0.85  -83.41 -44.11 -6.89 0.86 -0.04 -0.09 1.13  -8.38 -11.47 -28.30 -5.55 0.43 3.08
0.03 -0.02 1.00  5.41 7.74 1.95 -2.16 0.11 -0.00 0.97  -32.88 13.03 -3.92 -0.66 0.15 0.01 1.00  -73.57 -21.02 -9.07 0.85 0.13 0.07 1.13  -1.86 -6.67 -16.14 2.36 0.48 3.08
0.04 -0.01 0.99  4.95 6.58 2.84 -0.74 0.17 0.02 1.05  -31.43 9.42 -0.51 0.88 0.05 0.01 1.08  -71.26 -32.22 -9.98 0.33 0.09 -0.02 1.08  -0.30 -3.28 12.93 -0.84 0.60 3.08
0.03 0.00 1.00  1.52 6.21 4.59 -0.14 0.10 0.03 1.11  -35.50 -2.04 3.27 1.85 0.08 -0.01 1.13  -54.57 -61.28 -6.49 -0.59 0.12 -0.10 1.05  1.67 -3.14 21.31 -5.84 0.52 3.03
0.02 -0.00 1.00  -0.17 3.71 6.50 -0.20 0.11 0.05 1.09  -46.90 -11.32 3.90 3.04 0.07 -0.01 1.10  -34.44 -43.99 -0.93 -0.68 0.11 -0.12 1.05  -3.29 10.57 15.06 -7.44 0.69 2.93
0.02 -0.00 1.01  -3.17 4.31 8.42 -0.19 0.10 0.06 0.97  -56.07 -3.55 4.16 3.83 0.03 0.00 1.01  -22.73 -41.08 -0.88 -0.04 0.04 -0.12 1.02  6.86 19.07 6.11 -8.31 1.98 2.45
-0.00 0.00 1.02  -11.14 1.74 8.78 0.08 0.08 0.01 0.89  -58.34 -7.18 3.28 1.63 0.04 0.01 0.93  -19.22 -52.48 2.00 0.81 0.03 -0.01 0.98  5.11 15.74 3.32 -2.20 2.75 1.04
0.00 -0.01 1.02  -24.08 -1.85 9.65 -0.76 0.07 0.01 0.82  -57.47 -5.98 3.27 0.88 0.09 0.01 0.89  -18.28 -44.55 6.90 0.58 0.04 0.03 0.95  -5.22 16.56 -1.25 1.55 2.92 0.23
0.03 -0.04 1.01  -36.45 -2.24 16.13 -2.52 0.10 0.00 0.76  -52.95 -9.66 3.33 0.45 0.09 0.01 0.86  -21.15 -39.76 11.60 1.04 0.08 -0.01 0.95  -4.08 20.84 -7.76 -0.17 2.98 0.00
0.00 -0.07 1.00  -48.19 -1.93 22.07 -4.53 0.10 0.01 0.79  -49.97 -20.36 5.97 1.06 0.07 -0.00 0.93  -26.80 -47.75 14.22 0.00 0.10 -0.02 0.93  4.71 24.18 -10.70 -0.98 3.05 0.00
0.01 -0.09 0.99  -65.82 -0.50 23.61 -6.27 0.09 0.02 0.84  -56.61 -27.07 10.86 1.18 0.10 -0.01 1.00  -22.84 -59.46 17.98 -0.39 0.06 0.06 0.89  5.52 25.05 -5.23 3.69 3.08 0.00
0.02 -0.10 0.98  -94.25 2.39 31.48 -7.34 0.09 0.01 0.91  -73.95 -37.36 15.10 1.01 0.15 -0.03 1.14  -14.50 -46.86 18.88 -1.39 0.05 0.08 0.94  2.23 20.07 5.17 5.36 3.08 0.00
0.12 -0.06 0.99  -155.33 12.99 60.50 -5.18 0.11 -0.17 1.01  -99.93 -38.09 19.51 -9.23 0.27 -0.18 1.27  4.37 -23.78 12.64 -8.38 -0.14 0.18 1.02  -7.13 15.47 24.23 11.23 3.12 0.00
0.16 -0.02 1.01  -246.74 51.84 122.99 -2.52 0.09 -0.36 1.24  -128.55 -79.74 11.58 -18.32 0.19 -0.24 1.51  36.85 48.55 9.88 -10.55 -0.10 0.02 1.17  6.97 -5.10 26.59 3.29 3.12 0.00
-0.17 -1.06 0.91  -246.74 85.45 124.03 -50.01 0.08 -0.25 0.69  -143.62 -76.49 12.63 -23.79 0.07 -0.25 1.22  103.53 64.65 16.25 -13.53 0.06 -0.15 1.17  8.42 10.24 27.78 -6.48 2.52 0.00
0.52 -0.77 1.71  -67.19 -22.16 89.25 -34.16 0.39 0.00 0.48  -109.19 -43.02 20.67 -4.44 -0.01 -0.28 0.64  108.97 25.83 -5.90 -26.43 0.05 -0.14 1.13  6.65 7.52 33.17 -8.27 0.61 0.00
0.36 0.21 1.06  70.92 21.86 -42.47 4.62 0.06 0.12 0.65  -22.83 42.15 3.62 9.45 -0.04 -0.28 0.79  110.35 59.51 -7.60 -24.44 -0.06 0.10 1.13  9.63 10.77 18.91 3.53 0.73 0.00
-0.10 0.23 1.03  153.83 -36.75 -51.83 13.39 -0.18 0.25 0.62  70.60 57.38 -25.41 24.24 -0.12 -0.08 0.89  110.17 60.39 -5.95 -9.57 -0.15 -0.03 1.06  8.92 12.42 5.62 -1.15 0.55 0.00
-0.13 -0.01 0.95  205.37 -53.33 -65.03 1.92 -0.20 0.23 0.51  161.17 -5.56 -36.24 29.46 -0.09 0.06 0.87  94.40 61.03 0.96 2.13 -0.06 -0.10 1.01  9.16 -2.88 -4.58 -6.07 0.40 0.00
-0.24 -0.39 0.98  223.54 -50.71 -76.48 -21.19 0.05 0.19 0.38  202.97 40.42 -36.19 33.08 -0.04 0.16 0.97  77.00 54.01 -6.91 10.14 -0.08 0.01 1.02  -0.10 -8.51 -5.96 -0.57 0.27 0.00
-0.23 -0.64 0.96  212.56 -27.18 -84.71 -37.81 -0.11 0.14 0.34  214.77 58.32 -12.71 28.86 -0.00 0.20 1.09  55.96 37.78 -23.34 12.45 -0.09 -0.04 0.97  -5.00 -9.44 -7.43 -2.46 0.29 0.00
-0.21 -0.67 0.93  191.36 -26.33 -63.71 -43.41 -0.08 0.16 0.36  216.08 36.00 -5.92 29.45 -0.05 0.31 1.10  26.76 45.52 -20.34 18.36 -0.06 -0.03 0.94  -3.50 -14.51 -10.34 -2.07 0.30 0.00
-0.16 -0.65 0.74  136.00 -40.41 -44.38 -49.97 -0.07 0.10 0.44  199.50 31.93 -9.53 18.98 -0.17 0.30 1.18  -3.29 34.54 -10.67 17.91 -0.10 -0.01 0.94  -3.04 -24.22 -9.71 -0.96 0.33 0.00
-0.23 -0.79 0.62  63.72 -51.38 -38.93 -61.71 -0.06 0.10 0.59  157.13 13.56 -10.58 13.93 -0.21 0.11 1.36  -24.05 18.15 -13.48 8.23 -0.07 0.02 0.91  -6.24 -33.11 -12.03 1.30 0.27 0.00
-0.27 -0.93 0.48  13.23 -50.04 -19.68 -75.01 -0.12 0.18 0.73  87.53 8.66 -12.08 16.83 -0.21 0.00 1.44  -21.73 0.96 -14.81 1.78 0.01 0.05 0.93  -12.84 -32.58 -12.60 3.58 0.10 0.00
-0.38 -0.80 0.27  -30.08 -54.10 5.41 -86.63 -0.15 0.22 0.80  10.68 -35.88 -15.14 18.96 -0.20 -0.00 1.47  -22.06 2.00 -9.00 0.22 0.03 0.05 0.89  -12.61 -21.31 -8.03 3.82 0.20 0.00
0.10 -0.48 1.53  -64.13 60.84 73.27 -34.66 -0.00 -0.05 1.23  -40.34 -103.83 -9.38 1.61 -0.25 0.09 1.41  -22.37 -16.91 -7.97 3.71 0.00 0.06 0.94  -8.46 -7.38 -6.16 4.23 0.13 2.60
0.18 -0.35 1.03  -11.40 146.93 44.16 -25.46 0.09 -0.26 1.10  -85.76 67.80 8.47 -12.82 0.26 -0.45 1.61  -27.64 -23.71 -5.63 -14.93 0.16 0.19 1.13  1.72 21.92 -20.90 10.56 0.39 2.98
-0.11 -0.12 1.06  0.98 35.98 12.12 -11.62 -0.20 -0.04 0.89  -79.00 -24.07 -1.77 -5.42 -0.29 0.12 0.98  -37.22 -6.14 -34.24 4.06 -0.11 0.05 1.11  3.15 26.99 -4.86 4.44 0.37 3.03
0.05 -0.06 0.99  9.99 16.54 6.90 -5.56 0.13 0.04 0.84  -60.53 9.26 -2.11 1.25 0.02 0.26 0.83  -69.85 -76.60 -3.67 18.31 -0.18 -0.10 1.16  -3.88 -1.44 -6.93 -4.10 0.34 3.08
-0.03 -0.02 1.02  12.41 12.09 4.52 -2.02 0.15 -0.02 0.91  -47.92 27.01 -1.36 -0.78 0.29 -0.10 1.02  -72.86 -43.93 -16.13 -2.06 0.10 -0.21 1.18  -8.72 -12.21 -25.23 -10.86 0.87 3.08
-0.01 -0.00 1.02  9.35 3.00 2.69 -0.49 0.06 -0.00 0.94  -37.84 16.27 -3.11 -0.33 0.11 0.05 0.98  -66.65 -13.44 -5.14 2.48 0.09 0.01 1.14  -7.59 2.11 -19.42 -1.52 1.49 3.08
-0.02 0.00 1.03  6.42 6.12 1.90 0.00 0.13 -0.00 0.91  -31.11 25.10 -0.47 -0.20 0.07 0.00 0.98  -66.88 -25.15 -7.40 0.61 0.03 -0.03 1.09  0.40 -1.46 7.44 -2.10 1.25 3.08
-0.02 0.01 1.01  3.15 4.08 1.42 0.46 0.08 0.01 0.98  -23.92 6.01 0.34 0.60 0.02 0.03 0.98  -62.55 -57.09 -3.47 1.72 0.11 -0.04 1.06  -1.10 -3.09 7.32 -2.40 0.99 3.07
-0.01 0.01 1.01  1.86 1.09 3.18 0.84 0.13 0.05 1.06  -25.89 -17.79 1.63 2.82 0.08 -0.02 1.06  -50.32 -61.25 2.80 -0.72 0.14 -0.08 1.03  -7.93 10.94 5.82 -4.81 1.28 3.03
-0.01 0.02 1.02  -3.37 -4.07 5.41 1.47 0.04 0.00 1.04  -35.08 -18.29 3.72 0.78 0.04 -0.03 1.10  -34.20 -55.99 -0.06 -1.93 0.13 -0.10 1.00  0.81 24.74 7.01 -6.86 2.41 2.88
0.01 0.01 1.02  -9.47 -3.65 8.58 0.96 0.11 0.02 0.97  -39.44 -32.39 3.80 1.20 0.02 0.01 1.01  -28.72 -70.06 3.87 0.17 0.03 -0.06 0.93  2.71 22.06 4.08 -4.80 2.87 1.59
-0.02 0.03 1.04  -21.22 -5.31 9.48 1.82 0.06 -0.02 0.92  -47.03 -20.21 5.94 -0.96 0.09 -0.04 0.93  -25.61 -57.89 13.21 -2.61 0.00 -0.01 0.94  -4.62 17.80 -6.59 -1.64 3.00 0.57
0.00 -0.01 1.04  -43.20 -6.36 17.37 -0.43 0.09 -0.04 0.87  -50.24 -27.93 6.27 -2.68 0.11 -0.06 0.93  -21.52 -55.00 18.59 -4.14 0.04 -0.01 0.97  1.53 25.83 -19.46 -0.63 3.07 0.02
0.02 -0.05 1.02  -63.02 -2.40 25.89 -2.70 0.13 0.01 0.89  -59.33 -28.78 11.10 0.21 0.14 -0.01 1.00  -23.06 -50.88 16.90 -1.56 -0.04 0.06 0.94  5.05 21.17 -20.07 3.62 3.08 0.00
0.01 -0.07 1.03  -87.37 3.42 31.40 -4.37 0.09 -0.01 0.93  -73.54 -40.00 16.02 -0.44 0.13 -0.03 1.07  -13.82 -44.09 17.99 -1.82 0.02 0.07 0.97  7.10 9.01 -4.86 5.15 3.10 0.00
0.06 -0.05 1.02  -135.79 12.44 47.62 -3.85 0.05 -0.06 1.04  -97.75 -36.92 21.49 -3.57 0.20 -0.13 1.19  3.65 -21.48 13.72 -6.63 0.00 0.12 1.00  9.63 8.81 17.19 7.89 3.10 0.00
0.06 -0.02 1.00  -219.49 40.77 86.38 -2.25 -0.03 -0.15 1.12  -128.70 -70.91 15.76 -8.53 0.03 -0.08 1.40  31.97 37.73 12.66 -4.40 -0.01 0.01 1.11  3.74 8.78 26.10 2.24 3.08 0.00
-0.06 -0.37 1.01  -246.74 48.99 128.94 -21.00 -0.05 -0.34 0.93  -137.79 -103.25 5.98 -21.73 -0.16 -0.20 1.19  90.27 51.55 31.03 -10.19 0.04 -0.17 1.20  -1.36 16.27 42.17 -7.44 2.97 0.00
0.30 -0.39 1.62  -104.95 -90.79 77.90 -17.87 0.13 -0.08 0.53  -88.63 -151.99 15.21 -12.89 0.00 -0.32 0.60  112.17 -34.91 8.68 -30.09 -0.03 -0.04 1.23  -3.69 10.97 47.73 -3.55 0.68 0.00
0.63 0.10 1.09  63.08 -62.07 -27.79 1.70 0.39 0.18 0.60  -4.34 -42.98 -2.96 13.81 0.09 -0.24 0.68  103.93 -10.39 -0.88 -25.25 -0.06 0.10 1.18  2.49 17.25 24.65 4.26 0.51 0.00
0.15 0.08 0.94  151.83 -47.42 -35.52 5.11 -0.07 0.18 0.60  66.28 42.59 -34.18 19.20 0.10 -0.05 0.89  92.69 30.03 -19.81 -8.32 -0.13 -0.05 1.13  -7.67 20.17 7.91 -1.65 0.32 0.00
0.06 -0.06 0.84  190.67 -54.46 -32.18 -3.25 -0.26 0.20 0.55  138.47 -32.74 -56.73 23.80 0.02 0.04 0.84  83.51 84.26 -23.90 1.38 -0.12 -0.12 1.08  -6.29 6.61 -0.58 -6.77 0.19 0.00
0.14 -0.28 0.85  182.21 -38.62 -54.00 -18.76 0.06 0.15 0.45  168.40 6.01 -73.89 23.52 -0.03 0.18 0.91  70.11 122.72 -16.12 11.85 -0.11 -0.05 1.07  -7.87 -6.62 -2.28 -4.18 0.21 0.00
0.08 -0.36 0.75  119.51 -17.06 -137.14 -29.03 -0.13 0.11 0.43  173.74 107.07 -57.37 19.38 -0.25 0.15 1.09  51.17 86.31 -19.66 10.42 -0.12 -0.06 1.05  -10.58 -15.00 -4.45 -4.33 0.25 0.00
-0.20 -0.68 0.96  88.64 30.60 -163.19 -40.99 -0.10 0.07 0.41  171.31 130.93 -27.57 13.58 -0.15 0.22 1.14  16.76 11.63 -39.65 12.87 -0.06 -0.03 1.02  -4.46 -24.09 -9.12 -2.81 0.31 0.00
-0.15 -0.67 0.83  84.60 32.05 -113.51 -47.16 -0.23 0.05 0.56  164.90 104.18 -10.65 7.53 -0.04 0.19 1.13  -6.44 4.59 -34.28 12.33 -0.03 -0.04 1.00  -2.06 -31.09 -10.99 -3.01 0.23 0.00
-0.15 -0.64 0.63  32.98 -23.29 -97.43 -54.53 -0.15 0.06 0.71  137.06 60.60 -17.00 6.53 -0.11 0.10 1.27  -22.22 30.68 -7.69 6.82 -0.06 -0.03 1.00  2.68 -33.86 -14.51 -2.50 0.28 0.00
-0.19 -0.78 0.57  5.96 -31.45 -73.02 -64.78 -0.11 0.14 0.83  85.60 52.24 -10.95 11.29 -0.11 0.03 1.41  -18.68 45.86 -9.24 2.40 -0.05 0.01 1.00  -1.82 -40.73 -16.89 -0.10 0.22 0.00
-0.19 -0.70 0.35  -15.42 -17.71 -35.41 -76.19 -0.13 0.17 0.89  19.98 27.84 -7.40 12.98 -0.16 -0.02 1.37  -22.47 37.00 -13.93 -0.27 -0.00 0.04 0.99  -10.69 -41.10 -15.32 2.05 0.21 0.00
-0.18 -0.74 0.68  -69.88 78.57 62.02 -62.88 -0.08 0.07 0.95  -32.93 -30.13 -8.73 6.83 -0.24 0.02 1.29  -27.11 27.06 -12.02 0.98 -0.00 0.04 1.02  -9.55 -34.16 -15.93 2.82 0.22 1.93
0.20 -0.39 1.00  10.41 51.61 59.67 -34.00 0.19 -0.13 1.09  -55.05 32.77 -5.16 -5.29 -0.07 -0.33 1.31  -25.23 -11.45 4.08 -14.08 0.08 0.10 1.17  -10.51 -18.41 -26.91 5.50 0.47 2.88
-0.13 -0.13 1.07  9.24 29.70 23.94 -13.72 -0.28 -0.13 1.11  -71.97 29.48 2.34 -7.83 0.01 -0.09 1.32  -28.71 27.09 -18.05 -6.68 -0.01 -0.03 1.18  0.13 -7.93 -25.05 -0.55 0.54 2.96
0.07 -0.05 0.98  5.75 10.49 10.37 -5.57 0.17 0.01 0.91  -59.33 27.92 -0.56 -0.85 -0.19 0.22 0.88  -33.01 -15.57 -8.09 12.45 -0.10 -0.08 1.14  6.13 -15.67 -20.57 -4.03 0.44 3.00
-0.00 -0.05 1.00  12.46 15.67 9.08 -3.71 -0.02 -0.03 0.92  -36.24 21.48 -5.99 -2.06 0.11 0.08 0.87  -65.25 -43.16 -8.77 7.88 -0.03 -0.15 1.17  8.16 -30.60 -26.63 -7.90 2.11 3.06
-0.03 -0.02 1.02  11.63 2.88 2.94 -1.61 0.09 -0.02 1.04  -30.34 32.51 -6.52 -1.47 0.05 -0.09 1.10  -54.44 -22.30 -5.46 -3.38 0.16 -0.07 1.18  4.13 -24.10 -37.03 -4.76 2.49 3.08
0.01 -0.01 1.01  7.85 -0.87 1.18 -0.66 0.08 0.01 1.08  -29.72 14.86 -5.44 0.24 0.19 -0.00 1.07  -46.73 -1.32 -5.37 -0.81 0.10 -0.01 1.16  2.72 -10.78 -16.49 -1.62 2.57 3.08
0.02 0.00 1.00  3.71 2.52 1.59 0.12 0.13 0.02 1.05  -32.43 10.86 -0.37 1.26 0.09 -0.03 1.07  -27.42 9.32 -11.30 -1.71 0.06 -0.02 1.16  2.32 -12.24 1.31 -1.14 2.63 3.08
-0.01 -0.00 1.01  1.67 3.00 1.84 -0.14 0.07 0.00 0.95  -29.21 1.77 0.63 0.44 -0.05 0.05 0.95  -19.70 -19.31 -3.05 2.59 0.04 -0.01 1.09  -8.10 -14.74 -2.68 -0.78 2.71 3.07
-0.01 -0.01 1.01  2.44 1.01 0.90 -0.39 0.06 0.01 0.90  -20.50 -1.74 0.82 0.62 0.09 0.05 0.90  -28.59 -22.32 1.19 3.75 0.02 -0.05 1.06  -12.73 -14.47 -9.62 -2.88 2.76 3.07
-0.00 0.00 1.01  2.60 -0.59 -0.06 0.02 0.13 0.00 0.92  -13.85 -2.37 0.27 0.29 0.17 0.02 0.95  -35.20 -0.77 2.47 2.12 0.05 -0.01 1.07  -10.51 -14.79 -11.14 -1.10 2.78 3.07
0.00 0.01 1.01  1.04 -0.57 -0.62 0.30 0.08 0.02 0.97  -11.76 1.55 3.61 1.04 0.07 0.01 1.00  -36.24 5.81 4.22 1.03 0.06 0.01 1.05  -9.22 -10.64 -5.60 0.49 2.77 3.07
-0.01 0.01 1.01  -2.42 -0.11 -0.98 0.55 0.07 0.02 1.00  -11.36 -18.60 6.79 1.21 0.00 -0.00 1.03  -33.67 -14.42 2.08 -0.09 0.07 -0.01 1.02  -7.28 -9.17 1.76 -0.73 2.77 3.06
0.00 0.00 1.01  -5.31 -2.61 -1.51 0.22 0.09 0.03 1.01  -14.53 -32.46 11.48 2.09 0.04 0.01 1.04  -28.09 -32.25 4.29 0.54 0.10 -0.05 0.98  -1.86 -2.82 5.07 -3.23 2.70 3.03
0.01 0.00 1.01  -4.54 -4.12 -0.24 0.17 0.10 0.04 1.03  -22.12 -31.16 15.54 2.37 0.10 0.02 1.09  -26.10 -41.03 11.49 1.10 0.09 -0.09 0.95  2.55 2.59 1.30 -5.87 2.66 2.98
0.02 0.01 1.02  -7.75 -6.75 1.50 0.87 0.14 0.04 1.07  -35.57 -29.74 21.72 2.66 0.18 -0.00 1.15  -24.59 -34.11 15.47 0.03 -0.00 -0.03 1.05  3.51 -0.47 -5.67 -2.72 2.67 2.76
0.04 0.05 1.05  -27.66 -12.87 5.54 2.81 0.11 0.04 1.20  -60.71 -23.99 30.44 2.21 0.25 -0.11 1.15  -7.83 15.60 14.53 -5.52 -0.12 0.05 1.17  5.08 -30.75 1.82 2.02 2.77 1.18
0.17 0.06 1.13  -79.14 0.84 27.29 3.79 0.08 -0.09 1.24  -100.44 -16.34 35.21 -3.85 0.18 -0.23 1.33  30.56 68.12 22.36 -10.77 0.04 -0.07 1.19  9.67 -46.04 -2.24 -2.89 2.72 0.29
0.16 0.01 1.20  -136.78 17.48 53.06 1.14 0.08 -0.29 0.93  -135.05 -6.62 39.69 -18.38 0.09 -0.18 1.32  74.24 118.80 31.43 -9.86 0.05 -0.09 1.20  4.66 -41.84 -7.92 -4.91 1.12 0.00
0.54 -0.27 1.39  -125.36 39.68 28.36 -10.88 0.07 -0.10 0.58  -124.18 -7.39 51.99 -13.43 0.00 -0.09 0.96  85.04 83.17 29.14 -7.04 -0.15 -0.10 1.21  -0.22 -49.06 -3.26 -5.64 0.66 0.00
0.32 0.22 1.19  -40.85 102.51 -56.13 8.04 0.34 0.09 0.61  -76.05 104.90 70.79 6.07 0.18 -0.12 0.70  66.01 30.21 0.36 -11.41 -0.27 0.00 1.19  -0.24 -73.19 -22.26 -0.90 0.52 0.00
0.12 0.42 0.94  15.99 114.54 -91.55 25.61 -0.11 0.16 0.68  -11.09 120.84 79.79 14.44 0.46 0.05 0.69  38.01 93.41 -21.66 1.57 -0.20 0.03 1.13  5.55 -91.68 -47.80 1.37 0.37 0.00
0.25 0.35 0.76  41.67 111.39 -126.61 29.49 0.19 0.28 0.59  54.80 113.04 87.54 27.99 0.29 0.17 0.77  15.76 165.57 -14.86 12.66 -0.08 0.01 1.07  -0.87 -98.28 -50.83 0.55 0.37 0.00
0.48 0.07 0.71  37.09 130.16 -192.20 11.73 0.23 0.30 0.48  93.84 207.39 98.05 37.86 0.10 0.21 0.74  -13.18 198.89 -4.85 17.97 -0.09 -0.02 1.04  -10.76 -107.79 -48.90 -1.02 0.35 0.00
0.37 -0.29 0.86  26.54 154.32 -233.51 -16.50 0.18 0.19 0.48  105.33 250.38 107.75 29.13 -0.11 0.05 0.79  -34.79 219.93 -6.47 6.90 -0.12 -0.01 1.04  -14.44 -117.87 -49.71 -0.69 0.35 0.00
0.37 -0.50 0.91  36.83 143.14 -220.63 -32.06 0.14 0.10 0.53  95.49 235.51 109.39 16.29 -0.19 -0.03 0.97  -21.77 182.82 -13.59 -0.56 -0.05 -0.01 1.05  -15.13 -123.73 -51.78 -0.89 0.30 0.00
0.53 -0.54 0.75  23.07 127.44 -209.29 -41.82 0.26 0.10 0.54  77.24 218.13 87.32 13.97 -0.18 -0.06 1.08  -17.55 155.29 -18.21 -3.44 0.02 -0.05 1.07  -11.88 -118.44 -48.89 -2.89 0.33 0.00
0.39 -0.62 0.72  5.26 105.67 -212.29 -49.18 0.23 0.12 0.56  48.85 221.19 62.79 15.42 -0.00 -0.07 1.12  -13.41 163.71 -19.89 -4.30 -0.03 -0.03 1.07  -5.42 -110.92 -43.78 -2.31 0.34 0.00
0.20 -0.56 0.68  -12.27 73.84 -204.33 -49.25 0.10 0.13 0.58  19.50 193.87 39.73 15.66 0.04 -0.01 1.06  -6.25 162.89 -30.05 -1.38 -0.09 -0.00 1.06  -2.00 -111.14 -43.01 -0.61 0.37 0.00
0.10 -0.46 0.66  -44.70 39.81 -216.70 -44.71 0.05 0.15 0.55  -1.63 182.22 26.77 18.65 -0.08 0.08 0.96  -21.96 131.46 -30.37 4.53 -0.11 -0.01 1.04  -2.13 -120.18 -43.93 -0.66 0.33 0.00
-0.06 -0.40 0.55  -96.72 13.67 -233.09 -45.34 -0.11 0.19 0.55  -13.59 172.70 22.89 22.48 -0.06 0.13 0.90  -43.66 144.87 -28.34 9.37 -0.11 -0.06 1.01  -0.12 -134.53 -45.72 -3.73 0.13 0.00
-1.03 -0.80 1.08  -70.39 28.89 -121.31 -45.64 -0.23 0.18 0.48  -29.99 161.96 24.02 25.38 -0.08 0.12 0.87  -53.50 146.82 -20.41 9.97 -0.10 -0.07 1.03  0.24 -146.93 -42.44 -4.53 0.08 0.00
-0.31 -0.29 1.07  -0.94 -9.35 -52.13 -24.49 -0.27 -0.00 0.70  -6.24 66.63 6.93 5.02 -0.41 -0.05 0.81  -68.73 114.24 -5.09 -1.52 -0.00 -0.06 1.07  6.93 -151.07 -40.19 -4.16 0.19 0.00
0.33 -0.07 0.92  27.18 -27.13 -13.70 -9.21 0.04 -0.06 0.80  15.35 -25.00 -20.54 -2.96 -0.16 -0.33 1.00  -44.36 85.13 8.14 -18.61 0.12 0.03 1.11  1.01 -136.30 -46.87 0.97 0.24 2.60
0.10 -0.05 0.99  18.20 5.59 -7.00 -4.45 0.02 -0.01 0.88  12.23 6.58 -15.07 -0.94 -0.05 -0.01 0.96  -38.10 26.91 -14.60 -4.35 0.10 0.04 1.10  -15.42 -125.03 -51.38 2.44 0.26 2.98
0.15 -0.02 0.96  8.36 4.88 -4.57 -2.33 -0.03 -0.02 0.87  11.29 15.69 -14.72 -1.24 0.14 0.01 0.95  -36.51 59.62 8.97 -0.49 0.06 0.03 1.05  -27.21 -119.63 -48.03 2.13 0.24 3.06
0.12 -0.02 0.97  4.78 5.72 -3.68 -1.76 0.07 -0.00 0.88  11.50 30.46 -12.82 -0.33 0.11 -0.00 0.93  -34.97 101.39 1.51 -0.35 0.08 -0.02 1.03  -23.32 -123.08 -46.03 -1.01 0.18 3.08
0.13 -0.02 0.96  -0.33 3.47 -3.63 -1.52 0.05 0.00 0.95  11.08 26.71 -7.92 0.24 0.03 0.02 0.97  -43.96 103.48 -3.37 1.00 0.10 -0.05 1.03  -11.26 -121.51 -47.40 -2.99 0.00 3.08
0.12 -0.02 0.96  -1.75 6.25 -2.77 -1.54 0.07 0.04 1.05  3.77 19.13 -2.56 2.48 -0.07 -0.04 1.05  -28.10 76.65 0.02 -2.26 0.14 -0.03 1.01  -4.48 -118.35 -49.10 -2.26 0.00 3.08
0.10 -0.02 0.97  -1.44 4.25 -0.74 -1.49 0.01 0.02 1.03  -6.43 12.25 1.32 1.79 -0.12 -0.05 1.07  -11.33 43.90 -2.86 -3.17 0.25 -0.02 0.98  -6.09 -106.61 -39.54 -1.71 0.00 3.10
0.10 -0.03 0.97  0.05 3.55 0.63 -1.91 0.05 0.03 0.94  -9.89 3.78 2.87 1.89 0.03 0.03 0.95  -3.48 20.42 -1.54 1.02 0.25 -0.02 0.99  -3.87 -88.34 -30.87 -1.45 0.00 3.08
0.11 -0.03 0.96  0.63 6.83 0.50 -1.98 0.04 0.01 0.88  -8.86 11.96 6.02 1.16 0.20 0.05 0.88  -9.58 45.74 5.71 3.40 0.20 -0.01 1.00  -3.96 -72.44 -27.77 -0.90 0.00 3.10
0.10 -0.02 0.97  0.48 7.43 0.34 -1.73 0.04 0.01 0.88  -4.68 10.34 9.52 0.64 0.09 0.02 0.91  -16.12 70.70 9.43 1.70 0.18 -0.00 1.03  -5.97 -63.94 -29.79 -0.23 0.00 3.10
0.09 -0.02 0.97  -0.35 6.33 0.39 -1.34 0.02 0.01 0.92  -3.64 13.87 13.85 0.65 -0.03 0.01 0.97  -20.05 56.03 11.52 0.96 0.17 -0.02 1.03  -10.05 -58.39 -31.58 -1.06 0.00 3.10
0.09 -0.02 0.97  -0.17 5.08 2.55 -1.32 0.01 0.01 0.92  -2.21 3.03 16.96 0.65 -0.02 -0.00 0.97  -19.40 28.39 13.15 -0.01 0.20 -0.05 1.01  -6.88 -49.82 -30.45 -2.83 0.10 3.08
0.08 -0.03 0.97  -0.08 4.14 3.40 -1.84 0.01 0.02 0.90  -0.68 -1.44 21.21 1.32 0.06 0.04 0.93  -16.85 14.34 16.05 2.18 0.26 -0.05 0.97  -0.01 -35.47 -27.90 -3.52 0.12 3.06
0.06 -0.03 0.98  0.67 -1.33 2.74 -1.90 -0.02 0.02 0.93  0.19 -11.17 25.79 1.45 0.04 0.05 0.96  -21.32 9.87 21.47 3.41 0.26 -0.03 0.95  2.16 -22.40 -25.40 -2.29 0.16 3.03
0.10 -0.01 0.98  -3.05 -7.72 4.16 -0.91 0.02 0.01 0.98  -2.58 -22.83 32.44 0.64 0.03 -0.04 1.04  -15.18 6.07 26.16 -1.81 0.13 0.04 1.05  -4.84 -20.53 -23.47 1.83 0.15 2.93
0.11 -0.01 1.00  -12.95 -8.65 9.44 -0.61 -0.08 0.00 1.04  -10.79 -22.43 37.46 0.34 -0.03 -0.05 1.00  -4.64 0.60 26.07 -2.97 -0.03 -0.01 1.11  -3.64 -36.44 -16.62 -0.09 0.00 2.16
0.28 0.05 1.02  -33.11 15.13 14.43 2.62 -0.01 -0.02 1.17  -31.51 -20.51 41.90 -0.97 -0.02 -0.11 1.10  7.68 7.98 41.69 -6.55 0.10 -0.08 1.10  2.30 -45.44 -17.15 -3.99 0.04 0.70
0.52 -0.16 0.96  -37.62 66.77 30.81 -8.93 0.30 -0.10 1.05  -65.53 13.94 51.95 -5.48 -0.01 -0.24 1.28  44.33 58.34 59.82 -11.81 0.08 -0.07 1.18  1.71 -38.73 -17.05 -4.18 0.00 0.13
0.76 -0.28 1.08  -38.07 138.77 -2.14 -16.45 0.40 -0.06 0.75  -91.58 85.56 62.73 -5.90 0.19 -0.11 1.30  70.26 96.10 34.52 -7.06 -0.09 -0.01 1.26  -0.90 -38.51 -15.10 -1.36 0.00 0.00
0.81 0.04 0.82  -69.49 128.79 -127.80 -0.81 0.63 -0.07 0.67  -93.05 193.84 64.72 -6.89 0.28 -0.18 1.05  66.83 93.81 -6.79 -11.01 -0.09 -0.02 1.23  0.92 -38.22 -22.80 -1.03 0.00 0.00
0.54 0.30 0.93  -86.57 102.87 -207.16 17.66 0.25 -0.08 0.79  -64.56 235.58 54.68 -7.51 0.30 -0.09 0.93  68.45 117.94 -41.40 -7.86 -0.06 -0.05 1.17  1.67 -27.86 -27.05 -2.84 0.00 0.00
0.34 0.46 1.09  -38.02 69.61 -202.75 26.36 0.14 -0.03 0.78  7.14 203.66 45.66 -3.50 0.15 -0.06 0.90  74.66 177.10 -50.04 -5.08 -0.08 -0.05 1.09  -2.89 -29.35 -19.89 -3.05 0.00 0.00
0.44 0.29 1.00  28.26 49.34 -179.84 21.29 0.07 0.04 0.67  88.18 158.45 30.95 2.60 -0.06 -0.01 0.79  59.76 169.40 -46.78 -1.90 -0.05 -0.02 1.04  -8.88 -32.06 -18.89 -1.77 0.00 0.00
0.43 -0.08 0.95  58.34 20.84 -199.49 -0.59 0.13 0.07 0.55  135.30 169.00 17.23 8.14 -0.26 0.08 0.84  41.77 126.54 -41.14 4.96 -0.08 -0.05 1.03  -1.37 -32.39 -20.52 -3.26 0.00 0.00
0.24 -0.28 0.88  49.76 9.00 -179.45 -17.60 -0.01 0.02 0.52  151.59 142.55 12.66 4.19 -0.26 0.14 1.06  35.34 84.38 -36.54 8.82 -0.07 -0.10 1.03  3.70 -36.06 -18.35 -5.92 0.00 0.00
0.18 -0.56 0.84  54.67 -51.76 -147.91 -37.41 -0.08 0.15 0.56  146.67 76.16 -5.54 15.95 -0.20 0.12 1.24  34.44 50.42 -31.05 7.12 -0.04 -0.12 1.02  13.49 -40.52 -14.47 -7.83 0.02 0.00
0.13 -0.52 0.68  34.40 -64.49 -89.13 -44.93 -0.01 0.13 0.68  113.56 21.55 -29.52 13.90 -0.13 0.16 1.33  29.93 43.98 -22.60 8.29 -0.02 -0.06 1.00  19.81 -39.41 -10.22 -4.69 0.00 0.00
0.13 -0.53 0.72  -12.14 -15.67 -45.52 -45.52 -0.02 0.14 0.79  68.76 31.48 -25.15 12.60 -0.02 0.10 1.27  7.75 40.75 -26.27 6.32 0.01 0.07 0.97  14.82 -35.84 -10.25 3.10 0.00 0.00
0.06 -0.46 0.67  -45.55 17.40 -51.76 -43.52 -0.06 0.12 0.83  22.11 67.21 -11.89 10.93 -0.09 0.11 1.28  -14.23 48.57 -25.34 6.31 -0.06 0.11 0.97  3.78 -35.99 -10.01 7.13 0.00 0.00
-0.13 -0.48 0.55  -89.19 59.48 -29.61 -49.73 -0.18 0.10 0.87  -19.95 63.38 -4.40 8.75 -0.20 0.07 1.29  -32.04 41.81 -19.76 4.40 -0.05 0.10 0.96  -6.27 -35.05 -9.10 7.09 0.00 0.01
0.11 -0.70 1.43  -163.08 237.24 93.04 -36.16 0.00 -0.09 1.12  -57.44 20.98 1.40 -2.94 -0.21 -0.10 1.43  -28.41 24.32 -10.19 -2.98 0.01 0.09 1.02  -11.20 -24.56 -10.09 6.24 0.00 2.56
0.19 -0.36 1.06  -28.30 111.38 42.49 -26.01 -0.15 -0.15 1.04  -91.31 68.90 2.82 -9.11 -0.07 -0.22 1.49  -24.73 13.39 -15.92 -9.11 0.05 0.08 1.09  -2.32 -3.96 -11.33 5.26 0.18 2.90
-0.06 -0.13 1.05  -0.91 32.91 14.65 -12.36 -0.19 -0.04 0.84  -77.64 -11.01 -7.60 -4.62 -0.26 0.11 0.99  -40.85 -13.22 -27.95 4.56 -0.05 0.02 1.08  5.32 -0.64 -4.80 1.86 0.03 2.98
0.05 -0.05 0.98  6.56 13.64 5.87 -5.66 0.13 -0.01 0.79  -58.82 20.44 -3.63 -1.40 0.06 0.19 0.88  -71.93 -67.59 -11.57 12.75 -0.10 -0.06 1.14  7.99 -5.70 -7.39 -2.82 1.20 3.03
-0.01 -0.02 1.01  4.56 2.25 -1.06 -2.41 -0.01 -0.02 0.90  -43.30 8.26 -6.30 -1.89 0.18 -0.05 1.00  -79.97 -36.75 -14.82 -0.18 0.06 -0.21 1.20  4.04 -16.70 -19.06 -10.52 1.44 3.07
0.00 -0.00 1.01  -4.66 -10.10 -3.99 -0.60 0.06 -0.00 0.94  -37.41 -7.92 -7.18 -0.56 0.07 -0.01 1.03  -62.14 -16.06 -0.01 -0.51 0.12 -0.09 1.19  3.86 -6.77 -20.83 -6.34 1.77 3.03
0.06 0.00 1.01  -13.26 -13.84 -0.09 -0.09 0.18 -0.01 0.92  -35.36 -15.62 -4.14 -0.51 0.11 -0.05 1.00  -51.59 -45.23 -0.20 -3.23 0.11 -0.02 1.14  17.19 2.82 2.20 -2.24 2.32 2.85
0.05 -0.02 1.00  -25.13 -17.10 5.70 -0.92 0.12 -0.03 0.85  -30.82 -23.45 -0.69 -2.26 0.04 -0.02 0.93  -46.51 -88.74 -3.17 -2.22 0.17 0.02 1.09  16.23 6.05 13.26 0.53 2.65 1.19
0.06 -0.04 0.99  -37.97 -19.02 8.77 -2.75 0.08 -0.01 0.89  -27.15 -33.91 2.70 -0.81 0.17 -0.02 0.93  -45.11 -91.09 6.75 -1.46 0.12 0.04 1.05  0.30 15.60 10.91 2.43 2.81 0.20
0.07 -0.08 0.97  -47.88 -16.03 8.91 -5.47 0.13 0.03 0.90  -31.30 -25.50 5.63 1.89 0.20 -0.01 0.96  -38.57 -38.65 7.59 -0.81 0.06 -0.04 1.04  -4.01 17.64 5.30 -1.52 2.86 0.00
0.09 -0.12 0.93  -53.87 -11.80 10.03 -8.41 0.08 0.04 0.86  -36.96 -16.45 8.47 3.30 0.06 0.03 0.95  -35.60 -21.57 8.93 1.43 0.05 -0.08 1.00  -2.82 14.53 -1.61 -4.68 2.93 0.00
0.10 -0.16 0.89  -53.55 -1.52 15.78 -11.76 0.11 0.06 0.83  -39.53 -9.35 9.62 5.11 0.01 0.03 0.92  -35.30 -38.53 12.82 2.17 0.07 -0.07 0.95  -5.68 14.07 -5.96 -5.47 2.97 0.00
0.06 -0.19 0.87  -55.56 1.70 19.01 -14.56 0.05 0.09 0.84  -45.41 -12.80 10.90 7.10 0.01 0.06 0.92  -31.12 -50.02 17.66 4.30 0.09 -0.06 0.95  -9.48 23.27 -9.22 -4.96 3.01 0.00
0.05 -0.20 0.88  -65.66 3.08 15.98 -15.82 0.05 0.05 0.82  -56.32 -4.89 15.75 4.88 0.04 0.02 0.96  -30.47 -49.68 17.73 2.24 0.05 -0.01 0.96  -11.16 29.01 -8.61 -1.79 3.02 0.00
0.05 -0.21 0.87  -88.66 -1.16 20.42 -16.80 0.05 0.01 0.86  -67.29 -14.53 19.03 1.45 0.09 -0.05 1.02  -23.49 -38.40 19.44 -2.24 -0.04 0.03 0.88  8.11 23.07 -1.39 1.53 3.02 0.00
0.14 -0.20 0.86  -132.44 -9.40 42.89 -16.71 0.13 -0.13 0.97  -85.18 -40.42 21.56 -7.39 0.14 -0.18 1.20  -9.70 -33.48 14.55 -8.79 0.03 0.17 0.90  13.51 25.59 8.89 10.97 3.02 0.00
0.21 -0.19 0.86  -218.75 6.61 100.61 -16.06 0.00 -0.32 1.20  -107.73 -87.78 14.58 -16.27 0.12 -0.28 1.45  19.97 -17.45 3.41 -12.66 -0.04 0.23 1.12  4.25 19.20 28.97 13.99 3.05 0.00
0.18 -0.39 0.97  -246.74 109.92 124.70 -25.11 0.28 -0.19 1.20  -123.08 -71.04 14.76 -12.25 0.08 -0.17 1.28  83.09 8.47 -0.40 -9.93 -0.13 -0.11 1.20  -4.29 27.41 33.20 -2.35 2.88 0.00
0.39 -0.68 2.09  -49.23 -22.64 43.55 -23.02 0.54 -0.12 0.67  -92.01 3.97 22.47 -12.79 0.32 -0.15 0.61  89.47 40.44 -22.92 -16.17 -0.15 -0.25 1.18  -0.69 6.03 32.75 -12.29 0.57 0.00
0.54 -0.03 1.29  158.11 -53.31 42.04 -5.71 -0.17 -0.00 0.79  2.11 32.46 -17.88 -2.66 -0.02 -0.20 0.71  82.52 122.78 -7.06 -19.15 -0.04 0.08 1.19  8.62 5.10 5.06 1.47 0.33 0.00
-0.03 -0.01 1.09  200.07 -18.76 -6.99 -1.30 -0.12 -0.03 0.67  88.30 -37.87 -39.48 -2.71 -0.27 -0.16 0.90  97.94 98.23 0.71 -13.81 -0.18 0.01 1.18  -2.96 3.34 -7.04 0.61 0.30 0.00
-0.09 -0.23 1.01  225.25 -56.78 -18.65 -13.17 0.00 0.02 0.50  141.59 -0.79 -48.51 1.50 -0.19 -0.10 0.87  108.49 63.41 1.08 -9.40 -0.08 -0.15 1.12  -6.17 -9.91 -4.03 -7.27 0.24 0.00
-0.11 -0.39 0.98  206.83 -28.60 -68.96 -24.30 -0.06 0.04 0.43  173.35 39.59 -32.03 6.21 0.00 0.03 1.00  95.73 26.89 -20.74 -0.11 -0.07 -0.10 1.11  -3.69 -17.42 -3.79 -6.47 0.21 0.00
-0.01 -0.50 0.86  179.90 -5.36 -94.17 -34.97 -0.01 0.06 0.37  187.95 72.61 -20.92 10.02 0.12 0.18 0.92  70.29 47.61 -28.95 11.03 -0.14 -0.06 1.07  3.61 -18.24 -6.25 -4.60 0.17 0.00
-0.05 -0.66 0.82  144.47 -8.67 -99.13 -45.53 -0.08 0.12 0.36  191.18 70.75 -17.18 20.26 0.06 0.25 0.91  47.51 83.69 -14.06 17.74 -0.10 -0.03 1.00  15.52 -23.09 -9.19 -2.44 0.16 0.00
-0.17 -0.64 0.77  110.18 -57.58 -77.09 -48.52 -0.15 0.11 0.39  189.10 25.81 -27.43 20.42 -0.17 0.34 1.05  12.50 49.77 -14.89 21.57 -0.10 0.03 0.97  6.74 -39.14 -4.71 1.04 0.16 0.00
-0.23 -0.96 0.72  84.71 -79.50 -77.51 -62.55 -0.05 0.12 0.49  160.24 -5.78 -29.12 18.40 -0.22 0.16 1.24  -17.61 15.63 -20.35 11.56 -0.05 0.04 0.93  1.42 -45.55 -4.49 2.77 0.27 0.00
-0.30 -1.03 0.24  41.74 -51.75 -53.93 -89.41 -0.11 0.27 0.66  79.79 9.69 -15.39 25.82 -0.11 -0.06 1.49  -13.70 -3.11 -21.30 -0.05 0.04 0.03 0.90  -3.50 -40.63 -7.48 2.23 0.21 0.00
-0.35 -0.83 0.12  -40.05 -32.98 -23.95 -99.73 -0.25 0.29 0.70  -13.55 -9.20 -5.94 27.82 -0.22 0.18 1.44  -18.99 5.86 -14.15 6.92 0.06 -0.04 0.84  -3.58 -27.78 -5.69 -2.59 0.18 0.00
0.80 -0.77 1.63  -143.41 -59.68 117.75 -45.23 0.60 -0.38 1.30  -44.33 -62.78 -1.05 -10.65 -0.21 0.16 0.98  -68.76 -65.05 0.14 10.66 -0.04 -0.02 1.02  -0.81 -16.51 -6.29 -1.38 0.10 2.93
-0.25 -0.49 1.24  -28.55 114.16 58.20 -30.61 -0.63 -0.12 1.02  -86.44 93.50 10.29 -9.11 0.51 -0.67 1.42  -51.65 -12.22 -16.80 -23.31 0.21 0.14 1.32  0.23 10.26 -41.34 5.61 0.15 3.08
-0.02 -0.17 1.04  -1.92 28.76 17.44 -15.54 0.35 0.06 0.82  -84.08 13.85 4.00 2.62 -0.40 0.31 0.79  -49.24 -12.29 -13.40 16.81 -0.03 -0.17 1.23  12.67 12.46 -33.75 -6.48 0.23 3.08
0.17 -0.10 0.96  13.30 30.74 16.25 -9.12 0.09 0.01 0.74  -61.26 20.24 -0.53 1.51 0.39 0.14 0.60  -80.49 -53.50 6.50 16.77 -0.16 -0.08 1.18  8.03 -2.47 -24.56 -5.30 0.41 3.10
-0.01 -0.04 1.00  17.70 35.27 14.84 -4.06 0.07 -0.05 0.93  -45.47 45.84 2.19 -2.89 0.11 -0.04 0.93  -68.91 -23.32 -8.29 0.56 0.15 0.10 1.17  0.87 -16.56 -10.61 3.87 0.51 3.10
-0.01 -0.01 1.01  8.64 12.40 6.56 -1.61 0.09 0.01 1.05  -40.54 10.44 1.56 -0.26 0.02 -0.04 1.06  -59.07 -26.63 -3.02 -2.41 0.18 0.00 1.11  -1.01 2.40 3.55 0.87 0.38 3.08
0.03 -0.01 0.99  3.12 7.49 6.43 -1.09 0.12 0.04 1.03  -45.79 13.20 5.28 1.94 0.13 0.01 1.03  -45.49 -27.20 -7.67 0.20 0.09 -0.14 1.06  -1.34 7.49 16.47 -7.57 0.60 3.01
0.01 -0.02 1.00  -0.03 7.51 6.28 -1.51 0.07 0.03 0.95  -45.47 -10.74 6.20 1.92 0.00 0.05 0.93  -34.60 -47.84 -1.27 3.09 0.08 -0.09 1.05  4.08 14.07 13.60 -6.67 1.32 2.86
-0.01 -0.02 1.00  -3.86 4.28 6.16 -1.55 0.03 0.03 0.92  -46.45 3.64 8.00 2.09 0.01 0.00 0.91  -34.93 -61.14 6.27 0.87 0.04 -0.03 1.00  3.32 12.64 7.15 -2.79 2.32 2.24
-0.01 -0.01 1.01  -11.53 -0.91 6.78 -1.11 0.07 0.02 0.91  -45.31 -13.87 6.43 1.34 0.05 0.00 0.96  -30.62 -52.32 10.63 0.38 0.08 -0.01 0.96  1.33 15.96 6.29 -0.99 2.74 0.75
0.02 -0.02 1.01  -22.60 -4.73 11.81 -1.12 0.07 0.00 0.89  -48.61 -18.42 6.43 0.38 0.09 -0.02 0.92  -25.35 -39.32 11.03 -1.48 0.09 -0.03 0.93  -0.84 24.16 4.23 -1.86 2.95 0.04
0.02 -0.04 1.01  -37.52 -4.53 18.03 -2.65 0.10 -0.01 0.85  -52.43 -26.58 8.22 -0.55 0.05 -0.02 0.94  -26.15 -43.51 12.08 -1.61 0.06 0.00 0.93  0.55 28.91 -4.19 -0.17 3.03 0.00
0.03 -0.07 1.00  -53.74 -1.53 21.98 -4.64 0.08 0.02 0.91  -62.37 -31.36 11.28 0.85 0.08 -0.02 1.02  -21.33 -51.99 15.52 -1.64 -0.02 0.06 0.93  0.58 26.91 -6.94 3.74 3.07 0.00
0.03 -0.09 1.00  -80.68 6.24 23.49 -6.24 0.05 0.03 0.91  -82.42 -30.23 18.27 1.80 0.15 0.01 1.11  -13.13 -41.22 14.18 0.13 0.03 0.01 0.96  -1.22 16.80 -4.51 1.47 3.08 0.00
0.08 -0.06 1.02  -135.01 18.50 40.65 -4.62 0.05 -0.11 0.95  -104.63 -30.58 23.99 -6.48 0.21 -0.15 1.16  2.49 -25.47 11.19 -7.55 -0.10 0.14 1.00  -0.61 5.78 17.44 8.13 3.08 0.00
0.12 -0.02 1.02  -229.65 61.00 83.36 -2.30 0.04 -0.25 1.05  -130.46 -59.59 20.09 -14.89 0.11 -0.20 1.37  25.54 19.23 7.31 -9.64 -0.06 0.11 1.11  5.63 -10.64 22.09 7.49 3.07 0.00
-0.19 -0.51 1.09  -246.74 61.38 116.02 -25.73 0.02 -0.20 0.86  -133.64 -73.84 10.75 -16.07 -0.08 -0.18 1.12  76.14 42.23 12.40 -10.78 0.05 -0.08 1.19  -2.87 10.31 24.93 -2.47 2.81 0.00
0.30 -0.15 1.55  -71.37 -83.33 108.44 -10.57 0.16 -0.17 0.65  -79.37 -107.78 5.08 -17.82 -0.04 -0.27 0.65  97.76 -7.43 1.73 -24.61 -0.01 -0.12 1.20  -10.52 6.59 35.71 -6.09 0.75 0.00
0.50 0.02 1.22  63.97 -33.93 42.87 -1.32 0.19 0.11 0.62  5.56 -70.62 -21.79 6.37 0.01 -0.22 0.75  94.38 40.12 -3.98 -21.39 -0.06 0.04 1.18  -4.58 8.65 12.61 0.50 0.42 0.00
-0.04 0.07 0.97  161.86 -50.47 54.55 4.06 -0.14 0.15 0.63  73.21 -18.12 -55.95 14.96 0.00 -0.07 0.88  99.57 47.69 -11.22 -8.71 -0.17 -0.03 1.13  -9.02 11.25 -4.92 -1.62 0.32 0.00
-0.19 -0.11 0.94  186.11 -97.86 37.73 -5.71 -0.33 0.14 0.57  133.95 -97.14 -80.28 17.26 -0.07 -0.01 0.85  90.95 86.49 -8.85 -2.28 -0.08 -0.07 1.08  -12.74 -3.65 -3.47 -3.94 0.20 0.00
-0.25 -0.25 0.98  173.41 -99.70 -12.76 -15.31 -0.14 0.08 0.50  149.37 -23.26 -89.24 13.19 -0.13 0.08 0.99  87.01 91.65 -3.73 4.13 -0.04 -0.08 1.09  -22.34 -15.31 0.75 -4.87 0.21 0.00
-0.27 -0.30 0.95  141.63 -65.14 -82.96 -20.57 -0.24 0.12 0.46  154.15 53.13 -69.35 17.11 -0.09 0.14 1.07  73.88 77.58 -13.91 8.60 -0.10 -0.09 1.10  -20.71 -23.02 -2.51 -5.68 0.16 0.00
-0.20 -0.35 0.96  117.69 -29.07 -127.44 -24.01 -0.12 0.15 0.42  165.93 94.25 -49.13 23.45 -0.08 0.27 1.00  37.30 42.03 -18.98 16.62 -0.08 -0.06 1.06  -9.86 -25.63 -10.99 -4.54 0.13 0.00
0.01 -0.48 0.86  102.62 10.74 -164.20 -33.91 -0.05 0.14 0.46  169.90 136.87 -27.86 22.31 -0.05 0.38 1.05  -2.02 1.97 -16.65 23.23 -0.05 -0.06 0.99  -6.10 -25.43 -13.67 -4.40 0.16 0.00
-0.27 -0.58 0.89  64.20 -19.71 -190.02 -39.82 -0.13 -0.01 0.60  159.69 145.96 -10.15 4.11 -0.07 0.18 1.18  -32.67 10.76 -15.03 13.15 -0.06 -0.01 1.00  -5.88 -29.28 -8.72 -1.58 0.17 0.00
-0.30 -0.82 0.55  -1.79 -122.93 -162.81 -63.85 -0.30 0.13 0.79  117.56 49.48 -16.75 10.54 -0.16 -0.10 1.47  -25.57 32.75 -15.60 -1.25 0.01 -0.03 1.02  -9.40 -24.29 -5.70 -1.95 0.17 0.00
-0.22 -0.97 0.26  -13.25 -148.91 -49.77 -87.65 -0.12 0.27 0.86  35.27 -77.13 -31.16 19.51 -0.36 -0.12 1.60  -2.65 15.97 -11.30 -4.49 0.05 -0.04 1.03  -6.08 -7.06 -7.21 -2.81 0.18 0.00
0.59 -0.84 1.23  -107.01 0.97 121.81 -51.94 0.41 -0.19 1.20  -41.09 -29.13 -9.18 -5.35 -0.28 -0.09 1.37  -17.47 -31.44 -17.44 -4.62 0.08 0.07 1.14  1.03 5.44 -14.35 2.79 0.11 2.72
-0.09 -0.44 1.23  -36.01 148.70 73.38 -30.01 -0.12 -0.16 1.01  -101.15 123.64 10.06 -9.92 0.26 -0.21 1.50  -21.09 -10.60 -13.91 -8.86 0.03 0.11 1.19  19.64 34.61 -21.54 5.88 0.13 3.01
0.06 -0.13 1.03  -4.13 38.68 20.37 -13.34 -0.17 -0.07 0.89  -78.95 -21.20 -6.40 -6.35 -0.16 0.18 0.86  -41.98 6.59 -23.77 10.22 -0.14 0.05 1.14  9.89 23.71 -12.22 3.63 0.19 3.06
0.07 -0.06 0.99  3.76 34.35 10.23 -6.19 0.17 -0.01 0.85  -60.62 27.82 -2.52 -1.88 0.05 0.22 0.86  -71.99 -44.49 -14.82 16.51 -0.16 -0.10 1.19  1.33 -9.15 -17.93 -4.00 0.18 3.08
-0.03 -0.03 1.02  3.31 13.41 2.03 -2.66 -0.04 -0.04 0.99  -45.69 13.10 -6.58 -2.86 0.09 -0.10 1.05  -72.19 -25.31 -14.08 -2.26 0.11 -0.14 1.20  -5.58 -15.82 -31.67 -7.65 0.09 3.10
0.04 -0.01 1.00  -1.21 -2.06 -0.73 -1.38 0.14 0.02 1.00  -38.52 -5.95 -4.97 0.38 0.08 0.01 1.06  -56.38 -24.39 -6.08 -0.17 0.10 -0.07 1.16  3.48 1.76 -14.51 -4.90 0.00 3.10
0.05 -0.02 1.00  -5.21 -4.65 0.86 -1.16 0.15 0.01 0.98  -36.46 -8.24 -0.44 0.58 0.10 0.01 1.04  -50.83 -52.27 -11.31 0.70 0.11 -0.04 1.13  16.65 5.45 13.42 -3.10 0.00 3.07
0.06 -0.02 0.99  -9.08 -7.67 3.71 -1.25 0.13 0.01 0.96  -33.43 -18.44 2.47 0.66 0.06 0.01 0.97  -42.02 -86.19 -4.05 0.71 0.11 -0.03 1.09  14.61 8.15 18.97 -2.35 0.00 2.98
0.06 -0.03 0.98  -10.39 -9.81 6.74 -1.99 0.08 0.03 0.96  -31.63 -24.14 3.57 1.76 0.16 0.02 0.92  -37.37 -72.51 -0.27 1.47 0.08 -0.07 1.07  5.07 18.48 14.65 -4.16 0.19 2.68
0.08 -0.04 0.97  -11.75 -9.49 9.45 -2.63 0.18 0.02 0.90  -32.69 -20.16 3.67 1.73 0.12 0.02 0.92  -30.06 -44.13 2.24 1.22 0.07 -0.08 1.07  3.45 25.74 7.07 -4.96 0.28 1.67
0.07 -0.05 0.97  -13.80 -7.96 10.58 -3.57 0.04 0.02 0.91  -30.57 -21.53 5.22 1.61 0.04 0.02 0.91  -30.58 -47.29 3.21 1.57 0.06 -0.04 1.03  -2.18 27.27 1.08 -3.07 0.85 0.57
0.08 -0.06 0.96  -15.40 -5.71 11.48 -4.29 0.09 0.04 0.91  -33.50 -18.79 6.60 2.78 0.04 0.02 0.96  -27.96 -53.61 8.66 1.36 0.03 -0.03 1.01  -8.45 27.29 -0.19 -2.36 1.91 0.04
0.10 -0.07 0.96  -17.72 -2.96 20.12 -5.02 0.10 0.04 0.89  -37.18 -17.58 6.58 2.97 0.12 0.01 0.94  -23.02 -51.86 12.96 0.89 0.00 -0.09 1.00  -3.21 32.59 -6.29 -5.49 2.57 0.00
0.07 -0.08 0.96  -25.53 -0.46 27.98 -5.98 0.09 0.02 0.90  -44.11 -19.77 7.83 1.73 0.08 -0.00 0.97  -23.54 -46.33 11.49 0.05 -0.02 -0.07 1.01  7.81 26.35 -14.05 -5.08 2.82 0.00
0.03 -0.11 0.96  -40.18 1.48 27.36 -7.76 0.08 0.06 0.93  -58.71 -17.89 12.89 3.87 0.05 -0.01 1.04  -17.04 -44.77 13.62 -0.75 -0.03 0.04 0.96  7.89 20.24 -16.41 1.23 2.93 0.00
0.05 -0.10 0.98  -65.76 2.47 26.88 -7.29 0.04 -0.01 0.89  -77.32 -24.16 17.86 0.00 0.09 -0.04 1.06  -4.65 -34.30 14.11 -2.34 0.07 0.09 0.95  4.32 18.25 -4.44 5.71 3.00 0.00
0.12 -0.08 0.99  -119.78 8.21 41.32 -6.31 0.08 -0.12 0.94  -94.66 -30.11 25.01 -7.35 0.24 -0.15 1.13  1.02 -24.16 12.31 -7.81 -0.08 0.21 0.99  2.36 12.26 21.67 13.38 3.07 0.00
0.20 -0.08 0.98  -200.34 31.07 84.19 -6.15 0.05 -0.17 1.11  -123.73 -55.41 22.36 -10.28 0.21 -0.11 1.41  25.32 47.40 6.90 -6.05 -0.11 0.09 1.15  -2.89 -0.74 28.29 6.94 3.11 0.00
-0.01 -0.28 0.97  -246.74 58.39 119.16 -17.64 0.03 -0.34 0.97  -143.55 -65.77 19.98 -21.72 -0.07 -0.22 1.27  83.93 96.13 23.90 -11.00 -0.04 -0.17 1.22  -4.61 2.14 39.07 -6.53 3.08 0.00
-0.28 -0.97 1.71  -140.04 -37.18 78.33 -33.05 0.33 0.07 0.35  -130.27 -64.52 36.02 6.18 0.01 -0.16 0.75  103.65 26.04 13.55 -13.79 -0.00 -0.18 1.19  -0.32 -0.87 41.32 -9.77 0.00 0.00
0.76 -0.07 1.09  59.12 -88.08 75.81 -10.25 -0.13 0.09 0.57  -51.48 -27.60 10.01 10.69 0.04 -0.36 0.68  102.50 11.94 2.70 -30.25 -0.05 0.08 1.22  -3.45 0.39 21.63 1.57 0.22 0.00
0.42 0.27 0.77  105.48 -0.58 -35.56 17.37 0.21 0.27 0.59  31.50 -12.81 -7.49 26.84 0.09 -0.14 0.85  104.27 44.20 -14.89 -15.31 -0.11 -0.04 1.15  -0.53 4.79 3.75 -1.75 0.38 0.00
0.14 0.19 0.77  161.28 -9.23 -68.42 17.80 -0.04 0.34 0.55  105.34 75.21 -31.63 37.09 0.02 0.09 0.85  86.80 74.96 -14.06 3.43 -0.10 -0.11 1.05  4.91 -2.64 -6.19 -6.22 0.46 0.00
-0.02 -0.01 0.84  186.83 -10.72 -84.72 3.24 -0.22 0.29 0.50  176.77 36.16 -40.44 37.68 -0.09 0.22 0.90  58.58 69.56 -5.51 14.44 -0.07 0.02 1.04  3.84 -14.97 -7.49 -0.14 0.48 0.00
-0.01 -0.31 0.99  187.25 -25.92 -85.74 -16.67 -0.05 0.12 0.41  215.73 25.66 -48.43 23.84 -0.16 0.20 0.94  33.25 43.69 -15.54 14.87 -0.11 -0.02 1.02  -13.30 -17.36 -5.77 -1.39 0.45 0.00
0.11 -0.67 1.02  165.24 -20.86 -127.37 -36.63 0.08 0.12 0.36  218.19 80.06 -38.29 23.78 -0.13 0.23 1.06  11.68 17.44 -33.25 15.15 -0.06 -0.08 1.02  -5.19 -20.76 -9.29 -4.70 0.53 0.00
-0.15 -0.74 0.90  121.65 -11.33 -104.42 -46.93 -0.17 -0.01 0.48  201.40 78.93 -24.08 4.23 -0.01 0.18 1.25  -6.37 1.32 -26.24 11.26 -0.02 -0.06 1.01  -3.83 -24.13 -7.84 -4.15 0.48 0.00
-0.35 -0.91 0.85  75.09 -115.07 -66.81 -56.35 -0.29 0.04 0.63  169.50 -10.51 -36.99 4.27 -0.03 0.06 1.31  -29.01 30.97 -18.04 4.68 -0.03 -0.04 1.02  -1.13 -26.91 -6.90 -2.89 0.63 0.00
-0.14 -0.83 0.51  32.98 -124.98 -42.29 -69.82 -0.07 0.17 0.78  102.24 -54.19 -36.64 12.89 -0.11 -0.01 1.40  -10.63 29.27 -13.76 0.57 -0.05 0.00 1.02  -5.68 -32.75 -9.56 -0.56 0.62 0.00
-0.16 -0.81 0.32  -14.33 -53.42 14.10 -82.09 -0.09 0.20 0.85  21.58 -31.01 -17.10 16.10 -0.15 0.02 1.38  -12.29 21.18 -13.74 0.88 -0.01 -0.02 0.98  -2.87 -29.96 -10.88 -1.51 0.31 0.00
1.25 -0.49 0.50  -32.84 90.35 146.47 -60.75 0.40 -0.07 1.01  -46.92 -53.24 -6.83 -0.56 -0.16 -0.12 1.39  -12.48 4.49 -5.42 -4.67 0.01 0.06 1.08  6.51 -20.33 -14.48 2.70 0.00 2.81
-0.44 -0.32 1.18  -7.85 125.77 50.35 -27.32 -0.47 -0.22 1.08  -89.31 93.66 17.40 -11.55 0.06 -0.25 1.38  -11.20 18.82 -8.44 -11.00 0.08 0.12 1.20  15.21 2.78 -26.07 6.42 0.00 3.02
0.01 -0.11 1.00  5.19 28.32 14.03 -11.92 0.14 0.01 0.75  -73.58 21.24 6.15 -1.86 -0.27 0.17 0.79  -25.41 -17.42 -12.99 10.10 -0.12 -0.02 1.15  12.30 0.70 -17.67 0.22 0.04 3.03
0.02 -0.08 0.98  10.30 27.01 9.85 -6.99 -0.00 -0.02 0.78  -42.34 3.47 0.40 -1.79 0.18 0.22 0.72  -74.23 -74.14 -15.39 18.65 -0.11 -0.12 1.15  5.81 -19.37 -23.24 -5.75 0.04 3.08
-0.07 -0.04 1.02  5.70 3.71 0.25 -3.47 0.06 -0.04 0.98  -30.18 12.93 -1.44 -2.61 0.10 -0.14 1.08  -69.16 -45.26 -7.50 -3.64 0.20 -0.04 1.17  -4.39 -14.38 -37.16 -3.16 0.23 3.08
0.04 -0.03 0.99  0.02 -5.35 -1.27 -2.33 0.17 0.03 1.03  -27.44 -17.72 0.20 1.15 0.23 0.01 1.06  -51.73 -22.58 -2.75 -0.33 0.10 0.00 1.15  -0.67 2.87 -12.37 -0.40 0.54 3.08
0.04 -0.03 0.99  -2.04 -0.51 1.58 -2.24 0.19 0.02 0.95  -27.57 -6.62 6.81 1.17 0.14 0.02 1.03  -36.90 -31.03 -9.11 0.86 0.07 -0.04 1.12  5.74 -2.08 16.55 -2.00 1.40 3.06
0.02 -0.04 0.99  -4.16 -0.39 3.00 -2.49 0.11 0.01 0.93  -21.40 -18.24 7.98 0.56 0.04 0.05 0.91  -36.18 -63.82 -0.54 3.05 0.11 -0.00 1.09  2.04 -0.14 15.53 -0.50 2.03 3.00
0.01 -0.04 0.98  -3.95 -2.31 3.31 -3.04 0.06 0.02 0.94  -16.46 -20.98 7.47 1.57 0.10 0.02 0.90  -36.08 -54.11 2.76 1.97 0.06 -0.06 1.07  -7.52 6.18 8.84 -3.32 2.35 2.91
0.02 -0.04 0.98  -3.80 -3.45 4.02 -3.04 0.14 0.03 0.97  -18.44 -11.40 5.99 2.05 0.11 0.01 0.99  -34.52 -30.88 6.03 0.68 0.07 -0.08 1.06  -3.73 8.64 3.10 -5.04 2.57 2.76
0.03 -0.04 0.98  -4.89 -3.64 4.73 -3.08 0.11 0.03 0.96  -21.82 -14.39 8.29 2.00 0.09 -0.01 1.02  -28.67 -25.74 6.02 -0.29 0.07 -0.04 1.02  -2.65 13.59 2.20 -3.41 2.76 2.30
0.03 -0.04 0.98  -8.53 -3.36 6.78 -3.04 0.09 0.02 0.95  -26.08 -17.81 10.61 1.75 0.06 -0.01 0.99  -22.93 -34.39 6.68 -0.69 0.02 -0.04 0.98  -1.92 13.85 2.88 -2.94 2.85 0.93
0.01 -0.05 0.99  -15.34 -5.22 7.40 -3.38 0.08 0.02 0.93  -31.02 -19.72 13.45 1.47 0.07 -0.00 0.98  -19.12 -39.48 10.22 -0.21 0.02 -0.04 0.98  5.39 14.46 -2.25 -2.88 2.93 0.26
0.02 -0.06 0.99  -24.47 -8.80 8.17 -4.17 0.07 0.02 0.95  -38.54 -24.20 17.26 1.60 0.14 -0.01 1.01  -20.80 -38.55 12.76 -0.37 0.01 -0.02 0.97  9.26 8.46 -10.19 -1.48 2.98 0.00
-0.01 -0.09 0.98  -34.81 -14.29 10.44 -6.24 0.04 0.09 1.04  -52.53 -34.10 21.69 5.47 0.07 -0.01 1.12  -10.94 -3.11 15.73 -0.63 0.01 0.01 0.96  -2.97 7.33 -21.19 0.06 3.00 0.00
0.05 -0.07 1.01  -52.97 -24.47 1.90 -5.39 0.12 0.15 1.16  -91.76 -32.73 34.40 8.35 0.18 0.02 1.37  12.05 39.97 18.18 0.79 0.08 -0.04 1.13  -19.03 7.03 -11.74 -2.27 2.88 0.00
0.28 0.06 1.12  -125.66 -12.93 36.94 1.84 0.05 -0.35 1.08  -142.41 -39.39 38.53 -16.36 0.21 -0.26 1.38  57.05 92.99 20.19 -10.47 -0.14 0.02 1.28  -1.50 -10.78 32.46 0.49 2.88 0.00
0.06 -0.06 1.13  -219.08 -0.06 77.45 -2.85 0.01 -0.38 0.64  -145.62 -33.37 39.87 -33.99 -0.10 -0.32 1.01  92.97 121.23 41.21 -19.56 0.04 -0.06 1.21  13.97 -18.68 32.40 -2.55 1.61 0.00
0.56 -0.17 1.48  -112.08 13.27 41.94 -7.21 0.05 0.13 0.50  -83.57 -24.56 50.05 7.96 -0.10 -0.16 0.62  94.37 -26.16 25.42 -18.38 -0.07 0.02 1.19  -0.45 -13.34 12.18 0.45 0.61 0.00
0.28 0.29 1.08  31.74 48.17 16.97 13.48 0.02 0.20 0.62  0.95 58.15 42.90 19.64 0.27 -0.05 0.67  70.68 -35.61 3.74 -7.75 -0.19 0.00 1.20  -11.68 -21.70 -9.76 0.09 0.33 0.00
0.23 0.21 0.89  101.43 97.44 -23.86 16.13 -0.05 0.24 0.61  76.79 35.32 41.26 25.31 0.31 0.09 0.82  47.97 65.49 -9.04 4.98 -0.18 -0.05 1.15  -7.05 -37.34 -26.36 -2.41 0.28 0.00
0.45 -0.06 0.76  116.91 82.48 -100.04 -1.22 0.25 0.25 0.48  121.45 100.92 47.63 33.25 0.22 0.16 0.91  28.22 123.17 -6.55 10.91 -0.05 -0.03 1.11  -8.09 -47.41 -26.93 -2.22 0.22 0.00
0.63 -0.40 0.58  62.85 116.13 -228.03 -34.82 0.34 0.21 0.34  120.42 234.08 70.31 38.56 0.12 0.06 0.96  4.84 166.13 -6.12 5.58 -0.06 -0.05 1.12  -5.76 -48.06 -23.41 -2.78 0.31 0.00
0.37 -0.66 0.71  16.38 104.77 -250.03 -49.63 0.10 0.16 0.39  102.05 250.38 90.08 30.04 -0.08 -0.02 1.14  9.89 137.41 -18.63 0.07 -0.11 -0.05 1.09  -6.89 -54.46 -27.48 -3.39 0.35 0.00
0.35 -0.54 0.72  34.01 97.96 -185.35 -46.74 0.00 0.11 0.52  89.91 171.66 64.05 18.05 -0.26 0.05 1.15  0.41 110.19 -27.68 2.30 -0.11 -0.03 1.07  -11.27 -67.77 -31.88 -2.30 0.28 0.00
0.41 -0.33 0.69  24.44 45.93 -149.60 -34.93 0.08 0.11 0.61  84.31 115.29 30.69 14.08 -0.19 0.02 1.14  2.61 92.53 -20.92 1.43 -0.08 -0.00 1.06  -11.43 -75.61 -35.33 -0.67 0.37 0.00
0.35 -0.30 0.69  -3.30 37.09 -177.48 -30.45 0.14 0.13 0.65  75.30 123.80 23.75 14.10 0.09 0.13 1.06  -7.12 92.97 -31.87 7.14 -0.09 -0.02 1.05  -10.68 -82.81 -35.74 -1.38 0.46 0.00
0.25 -0.48 0.61  -26.07 54.42 -174.44 -44.04 0.07 0.16 0.63  54.10 159.04 29.11 17.25 0.08 0.15 1.13  -30.28 112.42 -31.90 9.15 -0.09 -0.04 1.04  -10.24 -95.36 -37.30 -2.71 0.48 0.00
0.29 -0.56 0.42  -69.90 39.61 -175.54 -62.00 -0.06 0.15 0.64  17.23 153.35 21.04 16.95 -0.04 0.00 1.21  -41.98 134.40 -22.08 1.84 -0.07 -0.03 1.05  -9.52 -107.54 -41.00 -1.96 0.45 0.00
0.23 -0.48 0.50  -121.11 8.93 -184.67 -56.74 -0.01 0.14 0.65  -17.15 147.99 13.60 15.89 -0.08 0.04 1.07  -44.15 131.23 -25.27 2.33 -0.04 -0.02 1.04  -7.00 -114.93 -42.88 -1.38 0.44 0.00
-0.19 -0.62 0.98  -125.77 95.08 -93.18 -43.60 -0.14 0.12 0.67  -29.64 127.44 6.60 13.09 -0.12 0.13 0.92  -60.58 105.57 -27.08 8.33 -0.02 -0.03 1.04  -8.84 -118.54 -39.49 -1.99 0.19 0.00
-0.06 -0.27 1.18  -18.97 48.77 19.62 -21.45 -0.41 -0.11 0.88  -8.60 42.71 -5.89 -4.33 -0.31 -0.02 0.90  -68.09 85.10 -14.69 0.04 0.04 -0.05 1.11  -9.45 -115.12 -32.35 -3.25 0.37 1.72
0.18 -0.12 1.03  -0.64 24.80 11.38 -11.16 -0.05 -0.18 0.93  0.60 3.30 -14.24 -12.02 -0.18 -0.38 1.15  -46.39 56.74 1.12 -18.48 0.14 0.00 1.21  -6.51 -101.50 -34.08 -0.59 0.13 2.86
0.13 -0.09 0.97  3.33 6.96 5.55 -7.71 -0.11 -0.03 0.95  0.66 2.24 -15.85 -4.37 -0.13 -0.08 1.06  -32.38 25.64 -18.21 -8.13 0.04 -0.05 1.22  1.90 -83.54 -38.22 -2.50 0.04 2.93
0.14 -0.07 0.94  7.37 3.30 3.62 -5.95 -0.03 0.01 0.94  2.14 2.17 -18.07 -0.43 -0.02 0.05 0.94  -35.01 13.91 -7.30 1.21 -0.09 -0.07 1.17  -6.60 -91.41 -34.63 -4.13 0.15 2.98
0.15 -0.06 0.94  9.87 10.05 4.23 -4.75 0.01 0.01 0.98  1.89 19.76 -18.22 0.48 0.11 0.02 0.98  -33.40 45.77 -1.53 1.58 -0.07 -0.07 1.13  -10.53 -107.14 -42.23 -4.38 0.19 3.03
0.13 -0.05 0.94  9.28 17.05 5.58 -4.04 0.09 0.02 1.02  -1.29 33.03 -16.15 1.21 0.19 0.00 1.08  -34.90 81.11 -2.82 0.38 -0.01 -0.03 1.10  -14.35 -123.02 -49.16 -2.71 0.59 3.07
0.11 -0.05 0.96  7.33 19.70 6.70 -3.50 0.09 0.01 1.04  -7.44 45.42 -9.81 1.05 0.20 0.03 1.05  -34.44 109.69 0.49 1.74 0.04 -0.04 1.04  -13.80 -136.42 -53.06 -2.85 2.26 3.08
0.09 -0.04 0.96  4.83 19.96 7.30 -3.27 0.07 0.02 1.05  -14.23 36.49 -4.47 1.51 0.10 -0.04 1.06  -28.47 127.39 2.79 -1.79 0.09 -0.07 1.01  -13.19 -141.92 -60.87 -4.40 2.75 3.07
0.04 -0.04 0.98  2.65 14.17 4.16 -3.21 0.03 -0.00 0.96  -19.78 47.04 -0.53 0.17 -0.04 0.02 0.95  -21.77 127.29 2.98 0.83 0.08 -0.05 1.02  -7.33 -142.31 -67.15 -3.78 2.86 3.07
0.05 -0.04 0.97  1.22 10.08 1.32 -3.29 0.05 0.00 0.90  -16.57 36.54 1.29 0.24 0.01 0.01 0.87  -28.32 104.02 0.85 0.84 0.12 -0.00 1.00  1.46 -135.98 -66.18 -1.00 2.88 3.07
0.04 -0.04 0.98  -0.72 5.37 -1.09 -3.16 0.02 -0.01 0.90  -11.27 22.55 3.49 -0.39 -0.00 -0.00 0.89  -22.89 84.98 -0.60 -0.08 0.21 0.03 0.99  2.45 -120.41 -58.35 1.69 2.85 3.08
0.05 -0.04 0.98  -2.71 0.74 -2.93 -3.11 0.07 0.01 0.93  -7.13 11.85 6.81 0.56 0.02 -0.01 0.96  -18.44 63.18 1.22 -0.90 0.27 0.04 1.00  2.19 -100.25 -46.33 2.37 2.75 3.08
0.07 -0.04 0.97  -1.20 3.32 -1.42 -3.18 0.08 0.02 0.92  -4.40 13.32 10.12 1.19 0.09 0.01 0.94  -15.32 47.45 4.59 0.48 0.30 -0.00 1.03  -0.75 -78.48 -33.98 0.36 2.71 3.08
0.06 -0.04 0.97  0.44 5.49 -0.16 -3.22 0.05 0.01 0.91  -0.54 10.58 13.12 0.86 0.07 0.01 0.90  -10.70 41.73 9.73 0.80 0.24 -0.02 1.05  -2.19 -62.65 -27.67 -0.86 2.67 3.08
0.05 -0.04 0.97  1.60 5.84 0.53 -3.02 0.03 0.01 0.92  3.77 3.74 15.32 0.59 0.06 0.02 0.94  -10.25 36.11 13.77 1.11 0.19 -0.04 1.06  -3.20 -52.73 -24.27 -2.08 2.67 3.08
0.04 -0.04 0.98  1.20 5.24 0.90 -2.81 0.03 0.01 0.95  5.55 2.77 18.18 0.68 0.05 0.01 0.99  -10.13 32.93 16.99 0.67 0.17 -0.04 1.06  -2.38 -44.47 -24.27 -2.51 2.70 3.08
0.05 -0.04 0.98  0.41 5.29 1.50 -2.70 0.05 0.01 0.97  4.82 3.45 22.07 0.99 0.04 0.00 1.01  -8.77 26.83 18.98 0.14 0.16 -0.06 1.06  3.71 -39.55 -26.35 -3.56 2.71 3.08
0.09 -0.03 0.98  -4.48 13.29 3.90 -2.48 0.04 0.02 0.99  2.49 3.98 24.59 1.27 0.04 0.01 1.00  -7.05 20.37 22.24 0.72 0.13 -0.04 1.04  7.81 -29.58 -23.85 -2.93 2.68 3.03
0.13 -0.06 0.96  -8.95 39.56 10.50 -4.18 0.12 0.06 1.05  -6.50 24.44 26.34 3.33 0.05 -0.00 1.08  -3.44 12.46 25.09 -0.01 0.13 -0.03 1.06  3.96 -20.04 -14.67 -2.42 2.56 2.88
0.07 -0.06 1.00  -1.38 54.19 11.99 -4.42 -0.02 0.05 1.15  -24.33 19.80 31.18 3.20 -0.01 -0.04 1.15  13.36 25.65 29.57 -1.97 0.01 -0.08 1.09  7.10 -23.80 -8.15 -4.44 1.84 1.95
0.05 -0.02 1.07  3.60 84.35 12.04 -1.75 -0.01 -0.05 1.08  -45.64 21.20 37.59 -1.84 -0.15 -0.10 1.18  31.91 61.02 41.46 -5.07 -0.12 -0.07 1.11  8.28 -38.28 -5.30 -4.33 0.56 0.65
0.11 -0.13 1.08  -11.47 115.48 -20.59 -7.46 0.13 -0.10 0.85  -56.22 50.54 48.69 -6.94 -0.07 -0.15 1.12  55.46 56.36 47.20 -8.35 -0.13 -0.01 1.13  5.28 -58.43 -14.24 -1.36 0.26 0.04
0.49 -0.06 0.92  -35.51 93.09 -175.53 -5.49 0.54 0.03 0.66  -58.05 165.48 68.06 1.00 0.20 -0.05 1.04  50.19 55.64 15.29 -4.59 -0.09 0.04 1.16  9.08 -66.73 -29.11 1.82 0.28 0.00
0.18 0.04 0.95  -44.13 128.28 -250.03 1.56 0.18 0.02 0.63  -45.32 250.38 83.80 2.14 0.38 0.05 0.98  18.52 85.81 -21.09 2.28 -0.09 0.06 1.15  4.10 -60.80 -33.45 3.53 0.28 0.00
0.03 0.05 1.02  -21.95 109.61 -244.22 3.17 -0.05 0.02 0.72  -11.19 246.69 82.27 1.99 0.34 0.03 0.80  -11.73 146.96 -36.35 2.43 -0.09 0.01 1.12  -3.88 -58.78 -35.85 0.99 0.24 0.00
0.23 0.02 0.88  -9.77 91.73 -224.64 1.77 0.06 0.09 0.74  14.25 217.27 70.18 7.54 -0.03 -0.02 0.78  -7.78 219.26 -23.57 -0.83 -0.09 -0.06 1.08  -5.28 -64.22 -33.77 -3.01 0.21 0.00
0.17 -0.09 0.86  -20.98 95.21 -248.53 -5.86 0.06 0.12 0.64  25.01 250.38 68.04 12.17 -0.28 0.00 0.86  0.07 212.34 -17.45 -0.15 -0.07 -0.06 1.07  -4.40 -71.51 -29.62 -3.72 0.29 0.00
-0.07 -0.23 0.94  -15.05 88.34 -232.03 -14.83 -0.19 0.07 0.63  34.08 238.29 64.00 8.37 -0.32 -0.03 0.87  -4.96 179.10 -26.44 -2.25 -0.05 -0.04 1.07  -4.45 -75.12 -26.84 -2.84 0.30 0.00
-0.13 -0.24 0.86  -13.08 63.96 -176.66 -18.49 -0.23 0.04 0.63  41.32 164.42 48.47 5.59 -0.40 -0.05 0.93  3.95 125.78 -15.23 -3.44 -0.02 -0.03 1.06  -0.95 -71.87 -26.41 -2.21 0.27 0.00
-0.05 -0.32 0.83  -23.62 20.64 -151.19 -24.98 -0.15 0.11 0.59  43.84 111.51 33.50 11.73 -0.26 0.03 0.95  3.32 90.64 -7.18 1.20 -0.00 -0.03 1.05  3.60 -62.57 -26.24 -1.99 0.31 0.00
-0.01 -0.36 0.70  -37.74 1.83 -127.11 -32.33 -0.13 0.13 0.56  42.40 79.89 20.68 15.36 -0.18 0.07 0.90  -11.91 70.49 -5.58 4.72 0.00 -0.03 1.03  7.53 -52.85 -22.08 -2.07 0.18 0.00
-0.23 -0.96 0.76  -64.37 64.45 -35.77 -58.13 -0.08 0.21 0.46  23.66 59.01 10.76 27.18 -0.17 0.06 0.99  -23.96 41.11 -8.02 4.64 -0.00 -0.02 1.04  7.00 -48.60 -14.70 -1.59 0.12 0.00
-0.03 -0.38 0.90  1.70 25.55 -3.71 -34.51 -0.23 0.05 0.58  9.08 0.18 0.24 10.04 -0.24 0.01 0.83  -32.28 19.74 -7.31 1.64 0.02 0.00 1.04  3.04 -42.83 -9.45 -0.18 0.14 0.00
0.03 -0.17 0.96  23.81 4.67 2.13 -17.03 -0.11 0.00 0.77  26.14 -26.85 -8.63 2.07 -0.18 0.06 0.79  -52.67 -23.73 -1.03 4.94 0.00 -0.01 1.08  0.03 -34.41 -9.06 -0.69 0.24 0.20
-0.02 -0.02 1.03  25.28 12.92 -0.96 -4.78 -0.09 -0.06 1.01  27.80 -7.23 -7.11 -2.87 -0.05 -0.09 1.04  -56.30 -22.00 -2.92 -4.31 0.02 -0.02 1.13  -1.30 -31.60 -7.66 -1.09 0.57 1.51
-0.01 0.00 1.03  10.44 0.96 -1.21 -0.93 -0.05 -0.01 1.20  15.21 -2.36 -5.72 -1.20 0.00 -0.17 1.22  -33.54 7.65 -0.90 -9.07 0.08 -0.01 1.16  -6.08 -22.93 -5.77 -0.95 1.39 2.21
0.03 -0.01 1.00  3.55 3.71 2.25 -0.96 -0.01 0.02 1.15  -5.02 9.80 -3.49 0.85 -0.03 -0.07 1.15  -8.32 27.32 -3.60 -5.38 0.02 -0.07 1.14  -7.32 -14.15 -3.53 -3.65 2.06 2.32
-0.02 -0.02 1.00  2.27 4.30 3.29 -1.46 -0.08 -0.00 0.99  -11.56 7.51 -3.70 -0.10 -0.13 -0.01 0.94  -0.09 21.78 -5.08 -1.48 -0.05 -0.06 1.09  -1.13 -18.41 -3.39 -3.75 2.40 2.37
-0.02 -0.03 1.00  3.12 -0.09 0.80 -1.74 -0.08 -0.01 0.93  -7.43 2.64 -5.29 -0.65 -0.09 0.01 0.88  -5.95 8.38 -3.13 0.57 0.00 -0.01 1.09  0.82 -21.25 -7.41 -1.21 2.47 2.46
-0.01 -0.02 1.00  4.47 -0.21 -0.12 -1.40 -0.06 -0.00 0.96  -3.46 -0.30 -6.86 -0.35 -0.05 -0.01 0.94  -8.02 9.20 -4.68 -0.35 0.06 -0.03 1.09  -1.47 -15.07 -7.52 -1.62 2.50 2.57
-0.01 -0.01 1.00  4.48 -1.98 -0.26 -0.83 -0.04 -0.00 0.99  -3.15 1.01 -7.04 -0.09 -0.06 -0.02 0.97  -6.07 10.39 -5.66 -0.99 0.04 -0.04 1.09  -2.08 -8.77 -3.45 -2.31 2.52 2.66
-0.01 -0.01 1.01  3.20 -2.54 0.01 -0.66 -0.04 -0.00 0.98  -3.52 0.45 -6.80 -0.08 -0.06 -0.01 0.97  -2.86 4.55 -6.05 -0.99 0.02 -0.04 1.08  0.19 -7.53 -2.26 -2.78 2.56 2.72
-0.00 -0.01 1.01  2.33 -1.37 0.13 -0.66 -0.03 0.00 0.97  -3.37 -1.23 -6.89 0.27 -0.03 0.00 0.95  -1.16 0.34 -5.38 -0.01 0.02 -0.02 1.07  3.01 -6.42 -3.20 -1.69 2.57 2.78
-0.01 -0.01 1.01  2.15 -1.23 -0.45 -0.60 -0.03 0.01 0.97  -2.95 1.35 -6.61 0.39 -0.01 0.01 0.95  -3.09 2.42 -4.15 0.64 0.02 -0.01 1.07  -0.08 -8.35 -3.46 -0.81 2.55 2.85
-0.00 -0.01 1.01  2.20 -1.17 -1.09 -0.47 -0.02 0.00 0.97  -2.87 1.42 -6.80 0.23 -0.00 0.00 0.96  -4.57 10.29 -3.95 0.26 0.02 -0.02 1.07  -3.14 -11.18 -3.77 -1.39 2.46 2.90
0.00 -0.00 1.01  1.18 -1.26 -0.77 -0.15 -0.00 -0.00 0.96  -2.53 3.96 -5.76 -0.22 -0.01 -0.00 0.96  -4.90 11.09 -3.57 0.01 0.03 -0.03 1.07  -3.18 -11.85 -4.75 -1.73 2.44 2.93
0.00 -0.00 1.01  0.80 -1.59 -0.39 -0.17 0.00 0.00 0.97  -2.03 5.37 -4.66 0.03 -0.01 0.00 0.96  -5.83 5.46 -3.32 0.06 0.04 -0.03 1.07  -1.83 -12.24 -5.00 -1.97 2.45 2.95
0.00 -0.00 1.01  0.81 -0.98 0.22 -0.05 -0.00 0.00 0.97  -2.50 5.79 -3.65 0.20 -0.00 -0.00 0.97  -4.35 5.69 -3.18 -0.26 0.05 -0.03 1.08  -1.16 -11.30 -4.19 -2.08 2.49 2.96
0.00 -0.00 1.01  0.76 -1.54 0.25 -0.11 0.00 0.01 0.96  -2.58 5.38 -3.15 0.34 -0.01 0.00 0.94  -3.11 6.28 -2.67 0.05 0.05 -0.03 1.08  -0.69 -9.54 -3.19 -1.96 2.52 2.96
0.00 -0.00 1.01  0.75 -2.21 0.22 -0.07 -0.00 -0.00 0.95  -1.89 3.84 -2.89 0.02 -0.02 -0.00 0.93  -2.92 5.91 -2.45 -0.00 0.04 -0.03 1.09  -0.60 -7.95 -2.74 -1.74 2.52 2.96
0.01 -0.00 1.01  0.67 -2.04 0.34 -0.03 0.00 0.00 0.95  -0.72 2.34 -2.54 0.09 -0.02 0.00 0.93  -3.16 3.10 -2.71 0.16 0.04 -0.03 1.09  -0.52 -6.12 -2.52 -1.74 2.52 2.97
0.01 -0.00 1.01  0.71 -1.13 0.39 -0.01 0.00 0.01 0.96  0.24 1.06 -2.33 0.32 -0.01 0.01 0.94  -2.73 -0.63 -2.29 0.36 0.05 -0.03 1.08  -0.60 -4.58 -1.44 -1.87 2.51 2.98
0.00 0.00 1.01  0.47 0.08 0.49 -0.00 0.01 0.00 0.96  0.45 0.51 -2.08 0.36 0.00 0.00 0.94  -2.06 0.99 -1.93 0.16 0.05 -0.03 1.08  -0.57 -3.12 -0.22 -1.72 2.47 2.98
0.01 0.00 1.01  0.22 0.03 0.52 0.05 0.01 0.01 0.96  0.69 0.71 -1.66 0.39 0.00 0.01 0.94  -2.40 2.52 -1.92 0.49 0.03 -0.03 1.08  -1.03 -2.56 0.20 -1.72 2.47 2.98
0.01 0.00 1.01  0.18 0.13 0.78 0.12 0.01 0.00 0.96  1.18 -0.78 -1.23 0.29 0.00 0.00 0.94  -2.79 1.25 -1.91 0.34 0.03 -0.04 1.08  -0.47 -3.18 -0.64 -2.22 2.49 2.98
0.01 0.00 1.01  0.12 0.48 1.20 0.07 0.01 0.01 0.97  1.24 -0.29 -0.81 0.41 -0.00 0.00 0.95  -2.51 -2.01 -1.57 0.28 0.04 -0.03 1.08  1.01 -3.09 -1.35 -2.24 2.49 2.98
0.00 0.00 1.01  -0.01 0.58 1.29 0.13 0.01 0.01 0.97  0.47 0.11 -0.69 0.48 0.00 -0.00 0.96  -1.73 -0.46 -1.34 0.01 0.03 -0.03 1.08  2.27 -2.96 -1.46 -2.05 2.49 2.96
0.00 -0.00 1.01  -0.18 0.50 1.13 -0.01 0.00 0.01 0.97  -0.36 0.48 -0.58 0.56 0.00 0.00 0.95  -0.72 2.45 -0.99 0.30 0.03 -0.03 1.07  1.86 -3.09 -1.40 -1.76 2.51 2.96
0.00 -0.00 1.01  -0.19 0.67 1.04 -0.03 0.00 0.01 0.96  -0.76 1.71 -0.55 0.41 -0.01 0.00 0.94  0.08 2.55 -0.59 0.28 0.03 -0.03 1.07  1.50 -2.67 -1.50 -1.83 2.52 2.96
0.00 -0.00 1.01  -0.19 0.61 0.97 -0.02 0.01 0.00 0.96  -0.44 1.17 -0.72 0.36 -0.01 0.01 0.94  -0.56 1.71 -0.76 0.38 0.03 -0.03 1.07  2.43 -2.12 -1.64 -1.95 2.52 2.96
0.01 0.00 1.01  -0.17 0.58 1.13 0.00 0.01 0.01 0.97  -0.30 1.14 -0.79 0.40 -0.01 0.00 0.95  0.18 -0.18 -0.96 0.17 0.03 -0.02 1.08  2.77 -1.15 -1.45 -1.71 2.54 2.95
0.00 0.00 1.01  -0.11 0.66 1.64 0.07 -0.00 0.00 0.97  -0.34 0.58 -1.21 0.24 -0.03 -0.01 0.94  1.28 -2.32 -1.07 -0.31 0.03 -0.01 1.08  1.13 1.25 -1.25 -0.83 2.54 2.93
-0.00 0.00 1.01  -0.02 -0.61 1.65 0.06 -0.01 0.00 0.96  0.32 -2.94 -2.20 0.06 -0.05 -0.00 0.93  1.52 -7.07 -0.95 -0.12 0.02 0.00 1.09  -3.09 4.00 -0.67 -0.06 2.52 2.91
0.01 0.00 1.01  0.75 -1.13 1.95 0.03 0.01 0.00 0.95  1.60 -2.68 -3.49 0.10 -0.01 0.01 0.92  1.40 -7.13 -1.49 0.40 0.00 -0.02 1.09  -6.45 4.48 -0.13 -0.88 2.57 2.90
0.00 -0.00 1.01  1.83 -0.85 2.09 -0.02 0.01 0.00 0.95  3.08 1.73 -4.40 0.28 0.01 0.02 0.93  -2.03 -2.44 -2.76 1.13 -0.01 -0.04 1.09  -6.71 3.53 -0.39 -2.20 2.60 2.90
-0.00 0.00 1.01  2.28 -1.24 1.58 0.12 0.01 0.01 0.97  3.64 3.22 -5.02 0.41 -0.00 0.00 0.95  -3.14 2.65 -2.50 0.46 0.02 -0.05 1.09  -5.00 3.08 -2.48 -2.85 2.62 2.90
0.01 0.00 1.01  1.54 -1.42 1.18 0.27 0.02 0.01 0.98  3.03 5.19 -5.04 0.52 -0.02 -0.00 0.95  -2.27 0.22 -2.55 0.02 0.03 -0.05 1.08  -2.68 6.09 -3.17 -2.96 2.62 2.91
0.00 0.00 1.01  0.55 -1.33 0.71 0.30 0.02 0.01 0.98  2.82 4.64 -5.04 0.53 -0.02 0.00 0.96  -1.61 -8.26 -3.05 0.12 0.01 -0.04 1.08  1.16 6.33 -1.12 -2.84 2.66 2.92
0.01 0.00 1.01  -0.10 -1.42 0.39 0.32 0.03 0.01 1.00  1.66 4.15 -4.60 0.73 0.01 0.00 0.97  -0.44 -13.38 -2.53 0.06 0.02 -0.04 1.07  4.89 6.19 -0.80 -2.46 2.67 2.93
0.01 0.01 1.01  -0.69 -1.34 0.49 0.35 0.04 0.01 0.99  -0.13 2.83 -3.88 0.74 0.04 0.01 0.97  0.80 -10.44 -2.02 0.44 0.03 -0.01 1.07  3.58 5.01 -2.16 -0.86 2.71 2.93
0.01 0.00 1.01  -1.17 -1.38 0.61 0.26 0.04 0.01 0.98  -1.00 2.02 -3.02 0.60 0.04 0.01 0.93  0.35 -6.06 -1.50 0.91 0.02 -0.00 1.07  -0.03 4.20 -2.22 -0.34 2.72 2.93
0.01 0.00 1.01  -0.75 -1.33 0.53 0.09 0.04 0.01 0.97  -0.72 0.10 -2.47 0.67 0.01 0.02 0.92  -0.78 -2.19 -1.40 1.16 0.04 -0.03 1.07  -1.17 4.47 -1.14 -1.43 2.72 2.93
0.01 0.00 1.01  -0.30 -1.16 0.33 0.10 0.05 0.01 0.98  -0.31 -1.77 -1.78 0.69 0.01 0.01 0.95  -1.79 -5.36 -1.22 0.91 0.04 -0.04 1.08  -2.05 4.79 -0.71 -2.29 2.72 2.93
0.01 0.00 1.01  -0.51 -0.41 0.45 0.14 0.05 0.01 0.99  -0.95 -3.12 -0.78 0.88 0.03 -0.00 0.96  -0.12 -8.97 -0.57 0.17 0.03 -0.05 1.08  -0.33 6.30 -0.89 -2.89 2.72 2.93
0.01 0.00 1.01  -0.57 0.26 0.77 0.13 0.06 0.01 0.98  -2.20 -1.97 0.25 0.81 0.05 0.02 0.95  0.36 -5.31 -0.41 1.00 0.02 -0.03 1.08  1.37 5.50 -0.13 -1.95 2.72 2.93
0.01 0.00 1.00  -0.25 0.86 0.82 0.03 0.05 0.01 0.97  -2.40 0.67 1.09 0.75 0.04 0.02 0.93  -1.59 -0.53 -0.50 1.19 -0.01 -0.02 1.09  0.58 2.11 -0.18 -1.32 2.71 2.93
0.01 0.00 1.01  -0.15 1.17 0.72 0.03 0.04 0.01 0.97  -1.85 0.96 1.79 0.63 0.03 0.02 0.92  -2.86 4.24 0.31 1.29 -0.01 -0.03 1.10  -0.34 -2.29 -1.76 -1.82 2.67 2.93
0.01 -0.00 1.01  -0.22 1.42 0.68 -0.01 0.04 0.01 0.97  -1.31 0.90 2.37 0.60 0.01 0.01 0.93  -3.26 2.84 1.25 0.93 0.02 -0.04 1.10  -0.32 -4.15 -3.11 -2.25 2.66 2.93
0.01 0.00 1.01  -0.26 1.57 0.59 0.05 0.03 0.01 0.98  -1.61 0.93 2.79 0.69 0.00 0.00 0.93  -2.63 1.23 1.08 0.22 0.03 -0.03 1.09  1.01 -3.24 -2.62 -2.27 2.61 2.93
0.01 -0.00 1.01  -0.27 1.93 0.76 -0.00 0.03 0.01 0.97  -1.77 0.13 3.08 0.66 0.00 0.01 0.92  -0.58 0.37 1.17 0.44 0.02 -0.03 1.09  1.57 -1.25 -0.66 -1.80 2.57 2.93
0.01 0.00 1.01  0.16 2.19 0.94 0.01 0.03 0.01 0.95  -0.76 0.14 3.09 0.46 0.00 0.01 0.91  -1.03 -1.10 0.81 0.89 0.01 -0.03 1.10  0.58 0.14 0.52 -1.77 2.56 2.92
0.00 -0.00 1.01  0.74 2.33 1.21 -0.00 0.03 0.01 0.96  0.22 -0.23 2.75 0.51 0.00 0.01 0.92  -2.00 0.19 0.41 0.76 0.00 -0.03 1.10  -0.07 -0.42 0.32 -1.81 2.59 2.91
0.00 0.00 1.01  0.41 1.93 1.39 0.14 0.02 0.01 0.97  0.09 1.14 2.56 0.46 0.00 0.00 0.94  -1.36 0.89 1.05 0.21 0.00 -0.04 1.10  -0.03 -0.99 -0.43 -2.19 2.60 2.90
0.00 0.00 1.01  0.01 1.47 1.51 0.16 0.02 0.01 0.97  -0.21 0.58 2.20 0.51 -0.00 0.00 0.94  -0.63 1.37 0.95 0.07 0.00 -0.03 1.09  1.11 -1.13 -0.92 -2.14 2.61 2.88
0.00 0.00 1.01  -0.01 1.45 1.55 0.08 0.02 0.01 0.97  -0.67 0.45 1.93 0.51 -0.01 0.01 0.94  -0.09 -0.06 0.68 0.40 -0.00 -0.03 1.09  2.22 -1.47 -0.66 -2.19 2.62 2.86
-0.00 0.00 1.01  -0.05 1.17 1.71 0.03 0.01 0.01 0.97  -0.80 -0.09 1.40 0.51 -0.01 0.00 0.93  0.21 -0.68 0.74 0.17 -0.01 -0.03 1.09  3.22 -1.70 -0.86 -2.15 2.66 2.82
-0.00 0.00 1.01  -0.04 0.89 1.90 0.12 0.01 0.00 0.97  -0.97 -0.61 0.82 0.38 -0.00 0.00 0.93  0.95 1.55 0.24 0.17 -0.01 -0.03 1.09  3.73 -2.34 -1.02 -1.98 2.67 2.79
-0.01 0.00 1.01  -0.68 0.32 1.91 0.10 0.01 0.00 0.96  -0.72 -0.65 0.19 0.29 -0.02 -0.00 0.93  1.21 1.61 0.11 -0.07 -0.02 -0.03 1.10  4.04 -3.33 -1.16 -1.78 2.71 2.72
-0.01 -0.00 1.01  -0.96 -0.23 1.51 -0.06 0.01 0.01 0.96  -0.41 -0.57 -0.43 0.57 -0.03 0.00 0.92  1.90 -1.50 -0.37 0.18 -0.02 -0.03 1.10  4.07 -5.20 -1.19 -1.91 2.72 2.71
-0.00 -0.00 1.01  -0.52 -0.22 1.18 -0.24 0.01 0.01 0.96  -0.03 -0.57 -1.18 0.58 -0.01 0.01 0.92  1.98 -4.13 -0.70 0.53 -0.01 -0.03 1.09  3.37 -5.31 -1.03 -1.86 2.72 2.71
-0.01 -0.00 1.01  0.12 -0.17 0.52 -0.30 0.01 0.01 0.96  0.47 0.63 -1.82 0.66 0.00 0.01 0.92  1.40 -1.81 -1.11 0.84 -0.01 -0.02 1.08  2.72 -5.25 -0.42 -1.62 2.72 2.74
-0.00 -0.00 1.01  0.73 -0.10 -0.22 -0.21 0.01 0.01 0.96  1.06 2.56 -2.38 0.65 0.01 0.01 0.92  0.86 3.89 -1.37 1.03 -0.01 -0.03 1.08  2.58 -6.36 -0.01 -1.92 2.67 2.80
-0.00 -0.00 1.01  1.34 0.15 -0.55 -0.15 0.02 0.01 0.96  1.75 4.29 -2.91 0.53 -0.01 0.01 0.93  0.35 4.14 -1.26 0.85 0.01 -0.02 1.07  1.72 -6.70 -0.93 -1.54 2.62 2.87
-0.00 0.00 1.01  1.65 -0.18 -0.94 -0.02 0.02 0.01 0.97  2.10 4.45 -3.40 0.62 -0.00 0.01 0.94  0.49 4.94 -0.69 0.64 0.02 -0.02 1.08  -0.88 -6.83 -1.21 -1.19 2.57 2.92
-0.00 0.00 1.01  1.86 -0.25 -0.98 0.21 0.02 0.01 0.97  2.05 3.32 -3.76 0.48 0.02 0.00 0.94  0.40 8.42 -1.18 0.28 0.00 -0.02 1.08  -1.17 -8.15 -1.46 -1.56 2.54 2.96
-0.00 0.01 1.01  1.38 -0.65 -0.76 0.42 0.03 0.00 0.97  2.15 2.20 -3.86 0.38 0.01 0.00 0.94  0.94 10.07 -1.02 0.08 0.03 -0.02 1.07  -2.88 -7.93 -2.53 -1.12 2.49 2.98
0.00 0.01 1.01  0.80 -1.24 -0.79 0.40 0.03 0.00 0.97  2.32 2.03 -3.99 0.37 -0.01 0.00 0.94  1.09 8.04 -0.87 0.09 0.05 -0.02 1.07  -1.61 -4.12 -2.90 -1.20 2.46 3.00
0.00 0.01 1.01  0.45 -1.28 -0.79 0.38 0.04 0.01 0.98  2.46 0.75 -3.90 0.69 0.00 0.00 0.95  1.50 1.79 -1.44 0.21 0.05 -0.03 1.06  0.20 -1.93 -1.12 -1.92 2.39 3.02
0.00 0.01 1.01  0.30 -1.05 -0.78 0.45 0.04 0.01 0.99  1.87 -1.29 -3.52 0.76 0.02 0.01 0.97  3.27 0.80 -1.18 0.38 0.05 -0.04 1.04  2.03 -0.34 -0.25 -2.40 2.34 3.03
0.01 0.01 1.01  -0.27 -0.72 -0.68 0.50 0.07 0.01 0.99  0.61 -0.00 -2.39 0.84 0.06 0.01 0.98  2.49 1.22 -0.82 0.82 0.04 -0.01 1.04  2.07 -0.01 -0.25 -1.06 2.28 3.03