-0.01 0.00 1.01  0.07 -0.22 0.49 0.04 0.00 0.00 0.97  0.89 -0.22 -1.05 0.25 -0.01 0.00 0.94  -1.10 -0.65 -0.46 0.26 0.02 -0.02 1.05  -2.52 1.50 0.16 -0.94 2.70 2.96
-0.01 0.00 1.01  0.14 -0.25 0.48 0.04 0.01 0.00 0.97  1.09 -0.45 -1.08 0.32 -0.01 0.00 0.95  -1.22 -0.68 -0.62 0.09 0.02 -0.03 1.06  -2.06 2.40 0.41 -1.66 2.67 2.97
-0.01 0.00 1.01  0.17 -0.20 0.51 0.05 0.01 0.00 0.98  0.82 -0.52 -1.13 0.34 -0.02 -0.00 0.96  -0.38 -1.67 -0.67 -0.10 0.02 -0.03 1.06  -1.24 2.88 0.37 -1.83 2.67 2.97
-0.01 0.00 1.01  0.12 -0.27 0.52 0.06 0.01 0.00 0.98  0.33 -0.74 -1.21 0.27 -0.02 -0.00 0.96  0.30 -3.51 -0.78 -0.10 0.02 -0.02 1.06  0.16 2.95 0.09 -1.51 2.67 2.97
-0.01 0.00 1.01  0.08 -0.37 0.57 0.08 0.01 0.00 0.97  0.11 -0.79 -1.26 0.29 -0.01 0.00 0.95  0.19 -4.31 -0.85 0.20 0.02 -0.02 1.06  -0.01 2.85 -0.11 -1.20 2.67 2.98
-0.01 0.00 1.01  -0.02 -0.52 0.53 0.05 0.01 0.00 0.97  0.26 -0.62 -1.28 0.26 0.00 0.01 0.95  -0.54 -2.56 -0.80 0.37 0.02 -0.01 1.06  -0.81 2.23 -0.14 -1.03 2.67 2.98
-0.01 0.00 1.01  0.01 -0.45 0.44 0.02 0.01 0.00 0.97  0.33 -0.00 -1.18 0.27 0.00 0.01 0.95  -1.39 0.15 -0.78 0.49 0.01 -0.02 1.06  -1.64 1.21 -0.38 -1.10 2.67 2.98
-0.01 0.00 1.01  0.05 -0.39 0.43 0.05 0.01 0.01 0.97  0.34 -0.02 -1.09 0.35 -0.01 0.01 0.95  -1.95 0.68 -0.57 0.42 0.02 -0.02 1.06  -1.84 -0.02 -0.84 -1.39 2.66 2.98
-0.01 0.00 1.01  0.02 -0.24 0.50 0.07 0.01 0.01 0.98  0.17 0.22 -0.94 0.40 -0.00 0.00 0.95  -1.93 0.03 -0.26 0.25 0.02 -0.03 1.07  -1.54 -0.83 -1.02 -1.63 2.66 2.98
-0.01 0.00 1.01  -0.02 -0.10 0.53 0.14 0.01 0.01 0.98  -0.33 0.40 -0.76 0.48 -0.00 0.00 0.96  -1.58 0.25 -0.40 0.13 0.02 -0.03 1.07  -0.81 -1.22 -1.09 -1.75 2.66 2.98
-0.01 0.00 1.01  -0.05 0.10 0.64 0.09 0.01 0.01 0.98  -0.79 0.40 -0.60 0.41 -0.00 0.00 0.95  -0.97 0.14 -0.27 0.18 0.02 -0.03 1.07  -0.05 -1.57 -1.28 -1.76 2.66 2.98
-0.01 0.00 1.01  -0.09 0.11 0.68 0.09 0.01 0.01 0.97  -0.92 0.63 -0.51 0.39 -0.00 0.00 0.95  -1.13 1.12 -0.42 0.25 0.02 -0.02 1.07  0.52 -1.69 -1.45 -1.55 2.67 2.98
-0.01 0.00 1.01  -0.13 0.12 0.64 0.04 0.01 0.01 0.97  -0.86 1.00 -0.55 0.39 -0.00 0.01 0.94  -1.40 2.66 -0.36 0.36 0.01 -0.02 1.07  0.42 -2.61 -1.73 -1.36 2.67 2.98
-0.01 0.00 1.01  -0.10 0.07 0.56 0.11 0.01 0.01 0.97  -0.69 1.09 -0.63 0.37 -0.01 0.00 0.94  -1.80 3.39 -0.14 0.36 0.02 -0.02 1.07  0.16 -3.52 -2.07 -1.48 2.67 2.98
-0.01 0.00 1.01  -0.11 0.08 0.55 0.15 0.01 0.01 0.97  -0.71 1.50 -0.63 0.44 -0.01 0.00 0.95  -1.76 4.08 -0.19 0.22 0.02 -0.03 1.07  0.23 -3.86 -2.27 -1.74 2.66 2.98
-0.01 0.00 1.01  -0.16 0.06 0.55 0.15 0.01 0.01 0.97  -0.79 1.64 -0.56 0.41 -0.00 0.00 0.95  -1.34 3.87 -0.18 0.11 0.02 -0.03 1.07  0.58 -3.96 -2.34 -1.81 2.66 2.98
-0.01 0.00 1.01  -0.10 0.16 0.57 0.08 0.02 0.01 0.97  -0.75 1.46 -0.50 0.42 -0.01 0.00 0.94  -1.05 3.20 -0.31 0.24 0.02 -0.02 1.07  0.93 -4.10 -2.32 -1.65 2.66 2.98
-0.01 0.00 1.01  -0.10 0.18 0.51 0.08 0.01 0.01 0.97  -0.76 2.14 -0.45 0.39 -0.01 0.00 0.94  -0.76 2.04 -0.06 0.20 0.03 -0.03 1.07  1.42 -3.81 -2.40 -1.79 2.65 2.98
-0.01 0.00 1.01  -0.10 0.19 0.51 0.06 0.01 0.01 0.97  -0.70 2.19 -0.33 0.42 -0.00 0.00 0.95  -0.37 1.57 0.05 0.11 0.04 -0.02 1.06  2.43 -2.53 -2.17 -1.67 2.65 2.98
-0.00 0.00 1.01  -0.04 0.42 0.74 0.06 0.02 0.01 0.97  -0.66 0.79 -0.27 0.47 -0.00 -0.00 0.94  1.98 -0.23 -0.10 -0.20 0.03 -0.02 1.06  2.29 -1.15 -1.52 -1.41 2.65 2.98
-0.01 0.00 1.01  -0.06 0.39 0.78 0.13 0.01 0.01 0.97  -0.52 0.26 -0.22 0.41 -0.01 -0.00 0.93  3.24 -5.06 -0.82 -0.26 0.02 -0.02 1.06  1.67 0.01 -1.03 -1.24 2.65 2.98
-0.01 0.00 1.01  -0.13 0.15 0.72 0.12 0.01 0.01 0.97  -0.09 -1.42 -0.48 0.45 0.01 -0.01 0.94  4.17 -4.80 -1.20 -0.38 0.02 -0.02 1.06  0.87 0.12 -1.14 -1.14 2.65 2.98
-0.01 0.00 1.01  -0.81 -0.56 0.61 0.22 0.01 0.01 0.99  -0.98 -3.08 -0.71 0.48 0.04 -0.01 0.96  8.33 -2.48 -1.51 -0.77 0.01 -0.01 1.06  -1.90 -0.47 -1.12 -0.81 2.61 2.98
0.00 -0.00 1.01  -2.74 0.80 0.66 0.02 0.03 0.02 0.99  -4.40 -1.33 -0.62 1.39 -0.02 0.03 0.99  7.22 19.78 -0.48 1.34 -0.01 0.01 1.06  -9.18 -2.48 -1.22 0.25 2.37 2.98
-0.01 -0.00 1.01  -4.04 3.51 0.32 -0.20 0.00 0.01 0.98  -7.78 -2.54 -2.03 1.11 -0.02 -0.00 1.00  6.33 28.59 -1.13 0.17 -0.02 0.02 1.07  -15.97 -3.73 -0.25 0.91 2.09 2.96
-0.01 -0.01 1.01  -4.41 3.09 -0.77 -0.55 0.01 0.01 0.97  -10.38 4.96 -3.44 0.82 -0.05 0.00 1.01  4.91 23.58 -2.59 0.26 -0.03 -0.02 1.08  -17.00 -3.80 1.73 -1.11 1.88 2.96
-0.02 -0.01 1.01  -2.19 5.21 -2.51 -0.72 0.02 0.02 0.97  -12.30 12.06 -4.56 1.12 -0.03 -0.01 1.03  4.49 17.67 -3.76 -0.28 -0.04 -0.05 1.07  -12.22 -4.64 3.75 -3.14 1.49 2.97
-0.03 -0.01 1.01  -0.80 0.86 -2.90 -0.69 -0.01 0.01 0.94  -13.31 12.89 -5.76 0.79 -0.06 0.00 1.02  3.36 13.67 -6.29 0.05 -0.02 -0.06 1.06  -4.10 0.26 3.74 -3.73 1.35 2.98
-0.03 -0.01 1.01  0.76 -4.42 -3.61 -0.77 -0.01 0.01 0.92  -12.00 10.36 -7.67 0.60 -0.07 0.01 1.01  -2.10 2.90 -8.23 0.46 0.01 -0.06 1.05  4.82 7.49 3.49 -4.02 1.34 3.01
-0.01 -0.01 1.00  1.92 -7.36 -4.63 -0.51 0.02 0.01 0.91  -10.25 11.44 -9.43 0.71 -0.04 0.01 0.99  -7.54 -9.34 -9.92 0.61 0.01 -0.06 1.06  10.96 12.71 4.35 -4.04 1.21 3.03
0.01 -0.01 1.00  2.92 -5.12 -3.97 -0.40 0.03 0.02 0.92  -9.15 9.85 -11.31 1.22 0.01 0.01 0.98  -11.25 -11.47 -11.12 0.93 -0.00 -0.06 1.09  9.74 14.14 -0.34 -3.91 1.17 3.07
-0.00 0.00 1.01  3.99 -4.37 -2.93 0.06 0.04 0.02 0.92  -8.95 3.26 -13.02 1.60 0.03 0.01 0.97  -9.07 -3.74 -9.08 0.96 0.02 -0.02 1.10  3.97 16.26 -11.55 -2.03 1.46 3.08
0.01 0.00 1.01  3.37 -3.81 -2.25 0.28 0.10 0.03 0.90  -8.73 -0.01 -11.99 2.07 0.12 0.02 0.96  -9.02 0.68 -9.40 1.24 0.03 0.01 1.07  3.53 11.94 -13.18 0.39 1.41 3.10
0.02 0.01 1.01  1.34 -3.95 -2.00 0.58 0.12 0.03 0.91  -8.93 0.16 -8.69 2.40 0.10 0.03 1.00  -9.15 -1.16 -7.29 1.84 0.08 0.04 1.02  4.17 8.31 -7.25 2.17 1.27 3.11
0.03 0.01 1.01  0.50 -2.78 -0.45 0.71 0.14 0.04 0.92  -10.58 -4.08 -3.86 3.02 0.08 0.03 1.02  -7.34 -24.35 -4.83 2.10 0.11 0.03 1.01  8.81 7.69 4.19 2.43 1.33 3.11
0.02 0.01 1.01  1.32 -0.73 1.01 0.45 0.11 0.04 0.90  -12.42 -10.29 0.01 3.39 0.11 0.04 0.98  -8.20 -38.95 -3.98 2.52 0.11 0.01 0.98  11.28 7.42 12.67 1.25 1.30 3.11
0.01 0.01 1.01  3.28 -2.65 1.51 0.38 0.09 0.05 0.89  -14.54 -8.77 1.89 3.80 0.12 0.04 0.98  -8.55 -26.34 -0.56 2.85 0.11 0.01 0.95  3.44 11.51 11.49 0.76 1.21 3.11
0.01 0.01 1.01  5.05 -6.04 1.48 0.73 0.08 0.04 0.87  -16.49 -5.93 2.64 3.29 0.09 0.04 0.97  -11.34 -10.87 2.60 3.13 0.07 0.01 0.93  -4.62 16.79 5.80 0.99 1.22 3.11
0.03 0.02 1.00  4.19 -4.40 1.71 1.22 0.07 0.03 0.85  -16.27 -6.33 4.19 2.73 0.02 0.05 0.96  -19.31 -18.76 3.13 3.32 0.04 0.01 0.92  -10.77 17.07 0.14 1.10 1.13 3.11
0.01 0.02 1.00  0.60 -5.89 1.26 1.63 0.03 0.03 0.86  -15.63 -14.94 5.13 2.54 -0.01 0.03 0.96  -25.67 -39.96 6.19 2.65 0.04 0.03 0.92  -15.03 16.11 -3.56 1.89 1.16 3.11
0.04 0.03 1.00  -3.14 -8.46 3.17 1.97 0.09 0.04 0.90  -19.99 -18.92 7.14 3.17 0.07 0.02 1.02  -27.15 -54.51 9.56 1.76 0.05 0.01 0.92  -11.56 16.06 -2.81 0.94 1.13 3.08
0.06 0.03 1.01  -8.73 -5.08 7.02 2.36 0.12 0.04 0.95  -31.98 -23.34 11.38 3.30 0.15 -0.00 1.08  -23.00 -52.74 8.71 0.23 0.10 -0.02 0.92  -4.48 17.31 1.95 -0.90 0.97 2.98
0.03 0.03 1.04  -21.39 -11.29 9.03 2.11 0.08 0.01 0.90  -47.04 -29.59 17.19 1.05 0.09 -0.00 1.03  -20.86 -50.85 10.24 -0.15 0.11 -0.00 0.89  -1.61 19.33 8.28 -0.19 2.39 1.60
0.03 0.01 1.07  -54.14 -17.76 9.55 0.96 0.11 -0.05 0.84  -62.05 -31.44 26.21 -3.27 0.16 -0.04 1.00  -18.90 -45.84 19.51 -2.60 0.09 0.09 1.01  1.37 15.85 12.75 5.17 2.82 0.57
0.15 0.03 1.07  -104.76 -6.39 34.22 1.52 0.06 -0.09 0.93  -81.00 -28.20 30.50 -6.28 0.22 -0.17 1.09  -5.27 -20.43 17.41 -9.39 -0.03 0.10 1.11  11.30 -9.22 17.20 6.17 2.92 0.16
0.21 0.03 1.10  -174.04 19.29 69.46 1.55 0.08 -0.21 1.04  -114.10 -12.77 34.25 -12.91 0.25 -0.27 1.35  27.66 21.65 7.98 -13.05 0.03 0.04 1.14  5.10 -19.48 7.94 3.13 3.00 0.04
0.09 -0.19 1.11  -246.74 42.74 91.35 -9.39 0.04 -0.23 0.93  -139.00 -9.36 37.95 -16.87 0.06 -0.20 1.25  74.76 70.01 11.39 -11.36 0.09 -0.08 1.16  5.16 2.65 6.02 -3.23 3.07 0.00
0.25 -0.24 1.59  -159.98 -15.39 66.53 -10.47 0.04 -0.07 0.57  -133.21 5.65 41.95 -11.01 -0.04 -0.08 0.71  86.90 42.54 6.43 -8.41 -0.01 -0.14 1.15  -2.62 0.55 18.85 -7.65 0.96 0.00
0.56 0.52 1.38  44.35 16.23 60.32 18.49 -0.05 0.02 0.86  -30.82 -36.96 2.34 -0.59 -0.12 -0.25 0.66  78.34 56.16 7.40 -22.57 -0.03 0.04 1.19  3.76 -6.38 8.07 0.19 0.55 0.00
0.42 0.57 1.08  138.78 -0.78 0.59 31.45 0.14 0.06 0.79  67.08 -24.52 -25.99 4.62 -0.00 -0.08 0.86  81.36 74.42 1.88 -9.75 -0.03 -0.01 1.17  4.45 3.30 -14.99 -0.46 0.40 0.00
0.16 0.25 1.08  177.09 -26.87 -53.86 19.32 -0.00 0.06 0.66  141.86 23.67 -32.53 6.01 -0.03 0.01 0.92  79.11 69.19 -4.74 -1.43 -0.01 -0.12 1.10  -4.11 7.04 -15.31 -6.24 0.39 0.00
0.07 -0.11 1.13  182.81 -43.71 -72.62 -1.66 -0.07 -0.01 0.56  183.18 22.74 -33.36 0.06 -0.08 0.13 1.00  67.97 52.87 -11.32 7.04 -0.07 -0.10 1.08  -4.62 -5.87 -5.43 -6.47 0.37 0.00
0.13 -0.40 1.11  156.95 -50.07 -75.15 -20.19 -0.02 -0.01 0.50  187.61 30.71 -38.50 -1.00 -0.13 0.08 1.16  59.54 34.62 -13.61 5.51 -0.09 -0.04 1.06  -6.03 -16.30 -6.87 -3.61 0.42 0.00
-0.00 -0.53 1.06  128.44 -61.76 -63.71 -30.59 -0.04 0.04 0.51  170.50 11.80 -44.73 4.28 -0.06 0.08 1.23  57.33 39.88 -11.79 5.14 -0.09 -0.08 1.05  -0.32 -20.70 -13.80 -4.95 0.40 0.00
-0.06 -0.45 0.85  83.25 -40.93 -51.61 -33.94 -0.03 0.11 0.54  139.44 22.67 -31.96 12.15 0.07 0.17 1.25  48.96 40.20 -24.59 9.03 -0.03 -0.09 1.02  3.43 -26.34 -12.21 -6.14 0.32 0.00
-0.06 -0.46 0.79  24.09 -28.03 -57.34 -37.12 -0.11 0.17 0.62  105.73 40.66 -22.07 17.54 -0.05 0.22 1.19  24.70 35.51 -18.84 12.20 -0.04 -0.00 1.00  9.95 -27.41 -11.21 -1.29 0.31 0.00
-0.13 -0.48 0.78  10.21 -30.36 -46.94 -39.18 -0.13 0.16 0.67  75.23 28.95 -21.28 16.73 -0.16 0.18 1.19  -0.32 44.48 -9.64 10.81 -0.08 0.06 0.99  4.30 -27.49 -14.99 3.07 0.28 0.00
-0.18 -0.42 0.65  -19.10 -21.34 -10.59 -40.53 -0.17 0.13 0.72  46.71 7.48 -19.75 13.40 -0.19 0.13 1.19  -20.13 21.17 -8.60 8.23 -0.03 0.02 0.97  -0.69 -25.86 -17.23 1.90 0.23 0.00
-0.10 -0.76 0.47  -56.62 -26.45 -7.28 -66.01 -0.06 0.20 0.77  5.05 -9.26 -11.94 17.01 -0.22 0.06 1.30  -34.27 -10.40 -9.85 4.27 -0.00 0.03 0.97  -0.76 -16.07 -14.71 2.05 0.31 1.86
0.06 -0.69 1.48  -74.41 69.35 49.62 -38.11 0.33 -0.25 1.15  -54.34 27.58 4.71 -9.11 -0.08 -0.33 1.62  -29.01 -17.99 -2.03 -10.82 0.12 0.12 1.11  3.19 2.54 -16.41 6.43 0.27 2.85
0.00 -0.23 1.15  -34.18 74.76 40.67 -18.83 -0.17 -0.06 0.99  -78.44 41.91 2.10 -5.26 0.00 -0.09 1.25  -35.77 9.23 -25.48 -6.21 -0.00 0.04 1.07  16.70 29.00 -10.21 3.43 0.30 2.98
0.07 -0.10 1.03  -6.84 40.05 15.45 -9.35 0.11 -0.04 0.79  -55.92 -14.39 -7.17 -3.69 -0.21 0.36 0.80  -60.96 -47.31 -22.08 22.63 -0.18 0.05 1.10  5.94 9.03 -3.19 3.15 0.25 3.06
-0.03 -0.03 1.04  0.59 20.61 3.65 -3.33 -0.03 -0.03 0.93  -41.86 4.22 -7.23 -2.77 0.20 -0.09 0.98  -84.91 -63.32 -10.34 -0.98 -0.04 -0.14 1.17  -0.95 -13.81 -18.73 -6.24 0.27 3.08
0.04 0.01 1.02  -2.11 1.42 -2.65 -0.36 0.12 -0.00 0.98  -37.07 0.43 -3.64 -0.62 0.16 0.02 1.05  -67.57 -18.00 -4.50 0.99 0.11 -0.06 1.12  -5.67 -4.18 -26.48 -4.15 0.13 3.11
0.07 0.01 1.00  -3.38 -2.62 -1.66 0.36 0.17 0.02 0.98  -33.08 -6.15 1.05 1.17 0.08 0.02 1.03  -64.20 -27.35 -6.49 1.15 0.09 -0.01 1.08  8.68 -0.64 6.09 -1.19 0.11 3.10
0.07 0.01 1.00  -5.64 -3.73 1.69 0.82 0.12 0.01 0.99  -32.66 -6.45 6.01 0.63 -0.02 -0.01 1.04  -55.02 -86.97 -4.02 -0.37 0.13 -0.02 1.08  11.58 -2.24 19.65 -1.09 0.15 3.08
0.08 0.00 0.99  -7.17 -4.50 8.35 0.42 0.10 0.03 0.99  -30.81 -33.96 7.37 1.76 0.13 0.00 0.95  -40.78 -105.51 0.63 0.09 0.12 -0.06 1.03  2.26 8.38 17.58 -3.29 0.29 2.98
0.06 -0.00 1.00  -9.06 -3.78 11.78 -0.10 0.12 0.05 0.94  -37.41 -2.36 9.05 3.50 0.15 0.02 0.93  -33.44 -59.20 6.59 1.34 0.13 -0.07 1.02  -7.45 21.56 13.06 -4.55 0.53 2.60
0.07 -0.01 1.00  -13.69 -3.60 13.14 -0.71 0.08 -0.01 0.87  -36.44 -15.97 7.31 -0.09 0.07 0.01 0.89  -37.41 -38.72 4.56 0.76 0.08 -0.02 1.00  -4.76 24.28 7.23 -2.27 0.57 0.96
0.06 -0.02 1.00  -21.25 -0.68 14.14 -1.58 0.08 0.01 0.92  -38.67 -18.82 9.54 0.78 0.06 0.02 0.96  -42.14 -38.96 9.50 1.16 0.01 -0.01 0.96  -7.93 16.57 3.91 -1.16 1.21 0.25
0.07 -0.04 1.01  -35.66 1.50 20.55 -2.36 0.07 -0.02 0.93  -47.45 -17.46 11.71 -0.85 0.07 -0.09 0.98  -32.31 -40.18 16.17 -4.95 0.05 -0.03 0.95  -11.98 15.37 -7.48 -2.31 2.57 0.00
0.04 -0.07 1.00  -61.49 2.43 30.89 -4.27 0.04 -0.03 0.91  -58.31 -27.71 12.56 -1.90 0.07 -0.07 1.03  -26.80 -42.81 14.46 -4.84 0.03 -0.01 0.93  0.26 16.01 -14.93 -0.90 2.91 0.00
0.02 -0.08 0.99  -92.98 13.47 26.52 -5.38 0.01 -0.02 0.93  -75.62 -21.04 19.26 -1.54 0.06 -0.06 1.07  -16.64 -30.18 17.91 -3.96 0.03 0.03 0.87  9.37 17.80 -16.19 2.14 3.01 0.00
0.10 -0.08 0.99  -135.65 20.08 38.20 -5.73 0.15 -0.03 0.95  -95.46 -30.80 25.19 -2.42 0.10 -0.05 1.15  -1.02 -22.86 19.40 -3.47 0.09 0.06 0.97  3.68 26.82 -4.93 3.98 3.08 0.00
0.14 -0.09 0.95  -201.05 25.39 87.84 -6.87 0.03 -0.16 1.14  -122.07 -50.88 21.54 -8.42 0.24 -0.14 1.35  27.20 -4.71 11.02 -6.71 -0.03 0.15 1.19  1.59 16.51 27.46 7.78 3.13 0.00
0.08 -0.15 0.98  -246.74 46.44 145.55 -10.17 0.16 -0.53 1.22  -146.60 -97.72 21.66 -25.20 0.18 -0.34 1.50  84.29 48.22 6.91 -14.00 -0.10 -0.05 1.30  1.36 14.56 40.78 -0.66 3.13 0.00
0.11 -1.21 1.18  -246.74 59.13 130.40 -48.06 0.15 -0.33 0.50  -147.62 -96.40 38.35 -39.03 0.10 -0.34 0.92  130.88 63.45 -7.88 -23.14 0.02 -0.19 1.17  6.57 13.69 40.42 -9.55 2.26 0.00
0.55 -0.84 1.69  -37.76 -49.55 87.31 -36.16 0.07 0.23 0.40  -81.38 -59.30 24.25 22.70 0.07 -0.30 0.64  123.20 42.71 -14.77 -29.42 -0.03 0.05 1.14  -0.71 2.90 26.79 0.71 0.23 0.00
0.44 0.17 0.82  131.50 -44.75 12.42 4.34 0.08 0.34 0.55  6.79 9.80 -17.44 35.93 0.10 -0.19 0.73  111.04 79.90 -14.89 -20.02 -0.21 0.05 1.13  -0.35 -6.99 -0.25 2.71 0.33 0.00
0.16 0.18 0.73  161.99 -37.61 -90.94 15.07 -0.20 0.43 0.59  96.70 43.81 -47.50 43.00 -0.04 0.03 0.75  97.06 107.60 -13.50 -1.39 -0.14 -0.06 1.09  -1.94 -19.89 -14.41 -2.67 0.20 0.00
-0.28 -0.18 0.90  208.70 -45.16 -125.04 -8.40 -0.26 0.35 0.51  171.34 30.19 -59.11 43.31 -0.09 0.22 0.86  77.62 103.16 -6.57 14.22 0.03 -0.12 1.05  -0.63 -23.06 -19.12 -6.87 0.23 0.00
-0.18 -0.51 0.83  246.92 -45.42 -98.06 -33.18 -0.20 0.26 0.43  210.08 45.52 -62.50 39.97 -0.13 0.27 0.97  47.17 58.21 -22.90 18.30 -0.02 -0.10 1.04  -10.02 -19.25 -12.90 -6.65 0.31 0.00
0.05 -0.68 0.84  211.73 4.69 -150.36 -45.62 -0.02 0.14 0.36  220.53 98.08 -48.61 30.12 -0.18 0.29 1.03  20.61 16.60 -32.27 19.53 -0.06 -0.07 1.01  -5.01 -18.25 -7.20 -5.38 0.45 0.00
-0.07 -0.77 0.95  176.14 -11.38 -170.14 -47.80 -0.18 0.04 0.39  220.89 143.97 -33.35 11.70 -0.16 0.31 1.07  -12.09 0.46 -20.31 20.33 -0.04 -0.04 0.99  2.54 -21.60 -5.06 -3.35 0.53 0.00
-0.26 -0.88 0.94  156.89 -46.73 -122.22 -52.67 -0.26 -0.11 0.55  212.24 52.67 -26.69 -8.63 -0.11 0.17 1.18  -36.94 -5.90 -11.91 12.20 -0.06 -0.02 0.98  4.48 -22.42 -1.78 -1.81 0.56 0.00
-0.28 -0.94 0.55  91.98 -113.55 -61.68 -70.19 -0.19 0.06 0.76  166.15 -37.18 -31.92 3.24 -0.05 -0.12 1.56  -25.12 -8.10 -12.03 -1.82 -0.05 0.04 1.00  -1.34 -26.28 -2.96 1.98 0.56 0.00
-0.25 -1.09 0.02  16.37 -48.18 -1.98 -102.84 0.04 0.37 0.91  47.02 -59.50 -17.41 22.79 -0.06 -0.15 1.77  -4.41 4.26 -8.71 -5.09 0.04 -0.01 0.98  1.14 -19.35 -4.26 -0.43 0.47 0.00
-0.15 -0.44 0.39  -82.35 2.09 63.16 -69.33 -0.02 0.09 1.12  -54.26 -38.26 0.60 9.01 -0.23 0.05 1.42  -3.96 17.46 -8.03 1.18 0.01 -0.01 0.94  6.41 -12.22 -3.80 -0.69 0.48 2.03
0.47 -0.87 0.96  -40.75 160.90 121.99 -56.08 0.41 -0.12 0.87  -88.85 111.60 2.37 -6.36 0.12 -0.22 1.38  -18.62 -25.09 8.61 -8.66 0.04 0.23 1.09  13.16 2.17 -20.23 12.02 0.43 3.00
-0.18 -0.24 1.12  -5.44 59.10 35.09 -23.15 -0.70 -0.23 0.92  -89.35 -9.11 5.08 -15.30 -0.07 -0.22 1.10  -38.95 16.92 -22.69 -12.90 0.04 0.12 1.14  5.52 18.94 -23.73 8.66 0.29 3.06
0.08 -0.09 0.99  5.76 15.03 8.97 -9.91 0.41 0.07 0.80  -70.08 -11.92 3.69 2.06 -0.23 0.40 0.74  -48.09 -72.04 -7.40 25.58 -0.09 -0.05 1.15  -5.87 0.66 -15.34 -0.72 0.29 3.08
0.08 -0.04 0.99  10.39 17.73 6.89 -4.38 0.02 -0.02 0.91  -54.51 20.97 3.60 -1.17 0.44 0.01 0.91  -79.51 -58.77 -5.18 5.34 0.01 -0.22 1.17  -13.65 -12.51 -20.98 -10.61 0.38 3.11
0.01 -0.02 1.00  7.42 13.90 4.22 -2.01 0.15 0.00 0.97  -40.82 -1.93 3.34 0.01 0.11 -0.01 1.03  -60.54 -23.07 -5.82 0.48 0.11 0.06 1.16  -6.85 -5.70 -17.31 0.96 0.40 3.11
0.04 -0.01 0.99  5.91 9.97 3.35 -1.06 0.13 0.01 0.96  -37.86 22.70 6.32 0.45 0.07 0.04 1.01  -63.20 -24.41 -0.39 2.54 0.05 -0.04 1.07  -0.27 0.16 6.52 -2.20 0.53 3.10
0.02 -0.02 1.00  5.64 9.97 4.40 -1.07 0.10 0.02 1.00  -34.24 12.95 6.48 1.42 0.06 0.01 1.01  -64.80 -41.64 -5.43 0.90 0.08 -0.10 1.08  1.67 -4.55 11.84 -5.59 0.57 3.08
0.02 0.00 1.00  5.15 5.50 5.39 -0.15 0.08 0.05 1.08  -39.67 7.03 7.82 2.71 0.07 -0.01 1.07  -48.25 -48.21 1.66 -0.41 0.11 -0.08 1.05  -1.67 8.53 8.33 -5.29 0.48 3.06
0.01 0.01 1.01  0.46 2.77 7.74 0.55 0.09 0.03 1.03  -45.27 -16.02 7.95 2.15 -0.00 -0.01 1.06  -31.61 -47.87 1.16 -0.86 0.12 -0.07 1.01  0.48 23.69 8.21 -5.15 0.44 2.93
-0.00 0.01 1.02  -6.82 0.99 8.45 0.52 0.07 0.01 0.94  -54.24 -2.33 10.17 0.96 0.04 -0.00 1.01  -27.34 -58.90 1.06 -0.43 0.09 -0.03 0.97  2.05 23.49 13.97 -3.06 2.20 2.24
-0.00 0.01 1.03  -21.30 -3.24 9.78 0.71 0.07 -0.00 0.87  -54.98 -12.43 10.69 0.01 0.12 -0.01 0.91  -19.73 -48.75 7.36 -0.58 0.04 0.02 0.95  -1.55 19.14 13.07 0.32 2.82 0.68
0.01 -0.03 1.01  -36.53 -4.20 12.68 -1.67 0.09 0.01 0.79  -55.10 -13.56 12.56 0.53 0.15 0.06 0.89  -25.38 -29.29 13.14 3.38 0.07 0.03 0.98  -12.01 15.96 -0.51 1.54 2.97 0.08
0.01 -0.04 1.02  -52.67 -1.43 14.95 -2.88 0.07 -0.01 0.78  -56.42 -9.55 16.66 -0.90 0.10 -0.03 0.91  -31.09 -24.29 18.85 -1.18 0.03 -0.03 1.03  -12.76 11.72 -12.07 -1.13 3.03 0.00
0.02 -0.08 1.01  -76.18 5.51 13.81 -5.03 0.04 -0.00 0.84  -61.21 -14.49 21.43 -0.52 0.02 -0.08 0.99  -28.25 -28.75 18.66 -5.04 -0.01 -0.05 0.97  7.34 7.72 -15.87 -3.01 3.07 0.00
0.06 -0.10 0.98  -106.78 9.12 28.58 -7.17 0.04 -0.02 0.94  -76.99 -34.02 20.72 -1.17 -0.04 -0.09 1.18  -11.74 -48.97 19.60 -5.55 0.11 0.02 0.86  24.98 20.69 -12.58 0.93 3.08 0.00
0.12 -0.05 1.01  -169.04 -0.26 75.13 -4.50 0.07 -0.22 1.12  -106.20 -65.29 18.53 -11.39 0.12 -0.22 1.42  21.49 -48.37 15.03 -9.68 0.10 0.24 1.04  11.85 25.75 10.59 13.12 3.10 0.00
0.14 -0.01 1.00  -246.74 34.65 149.46 -1.69 0.06 -0.45 1.29  -137.47 -105.04 10.26 -21.47 0.19 -0.25 1.46  70.06 22.04 14.56 -11.49 -0.16 0.13 1.25  2.01 14.31 38.70 8.64 3.03 0.00
0.48 -0.96 1.85  -236.11 -22.85 133.52 -27.92 0.10 -0.06 0.55  -111.57 -139.89 11.81 -10.77 0.04 -0.15 0.83  113.33 37.87 3.79 -12.32 -0.07 -0.19 1.19  -1.58 14.23 45.02 -7.28 0.84 0.00
0.86 -0.11 1.34  32.00 -89.39 49.84 -10.43 0.37 0.02 0.59  -32.16 -51.53 -6.21 -0.41 0.14 -0.35 0.66  108.84 24.65 -1.00 -30.38 0.04 -0.02 1.14  0.08 7.85 25.66 -2.39 0.36 0.00
0.48 0.14 0.88  123.27 -15.91 -78.84 6.83 0.18 0.22 0.62  46.34 49.96 -30.45 19.38 0.03 -0.06 0.83  96.74 57.51 -19.45 -10.04 -0.10 0.06 1.14  -4.58 8.91 2.33 2.47 0.44 0.00
-0.03 -0.06 0.97  179.78 -26.65 -92.76 -2.11 -0.15 0.14 0.55  118.20 65.66 -49.52 18.43 0.02 0.01 0.88  88.82 60.58 -25.66 -1.22 -0.19 -0.10 1.08  -12.91 3.14 -5.38 -4.66 0.34 0.00
-0.03 -0.34 0.95  213.44 -48.39 -75.78 -19.99 -0.16 0.13 0.48  174.15 2.22 -62.23 19.58 0.00 0.14 0.87  73.54 91.84 -23.63 8.79 -0.07 -0.14 1.04  -6.52 -14.70 -10.14 -8.57 0.30 0.00
0.08 -0.46 0.93  202.00 -53.82 -100.06 -29.91 0.05 0.12 0.41  189.01 56.90 -68.81 19.95 -0.09 0.20 1.03  56.86 72.75 -28.26 12.60 -0.04 -0.01 1.04  -8.48 -20.80 -6.79 -2.39 0.39 0.00
-0.04 -0.48 0.97  160.77 -21.05 -139.47 -32.22 -0.05 0.07 0.44  195.09 103.84 -48.02 13.40 -0.14 0.25 1.07  27.67 36.53 -37.03 15.53 -0.01 -0.06 0.98  -10.11 -18.87 -6.58 -4.17 0.46 0.00
-0.22 -0.44 0.91  112.15 -30.60 -114.86 -31.93 -0.18 0.01 0.51  196.75 81.58 -32.13 4.39 -0.06 0.30 1.07  -0.66 29.35 -33.05 18.60 -0.03 -0.07 0.95  -2.60 -22.28 -5.71 -5.05 0.44 0.00
-0.20 -0.86 0.92  55.55 -93.29 -96.60 -49.55 -0.23 0.09 0.63  177.11 17.62 -32.29 8.92 -0.10 0.18 1.31  -20.44 19.80 -19.35 11.44 -0.03 -0.03 0.95  -1.23 -22.20 0.01 -2.89 0.36 0.00
-0.25 -0.98 0.42  45.87 -73.31 -64.82 -76.40 -0.08 0.22 0.81  102.00 -19.86 -31.11 17.08 -0.14 -0.08 1.53  -17.56 5.01 -15.04 -0.59 0.02 0.05 0.95  -3.55 -19.83 -1.30 2.41 0.23 0.00
-0.34 -0.92 0.20  -14.07 -44.55 6.97 -93.26 -0.16 0.32 0.84  -5.20 -41.07 -12.74 24.05 -0.19 -0.04 1.57  -2.87 15.26 -14.11 -1.45 0.03 0.00 0.92  -2.80 -12.44 -3.70 0.61 0.20 0.00
0.50 -0.87 1.34  -118.30 25.28 150.86 -51.62 0.64 -0.34 1.20  -54.33 -5.30 4.43 -10.87 -0.22 -0.04 1.35  -15.23 -17.74 0.67 -2.11 -0.00 0.06 1.07  8.63 -8.50 -12.35 3.18 0.39 2.85
-0.11 -0.50 1.18  -35.04 210.44 87.92 -33.20 0.01 -0.13 0.98  -120.39 167.12 25.66 -9.72 0.47 -0.29 1.57  -19.58 13.71 -6.31 -11.04 0.05 0.12 1.20  25.72 19.83 -31.36 6.22 0.21 3.07
-0.20 -0.17 1.11  -5.97 57.66 26.96 -15.53 -0.42 -0.12 0.78  -93.69 -31.33 -1.47 -10.54 -0.50 0.17 0.67  -27.09 19.81 -16.15 12.19 -0.09 0.03 1.17  11.97 9.86 -20.00 2.80 0.21 3.08
-0.02 -0.08 1.02  5.23 14.49 7.29 -7.34 0.25 -0.00 0.74  -65.15 -26.82 0.24 -2.34 0.15 0.15 0.77  -68.02 -74.53 -5.96 13.38 -0.06 -0.09 1.20  -2.33 -9.97 -30.13 -3.79 0.32 3.12
0.04 -0.02 1.00  5.32 6.19 1.39 -2.66 0.11 -0.02 0.87  -50.59 10.52 5.81 -1.66 0.27 -0.04 0.99  -60.34 -34.77 -6.96 0.02 0.08 0.06 1.18  -4.73 -2.38 -27.78 2.02 0.24 3.12
0.03 -0.01 1.00  3.48 4.71 1.79 -1.27 0.17 0.01 0.89  -34.67 -26.87 4.25 0.35 0.10 0.05 1.00  -58.07 -33.69 -7.89 2.49 0.13 0.01 1.09  2.26 8.79 10.62 1.04 0.24 3.12
0.05 -0.01 1.00  2.80 3.77 3.82 -0.68 0.17 0.02 0.91  -30.56 15.13 8.34 1.04 0.05 0.04 1.00  -60.64 -71.19 -5.88 2.77 0.12 -0.07 1.04  9.24 10.38 28.47 -3.80 0.30 3.08
0.03 -0.02 1.00  5.54 8.22 8.33 -1.13 0.11 0.03 0.95  -24.30 1.61 7.05 2.26 0.11 0.05 0.96  -56.06 -93.09 0.73 3.27 0.07 -0.05 1.01  1.77 18.69 21.33 -3.82 0.25 3.07
0.02 -0.01 1.00  4.90 7.01 7.65 -0.55 0.16 0.03 0.97  -30.15 20.28 7.51 2.13 0.15 0.02 1.01  -49.08 -64.41 8.25 1.84 0.07 -0.10 1.00  -8.20 27.79 8.59 -6.52 0.26 3.02
-0.00 0.01 1.01  0.03 4.67 7.39 0.31 0.07 0.03 1.01  -34.61 2.26 8.06 1.82 0.10 -0.00 1.08  -46.42 -54.52 8.72 0.19 0.04 -0.08 0.99  -8.20 26.40 1.12 -6.04 0.46 2.83
-0.01 0.01 1.02  -7.57 0.79 7.73 0.44 0.09 0.02 0.97  -43.39 -1.66 8.89 1.70 0.04 -0.00 1.06  -40.60 -48.57 10.21 -0.17 0.04 -0.03 0.97  -9.89 21.63 3.97 -3.18 1.81 1.28
-0.01 0.01 1.03  -20.74 -2.83 9.99 0.63 0.05 0.00 0.91  -49.05 -20.21 8.28 0.38 0.05 -0.04 0.90  -30.93 -43.13 15.31 -2.46 0.04 -0.03 0.98  -9.06 23.69 -1.12 -2.36 2.76 0.42
0.01 -0.03 1.03  -37.45 -5.10 15.03 -1.31 0.08 -0.01 0.85  -52.40 -25.62 9.47 -0.42 0.06 -0.02 0.91  -27.57 -53.60 18.10 -1.57 0.07 -0.04 0.97  -7.09 30.21 -14.69 -2.59 2.95 0.00
0.00 -0.05 1.01  -52.00 -2.05 18.29 -2.98 0.10 0.02 0.85  -59.53 -28.08 13.97 1.31 0.07 -0.01 0.96  -25.73 -54.27 19.67 -0.70 -0.00 0.00 0.95  -2.77 35.04 -17.88 -0.29 3.03 0.00
0.00 -0.07 1.01  -80.45 1.17 19.24 -4.81 0.03 0.00 0.87  -70.64 -45.20 18.49 0.50 0.09 -0.04 1.02  -18.17 -51.59 20.53 -2.46 -0.04 0.06 0.87  9.15 24.69 -6.12 3.82 3.07 0.00
0.06 -0.07 1.02  -125.16 -0.07 33.00 -4.75 0.14 -0.11 0.94  -90.69 -66.69 26.64 -6.44 0.17 -0.15 1.19  -5.86 -51.87 20.56 -7.81 -0.02 0.18 1.01  2.65 21.31 10.34 10.99 3.08 0.00
0.10 -0.04 1.05  -203.93 -15.47 71.54 -3.47 -0.09 -0.21 1.12  -121.48 -98.86 26.52 -12.23 0.18 -0.16 1.32  25.16 -11.79 9.77 -8.55 -0.14 0.10 1.24  8.37 0.26 29.74 6.92 3.10 0.00
-0.10 -0.22 1.02  -246.74 20.32 89.42 -13.04 0.00 -0.32 0.82  -133.83 -77.01 30.47 -23.69 -0.20 -0.30 1.11  66.72 39.17 21.71 -16.47 -0.02 -0.10 1.20  19.48 -7.32 28.69 -3.45 2.90 0.00
0.61 -0.48 1.56  -124.22 -5.23 40.65 -19.77 0.22 -0.02 0.56  -95.33 -48.33 42.30 -7.38 0.02 -0.21 0.60  88.53 -38.13 17.76 -22.23 0.03 -0.06 1.19  10.32 -1.24 18.36 -3.75 0.47 0.00
0.52 0.16 1.16  26.00 -3.55 -15.56 4.05 0.04 0.12 0.72  -19.37 22.45 20.89 8.04 0.09 -0.12 0.66  77.46 38.55 10.32 -14.90 -0.07 0.05 1.20  9.58 -0.18 6.50 1.82 0.25 0.00
0.20 0.16 1.02  116.00 27.15 -34.64 9.84 -0.09 0.15 0.69  57.97 -1.04 1.82 13.80 -0.02 -0.01 0.82  78.27 65.36 1.60 -3.44 -0.20 -0.02 1.18  -1.10 -2.29 -1.25 -0.62 0.23 0.00
0.26 -0.07 0.87  167.92 1.63 -51.35 -2.33 0.04 0.17 0.53  117.43 6.46 -9.11 20.73 0.00 -0.01 0.81  81.33 93.40 -0.86 -1.50 -0.15 -0.13 1.15  -9.14 -17.22 -7.71 -6.61 0.21 0.00
0.27 -0.28 0.76  159.34 48.78 -92.25 -20.90 0.07 0.15 0.41  148.86 67.10 -5.50 23.72 -0.02 0.03 0.86  79.46 113.91 -4.14 1.86 -0.05 -0.10 1.13  -2.31 -23.39 -12.02 -6.48 0.20 0.00
0.20 -0.52 0.69  120.89 85.69 -109.22 -41.27 0.05 0.14 0.33  156.99 109.82 14.61 27.31 -0.03 0.05 1.01  70.23 97.10 -22.64 3.54 -0.12 -0.08 1.12  -5.81 -31.55 -12.48 -5.17 0.11 0.00
0.20 -0.69 0.54  57.70 103.04 -107.21 -60.47 -0.00 0.15 0.29  147.30 112.34 25.17 32.93 -0.02 0.04 1.05  61.24 86.98 -30.23 3.25 -0.15 -0.08 1.06  7.10 -41.67 -16.67 -5.38 0.16 0.00
0.11 -0.81 0.76  71.67 59.93 -109.56 -58.91 0.03 0.21 0.37  125.76 110.06 22.82 36.96 -0.05 0.18 1.04  33.98 78.53 -25.10 10.61 -0.13 -0.01 1.03  6.68 -54.89 -23.71 -1.80 0.25 0.00
0.23 -0.53 0.66  78.67 69.06 -106.12 -50.69 0.00 0.17 0.52  113.91 105.01 20.51 25.93 -0.08 0.16 1.00  5.01 80.87 -26.63 11.32 -0.08 0.01 1.00  4.64 -64.65 -23.82 0.23 0.32 0.00
0.17 -0.41 0.70  55.88 80.22 -123.42 -40.37 -0.03 0.11 0.63  104.69 131.58 21.00 15.26 -0.12 0.11 1.04  -9.31 84.52 -27.03 8.18 -0.08 0.02 1.01  -4.63 -76.24 -20.86 0.92 0.36 0.00
-0.01 -0.45 0.74  33.86 94.47 -122.61 -39.14 -0.13 0.06 0.74  91.15 138.98 17.73 8.08 -0.18 0.10 1.14  -27.70 87.87 -19.57 6.52 -0.09 0.00 1.03  -15.67 -87.46 -21.41 0.35 0.33 0.00
0.06 -0.50 0.59  0.49 29.54 -147.06 -47.94 -0.17 0.06 0.84  61.97 114.87 10.24 5.55 -0.13 -0.05 1.27  -27.81 104.98 -8.32 -0.86 -0.08 0.01 1.04  -19.16 -95.41 -24.53 0.37 0.34 0.00
0.23 -0.59 0.46  -57.59 20.49 -192.91 -61.63 0.06 0.11 0.81  12.69 136.00 9.37 8.74 -0.05 -0.05 1.27  -29.12 117.19 -15.91 -2.35 -0.05 -0.00 1.04  -11.12 -100.44 -30.51 -0.14 0.37 0.00
0.24 -0.55 0.42  -115.61 20.38 -208.58 -64.71 0.02 0.10 0.78  -30.26 160.45 5.14 8.66 -0.01 0.05 1.13  -47.02 121.02 -24.76 2.03 -0.07 0.04 1.01  -8.59 -103.57 -34.45 2.12 0.37 0.00
-1.07 -1.01 1.24  -83.02 102.70 -83.10 -51.98 -0.17 0.03 0.74  -58.37 152.46 -5.96 3.81 -0.03 0.03 1.02  -55.44 139.51 -29.34 1.96 -0.09 0.04 1.01  -13.96 -111.89 -33.67 2.46 0.26 0.18
-0.34 -0.17 1.14  1.37 19.78 -10.13 -18.81 -0.27 -0.18 1.04  -34.30 14.64 -18.81 -9.33 -0.45 -0.15 0.98  -60.13 117.99 -18.67 -8.69 0.07 0.02 1.06  -17.05 -108.22 -37.80 1.33 0.33 2.30
0.09 -0.09 1.02  8.11 8.35 17.07 -8.93 -0.28 -0.10 0.97  -28.42 32.77 -24.14 -7.71 -0.28 -0.22 1.15  -25.90 58.88 -14.63 -12.71 0.11 -0.03 1.12  -9.75 -88.80 -41.58 -1.46 0.46 2.82
-0.03 -0.09 1.02  13.23 -5.39 11.43 -6.67 -0.14 -0.06 0.95  -15.67 -9.07 -29.81 -5.16 -0.28 -0.01 0.96  -31.91 4.33 -30.57 -3.17 0.02 -0.03 1.13  -6.13 -83.85 -39.20 -1.98 0.30 2.93
0.06 -0.04 0.98  16.51 -9.01 5.81 -3.78 -0.04 -0.01 0.95  -12.84 29.03 -27.28 -1.37 0.03 0.07 0.98  -37.28 -15.85 -13.27 3.10 -0.06 -0.02 1.12  -8.51 -89.85 -36.90 -1.37 0.19 2.97
0.03 -0.03 0.98  8.03 -2.52 3.15 -2.26 -0.03 -0.01 0.99  -5.67 17.90 -26.11 -1.07 0.19 0.01 0.99  -40.47 33.37 -13.57 1.11 -0.01 -0.00 1.11  -18.61 -104.82 -39.19 -0.44 0.26 3.00
0.03 -0.03 0.98  2.21 -5.55 -0.71 -2.08 0.01 0.00 1.01  -4.03 23.81 -22.56 -0.20 0.10 0.03 1.03  -43.44 63.33 -9.40 1.76 -0.00 -0.04 1.09  -23.97 -119.07 -42.87 -2.25 0.26 3.03
0.06 -0.03 0.97  1.74 -1.31 -2.32 -2.06 0.05 0.01 1.07  -8.03 30.85 -19.62 0.52 0.17 0.02 1.04  -47.99 89.97 -1.29 1.45 -0.00 -0.10 1.04  -20.87 -135.68 -46.87 -6.23 0.26 3.06
0.06 -0.02 0.98  1.96 5.71 -1.19 -1.48 0.10 0.03 1.09  -16.89 39.58 -13.82 1.72 0.17 -0.04 1.05  -36.63 123.97 0.27 -2.20 0.08 -0.10 0.99  -14.05 -139.70 -53.03 -6.85 0.68 3.08
0.04 -0.02 0.99  1.22 10.55 0.71 -1.34 0.09 0.02 1.04  -21.49 35.53 -7.82 1.26 -0.03 0.00 1.01  -28.18 123.95 0.46 -0.36 0.14 -0.03 0.98  -4.52 -136.64 -51.03 -3.32 1.50 3.08
0.02 -0.02 1.00  0.09 10.70 0.92 -1.20 0.06 0.01 1.00  -22.92 34.00 -2.78 0.74 -0.09 -0.01 0.97  -24.03 91.83 1.72 -0.44 0.15 -0.03 0.97  5.69 -126.15 -48.05 -2.64 1.84 3.08
0.00 -0.02 1.00  -1.40 8.13 1.03 -1.15 0.03 -0.00 0.96  -20.39 23.15 0.20 -0.06 -0.01 -0.01 0.94  -17.96 61.42 -4.71 -0.87 0.19 -0.02 0.95  11.97 -108.51 -47.90 -1.47 2.09 3.06
0.02 -0.02 0.99  -1.05 6.55 0.94 -1.52 0.08 0.01 0.94  -16.57 20.42 3.07 0.79 0.13 0.05 0.92  -15.92 53.89 -2.92 2.65 0.25 0.00 0.98  12.25 -92.21 -42.43 -0.16 2.21 3.06
0.01 -0.02 1.00  -0.09 7.84 -0.15 -1.61 0.07 0.01 0.94  -15.48 28.19 6.37 0.72 0.15 0.03 0.91  -16.12 66.97 2.46 2.10 0.26 0.04 1.02  9.66 -80.43 -33.26 2.51 2.20 3.03
0.01 -0.02 1.00  0.15 9.16 -1.16 -1.59 0.06 0.02 0.93  -13.84 28.97 10.21 1.16 0.07 -0.01 0.89  -16.36 72.95 3.11 -0.38 0.21 0.02 1.06  1.17 -76.90 -29.56 1.35 2.16 3.03
-0.02 -0.02 1.01  -0.04 10.04 -0.99 -1.50 0.02 0.01 0.89  -9.82 21.39 12.47 0.62 0.03 0.00 0.86  -9.19 69.81 8.79 0.18 0.17 -0.03 1.08  -6.86 -73.83 -32.96 -1.21 2.16 3.02
-0.02 -0.02 1.01  -0.97 6.90 -1.39 -1.31 0.04 0.01 0.90  -3.57 14.96 14.99 0.44 0.06 0.02 0.90  -9.87 54.52 16.37 1.28 0.21 -0.04 1.06  -7.52 -67.25 -36.73 -2.38 2.16 3.00
-0.02 -0.01 1.01  -1.83 6.10 -0.86 -1.01 0.02 0.01 0.98  -2.06 11.87 17.71 0.74 0.07 -0.02 0.98  -9.25 48.81 18.69 -0.73 0.22 -0.04 1.05  -0.18 -55.37 -36.18 -2.66 2.30 2.93
0.02 -0.01 1.01  -3.07 9.25 -0.76 -0.75 0.08 0.05 1.07  -10.58 8.47 22.05 2.77 -0.00 -0.05 1.08  2.38 55.07 23.08 -2.65 0.16 -0.01 1.07  -0.27 -48.26 -30.33 -1.07 2.55 2.67
0.05 0.03 1.05  -5.92 33.35 -9.38 1.32 0.15 0.04 1.04  -28.53 36.07 35.98 2.76 0.03 -0.04 1.15  30.56 79.68 33.69 -2.57 0.07 -0.07 1.09  -3.40 -54.85 -20.57 -4.03 2.72 1.02
0.01 0.02 1.10  -18.66 67.86 -25.13 1.14 -0.01 -0.05 1.06  -47.82 46.97 50.47 -2.22 0.02 -0.07 1.15  49.60 99.17 51.57 -3.73 -0.02 -0.14 1.06  0.83 -71.91 -20.31 -8.17 2.57 0.24
0.13 0.02 1.12  -49.85 112.07 -15.20 1.38 0.13 -0.19 0.94  -63.45 51.38 62.05 -12.24 0.04 -0.20 1.32  74.04 108.45 70.62 -9.23 -0.10 -0.00 1.06  5.31 -85.80 -23.32 -1.72 0.55 0.00
0.09 -0.11 0.94  -82.68 189.82 -33.93 -6.16 0.31 0.01 0.58  -54.16 67.31 84.63 -1.72 0.35 -0.02 1.29  72.11 107.81 24.05 -2.61 -0.09 0.06 1.07  -1.52 -95.86 -25.58 2.97 0.20 0.00
0.62 -0.48 0.92  -41.93 118.61 -181.58 -28.65 0.51 0.26 0.36  -39.42 159.74 123.80 35.40 0.47 0.13 0.98  39.79 118.78 -29.15 6.83 -0.10 0.04 1.07  -6.88 -100.37 -33.87 2.87 0.25 0.00
0.51 -0.36 0.58  -50.95 172.95 -250.03 -37.82 0.56 0.31 0.33  -41.81 250.38 143.30 50.17 0.56 0.13 0.87  2.94 148.81 -60.57 9.76 -0.13 0.07 1.06  -11.68 -102.24 -41.62 4.31 0.08 0.00
0.25 -0.25 0.74  -52.85 187.28 -250.03 -26.08 0.09 0.17 0.46  -26.76 250.38 133.37 30.61 0.44 0.03 0.87  -17.48 221.29 -55.31 4.06 -0.09 -0.01 1.01  -12.45 -102.69 -45.68 0.12 0.28 0.00
0.28 -0.11 0.88  -13.09 121.59 -250.03 -12.44 0.07 0.09 0.60  18.74 250.38 97.40 14.35 0.04 -0.17 0.82  -10.49 249.09 -49.94 -11.01 -0.05 -0.01 0.98  -9.42 -107.43 -42.54 -0.64 0.36 0.00
0.50 -0.06 0.86  17.51 97.94 -217.16 -6.59 0.16 0.02 0.65  57.44 201.83 64.79 4.80 -0.36 -0.23 0.91  22.00 248.67 -50.69 -16.35 0.02 0.02 0.97  -6.61 -107.67 -39.61 0.75 0.41 0.00
0.51 -0.21 1.08  43.57 54.16 -250.03 -12.35 0.12 0.01 0.65  83.52 228.67 42.63 1.52 -0.55 -0.09 0.95  36.79 157.04 -54.62 -8.47 0.07 0.02 0.98  -7.83 -96.98 -34.35 1.19 0.43 0.00
0.18 -0.11 1.09  72.10 72.77 -249.46 -8.18 -0.09 -0.09 0.70  113.14 225.05 24.73 -6.72 -0.27 0.02 1.11  25.91 90.38 -50.88 -0.52 0.09 -0.01 0.99  -9.39 -81.36 -28.32 -0.39 0.41 0.00
-0.02 -0.25 1.17  110.02 51.66 -152.45 -13.52 -0.26 -0.11 0.75  136.48 114.39 12.02 -9.61 -0.00 -0.00 1.16  23.22 94.95 -37.14 -0.08 0.07 -0.05 0.98  -4.93 -65.23 -25.05 -3.09 0.30 0.00
0.11 -0.34 0.94  99.88 2.34 -114.41 -22.59 0.05 0.03 0.73  124.87 84.80 -4.27 0.40 -0.27 0.06 1.33  28.02 109.39 -18.08 2.73 0.02 -0.01 0.99  -0.61 -52.30 -24.06 -1.42 0.35 0.00
-0.03 -0.42 0.83  61.15 -8.86 -96.86 -31.47 -0.11 0.12 0.75  91.37 78.30 -4.92 8.94 -0.23 0.10 1.35  18.91 73.42 -22.47 4.88 -0.02 -0.00 0.99  -1.77 -49.79 -19.73 -0.32 0.41 0.00
-0.13 -0.33 0.69  24.76 -21.38 -43.74 -31.95 -0.15 0.14 0.77  58.22 28.64 -15.48 11.83 -0.21 0.13 1.28  6.36 40.13 -23.63 6.98 0.00 0.01 0.99  -1.46 -48.22 -17.99 0.78 0.32 0.00
-0.11 -0.16 0.58  -41.77 -30.32 12.07 -21.52 -0.13 0.14 0.81  34.67 -24.01 -26.42 12.48 -0.18 0.14 1.21  -9.96 16.88 -16.22 7.99 -0.00 0.05 0.98  -1.00 -43.51 -18.16 3.37 0.08 0.00
-0.05 -0.38 0.80  -55.93 -46.52 21.00 -30.07 -0.03 0.15 0.83  8.27 -52.18 -27.45 13.04 -0.13 0.16 1.23  -29.73 -9.45 -15.76 9.15 -0.01 0.05 0.96  -1.68 -39.97 -15.46 3.59 0.02 0.00
0.05 -0.22 0.57  -82.73 -54.41 13.51 -27.54 -0.04 0.12 0.96  -25.66 -35.04 -13.93 9.84 -0.11 0.13 1.31  -54.05 -29.68 -21.30 7.25 0.02 0.02 0.94  -1.68 -30.06 -11.14 2.15 0.09 0.00
-0.18 -0.56 1.77  -143.82 -8.91 66.84 -23.14 0.33 -0.19 1.38  -30.71 34.19 0.38 -5.68 -0.11 -0.20 1.40  -66.12 -43.19 -12.14 -6.82 0.10 0.07 1.06  -4.52 -17.40 -11.23 4.25 0.36 2.85
0.32 -0.38 1.00  -40.69 173.13 56.17 -25.46 0.01 -0.10 1.13  -72.08 54.84 3.24 -6.05 0.26 -0.34 1.57  -39.31 17.10 -16.55 -13.79 0.10 0.06 1.18  4.33 2.87 -14.14 3.55 0.23 3.03
0.05 -0.14 1.03  -8.90 66.64 20.63 -13.02 0.08 0.01 0.94  -68.43 -11.23 -1.79 -0.67 -0.23 0.27 0.86  -38.34 -18.76 -20.65 14.52 -0.05 -0.09 1.15  4.09 -3.76 -5.88 -3.89 0.27 3.07
0.03 -0.08 0.99  5.62 31.58 9.39 -7.05 0.03 -0.03 0.87  -56.37 27.32 -1.63 -1.93 0.21 0.13 0.83  -71.86 -44.99 -1.99 11.66 -0.02 -0.19 1.15  5.74 -20.21 -18.58 -10.22 0.34 3.08
0.02 -0.04 1.00  8.56 15.91 4.58 -3.46 0.09 -0.01 0.96  -42.53 12.46 -2.98 -1.24 0.11 -0.04 0.98  -61.35 -1.64 -0.74 -0.15 0.12 -0.02 1.19  -1.58 -13.96 -30.54 -2.88 0.39 3.11
0.06 -0.02 0.99  10.18 11.17 5.05 -1.92 0.16 0.02 0.98  -39.27 20.31 -0.63 0.98 0.10 0.04 1.02  -58.25 -12.72 -1.91 2.03 0.07 -0.01 1.15  -0.39 -10.39 -6.24 -1.06 0.40 3.11
0.03 -0.02 1.00  8.89 13.18 5.78 -1.43 0.14 0.02 0.93  -36.11 22.95 3.43 1.18 0.10 0.03 0.96  -55.21 -29.05 -4.36 1.93 0.05 -0.07 1.12  1.11 -18.77 6.75 -3.88 0.58 3.08
0.02 -0.01 1.00  5.73 11.66 5.01 -0.85 0.06 0.01 0.97  -32.63 10.91 5.76 1.02 0.07 0.04 0.92  -51.72 -39.72 0.18 2.58 0.09 -0.08 1.09  1.04 -13.82 2.33 -5.24 1.45 3.08
-0.02 -0.00 1.00  1.37 8.16 4.95 -0.31 0.10 0.02 1.01  -35.62 -11.67 4.45 1.48 0.02 -0.04 1.04  -46.25 -28.48 -1.02 -1.73 0.14 -0.07 1.04  7.89 -0.42 0.15 -4.84 2.44 3.03
-0.01 0.00 1.01  -3.69 2.32 4.73 -0.06 0.03 0.02 0.99  -43.10 -12.92 5.43 1.58 -0.04 -0.02 1.03  -33.77 -41.61 -3.92 -1.53 0.13 -0.02 1.00  7.05 12.22 3.04 -2.01 2.72 2.88
0.00 -0.00 1.01  -11.12 -3.48 5.61 -0.13 0.06 0.00 0.90  -46.47 -16.30 5.65 0.50 -0.00 0.01 0.91  -26.02 -60.23 4.87 0.44 0.08 -0.04 0.95  3.29 16.49 10.60 -2.60 2.90 1.55
0.01 0.00 1.03  -25.72 -6.84 8.21 0.06 0.08 -0.00 0.87  -47.99 -18.62 7.21 -0.20 0.11 -0.02 0.89  -24.60 -58.22 12.55 -1.17 0.09 -0.03 0.95  2.28 22.22 1.85 -2.22 3.00 0.39
0.03 -0.03 1.02  -45.88 -2.52 11.55 -1.45 0.09 -0.02 0.87  -55.08 -16.41 10.56 -1.30 0.10 -0.05 0.97  -22.11 -50.29 15.39 -3.09 0.07 -0.00 0.97  3.03 28.25 -7.68 -0.73 3.03 0.00
0.02 -0.05 1.02  -72.17 3.84 18.69 -3.27 0.10 -0.01 0.90  -69.25 -20.13 15.57 -0.96 0.14 -0.05 1.01  -15.39 -39.33 12.00 -3.64 -0.01 0.04 0.93  13.03 21.07 -4.93 2.30 3.07 0.00
0.06 -0.06 1.03  -109.08 10.20 26.65 -4.13 0.13 -0.04 0.93  -87.08 -33.52 20.41 -2.56 0.12 -0.06 1.12  -7.51 -32.80 13.04 -3.98 0.02 0.12 0.96  9.83 18.75 -1.65 7.41 3.08 0.00
0.08 -0.04 1.01  -172.33 3.30 63.89 -3.29 -0.02 -0.14 1.07  -112.24 -55.96 18.86 -8.06 0.13 -0.19 1.29  16.20 -9.96 6.52 -8.99 0.01 0.12 1.10  8.88 13.73 13.65 7.55 3.08 0.00
0.07 -0.06 0.98  -246.74 39.26 113.01 -4.17 -0.02 -0.34 1.11  -137.88 -95.43 12.31 -18.67 0.00 -0.23 1.41  58.62 27.19 9.11 -10.96 0.05 -0.04 1.17  12.61 15.41 24.28 -0.29 3.03 0.00
0.04 -0.81 1.60  -246.74 -0.68 99.03 -27.90 0.03 -0.09 0.61  -125.37 -84.07 19.93 -12.15 -0.02 -0.10 0.86  103.72 19.65 9.76 -8.47 -0.01 -0.18 1.19  3.89 29.73 30.62 -8.45 1.31 0.00
0.54 -0.02 1.43  -41.27 -5.62 37.81 -6.48 0.35 -0.06 0.64  -51.11 -31.10 12.98 -8.11 0.07 -0.31 0.68  97.71 12.23 0.98 -26.38 -0.07 0.05 1.21  2.14 16.52 29.80 0.87 0.63 0.00
0.32 0.10 1.08  68.32 -7.14 -47.70 4.21 0.03 0.11 0.63  24.17 36.75 -9.80 8.67 0.01 -0.17 0.82  97.92 62.98 -7.25 -17.10 -0.05 0.02 1.15  2.52 19.89 6.53 1.01 0.50 0.00
0.11 -0.10 0.97  136.33 -40.38 -98.56 -4.66 -0.10 0.14 0.55  93.87 24.74 -30.40 15.98 -0.05 -0.07 0.92  102.62 64.22 -4.93 -7.80 -0.13 -0.14 1.08  -1.93 18.94 -6.39 -7.10 0.41 0.00
-0.07 -0.29 0.89  172.02 -31.92 -88.35 -18.97 -0.08 0.18 0.48  145.02 22.23 -43.57 23.84 -0.05 0.08 0.93  90.50 79.70 -5.02 3.31 -0.08 -0.10 1.04  5.79 7.04 -3.61 -6.69 0.19 0.00
0.02 -0.40 0.87  186.57 -19.49 -80.53 -28.39 -0.06 0.18 0.46  172.91 33.67 -45.13 25.77 -0.13 0.18 1.04  73.91 39.53 -12.79 10.39 -0.08 -0.03 1.01  3.27 -1.32 -0.16 -2.81 0.16 0.00
-0.00 -0.42 0.91  182.86 -4.87 -87.77 -30.12 -0.05 0.12 0.47  190.37 50.74 -38.53 19.89 -0.10 0.23 1.04  48.09 19.66 -25.79 14.65 -0.09 -0.03 0.97  1.32 -5.55 -2.73 -2.51 0.17 0.00
-0.03 -0.50 1.00  180.38 -20.18 -71.73 -32.43 -0.12 0.08 0.50  204.89 35.61 -33.74 12.87 0.01 0.30 1.03  18.62 21.42 -28.08 19.27 -0.15 0.02 0.99  -5.54 -19.67 -4.29 0.63 0.20 0.00
-0.07 -0.52 0.87  141.31 -26.38 -38.88 -37.17 -0.12 -0.04 0.53  208.34 3.36 -37.30 -1.94 0.05 0.27 1.12  -2.98 38.27 -14.93 17.13 -0.14 0.01 1.00  -9.17 -35.18 -9.44 0.81 0.20 0.00
-0.06 -1.01 0.80  93.82 -59.78 -40.42 -58.82 -0.08 0.08 0.64  169.26 -5.39 -33.21 6.65 -0.06 0.07 1.38  -27.47 34.90 -15.98 6.13 -0.04 0.01 0.98  -8.31 -43.77 -13.31 0.65 0.05 0.00
-0.14 -1.03 0.23  52.89 -33.46 -26.90 -89.29 -0.05 0.26 0.83  79.35 3.39 -20.98 18.55 -0.15 -0.10 1.55  -28.99 12.58 -9.51 -2.36 0.05 0.04 0.97  -8.34 -37.64 -14.22 2.58 0.14 0.00
-0.33 -0.93 0.17  -40.61 23.29 17.42 -97.70 -0.13 0.30 0.81  -34.14 15.45 -1.44 23.99 -0.23 -0.08 1.52  -12.18 44.41 -8.79 -3.67 0.03 0.01 0.90  -5.64 -27.38 -8.49 1.25 0.29 0.00
0.25 -0.68 1.48  -121.62 -28.49 118.48 -44.34 0.03 -0.31 1.30  -53.96 24.24 8.47 -8.79 -0.36 -0.09 1.25  -18.31 -1.39 -1.23 -4.80 0.01 0.12 1.02  3.07 -17.06 -12.54 7.17 0.02 2.90
-0.09 -0.46 1.22  -40.49 147.39 60.25 -29.45 0.12 -0.16 0.97  -91.68 35.40 7.67 -11.16 0.15 -0.30 1.50  -18.18 -13.32 -5.92 -12.28 0.09 0.14 1.14  12.07 13.34 -24.32 8.61 0.11 3.03
-0.01 -0.17 1.03  -5.14 38.05 19.75 -15.04 -0.14 -0.06 0.85  -74.04 -21.33 -0.69 -6.25 -0.24 0.30 0.72  -46.50 -56.68 -31.34 20.22 -0.10 -0.01 1.12  4.42 9.48 -11.39 1.33 0.11 3.08
0.05 -0.08 0.99  6.96 14.25 6.74 -7.49 0.13 -0.00 0.86  -56.52 16.40 0.01 -1.57 0.24 0.15 0.83  -84.92 -63.30 0.24 14.03 -0.11 -0.16 1.15  -5.21 -9.44 -20.61 -7.56 0.15 3.11
0.01 -0.04 1.00  6.75 3.80 1.78 -3.74 0.05 -0.03 0.99  -43.87 1.77 -0.86 -2.15 0.16 -0.08 1.05  -68.06 -12.43 -2.30 -1.56 0.09 -0.05 1.16  -6.77 -5.43 -31.77 -3.90 0.28 3.12
0.06 -0.03 0.99  4.85 1.34 1.37 -2.31 0.19 0.03 0.99  -38.47 -7.42 1.83 1.09 0.06 0.04 1.04  -61.73 -24.05 -7.86 2.01 0.10 0.01 1.10  -1.63 4.34 -0.61 -0.34 0.26 3.12
0.05 -0.02 0.99  4.26 5.64 4.18 -1.65 0.14 0.03 1.01  -36.15 0.66 5.93 1.65 0.04 0.02 1.03  -54.12 -60.72 -5.86 1.44 0.12 -0.06 1.09  2.81 1.06 17.71 -3.40 0.23 3.10
0.04 -0.02 0.99  4.03 9.98 7.94 -1.50 0.11 0.05 1.02  -36.80 -3.32 9.39 2.97 0.12 0.03 1.00  -43.75 -79.13 -0.16 2.19 0.14 -0.07 1.06  -1.77 8.67 17.93 -4.29 0.56 3.07
0.01 -0.02 1.00  0.80 8.09 8.87 -1.26 0.15 -0.00 0.95  -38.92 -17.36 9.08 0.49 0.09 -0.00 0.96  -38.50 -60.02 3.61 0.27 0.13 -0.09 1.03  -3.43 19.47 14.78 -5.60 2.45 2.98
0.00 -0.01 1.01  -5.69 1.46 7.74 -0.97 0.03 -0.01 0.93  -41.13 -9.64 10.14 -0.38 0.02 -0.01 0.97  -39.72 -53.68 4.43 -0.64 0.08 -0.07 1.01  1.55 27.74 5.17 -5.00 2.80 2.56
0.01 -0.01 1.01  -16.69 -3.49 8.94 -0.60 0.06 -0.00 0.93  -43.36 -12.63 11.27 -0.34 0.01 -0.03 0.93  -32.66 -48.39 9.40 -1.87 0.03 -0.01 0.98  -1.03 27.46 5.17 -1.64 2.93 0.95
0.04 -0.03 1.01  -31.57 -5.04 16.53 -1.60 0.07 -0.01 0.90  -45.97 -18.97 11.86 -0.83 0.06 -0.04 0.93  -25.56 -55.04 14.49 -2.63 0.05 0.01 0.97  -2.47 29.07 1.94 0.40 3.02 0.11
0.03 -0.06 1.00  -46.63 -3.75 27.10 -3.90 0.07 -0.01 0.87  -50.02 -26.71 13.63 -1.12 0.11 -0.03 0.95  -20.52 -48.89 17.31 -2.29 0.07 -0.00 0.94  0.35 30.45 -3.38 0.01 3.07 0.00
-0.00 -0.10 0.99  -64.33 -4.05 29.12 -6.57 0.05 -0.00 0.86  -58.04 -29.72 19.96 -0.54 0.06 -0.03 1.00  -20.29 -48.98 19.73 -2.18 0.03 0.01 0.91  7.91 29.72 -5.09 0.57 3.08 0.00
0.01 -0.11 0.98  -94.35 -4.31 30.80 -7.67 -0.00 -0.02 0.92  -71.82 -31.48 26.14 -1.22 0.03 -0.05 1.07  -16.24 -47.59 22.49 -3.27 -0.01 0.02 0.97  2.11 20.52 -8.12 1.59 3.08 0.00
0.13 -0.10 0.97  -149.34 5.19 53.99 -7.77 0.13 -0.10 1.11  -99.57 -29.06 33.22 -5.43 0.22 -0.17 1.28  9.42 -21.35 22.41 -8.26 -0.12 0.19 1.11  -9.68 9.69 1.78 9.86 3.08 0.00
0.13 -0.09 1.06  -227.35 4.11 118.17 -6.82 0.07 -0.31 1.24  -136.89 -68.14 21.40 -15.40 0.15 -0.19 1.53  45.63 46.89 10.96 -8.71 -0.07 0.07 1.24  1.55 -0.51 20.07 5.00 3.03 0.00
0.35 -0.85 1.70  -236.98 -40.84 151.65 -28.14 0.02 -0.18 0.67  -130.47 -87.69 16.76 -18.43 -0.06 -0.18 1.00  106.54 49.38 10.88 -12.07 -0.01 -0.17 1.20  0.28 10.66 35.85 -7.13 1.25 0.00
1.14 -0.05 1.26  -24.18 -49.36 38.16 -8.02 0.51 -0.06 0.62  -56.26 -46.49 1.31 -9.57 -0.00 -0.39 0.67  106.20 8.41 -5.11 -32.07 -0.02 0.02 1.20  -7.87 -0.52 31.78 -0.28 0.68 0.00
0.57 0.17 0.99  55.54 17.45 -102.69 7.96 0.14 0.11 0.64  15.02 75.35 -11.74 8.16 0.18 -0.08 0.79  98.59 46.95 -25.42 -11.94 -0.13 -0.02 1.18  -11.66 6.57 4.33 -1.00 0.53 0.00
0.06 0.03 0.99  116.38 22.23 -143.63 3.21 -0.10 0.16 0.59  94.99 65.72 -19.96 17.24 0.12 -0.02 0.83  87.78 92.32 -30.19 -3.60 -0.23 -0.13 1.13  -10.54 -5.70 -5.06 -6.84 0.46 0.00
0.06 -0.22 0.94  179.47 16.39 -107.05 -12.25 -0.07 0.17 0.47  160.92 44.85 -28.69 23.97 -0.02 0.14 0.79  75.28 123.24 -16.57 9.50 -0.11 -0.13 1.07  -0.29 -24.97 -10.51 -8.25 0.29 0.00
0.13 -0.38 0.83  171.09 17.29 -132.90 -26.81 0.02 0.17 0.40  190.23 83.82 -25.85 27.95 -0.14 0.20 0.96  50.84 94.65 -18.90 14.08 -0.07 -0.04 1.05  -3.52 -30.76 -12.34 -3.92 0.21 0.00
0.09 -0.58 0.97  147.60 6.11 -149.75 -36.25 -0.10 0.08 0.43  202.05 100.58 -8.85 15.90 -0.24 0.21 1.03  18.86 47.10 -36.49 14.59 -0.05 -0.07 1.01  -5.03 -29.66 -10.42 -4.48 0.21 0.00
0.08 -0.53 0.85  124.04 -14.76 -110.51 -39.19 -0.20 -0.01 0.51  204.25 56.69 -15.95 2.24 -0.15 0.23 1.01  -0.61 33.27 -31.79 15.85 -0.02 -0.07 1.00  -0.13 -32.35 -5.42 -4.83 0.19 0.00
-0.01 -0.75 0.74  65.83 -101.04 -105.33 -53.31 -0.29 0.06 0.65  182.04 -24.27 -37.85 5.82 -0.18 0.08 1.29  -1.12 30.37 -13.16 6.81 -0.03 -0.05 1.00  0.48 -30.75 1.50 -3.59 0.31 0.00
-0.01 -0.97 0.45  32.13 -103.31 -72.08 -75.65 -0.01 0.18 0.77  114.93 -68.02 -38.45 14.23 -0.12 -0.04 1.48  1.07 18.83 -17.02 -0.13 0.03 0.03 1.00  -2.24 -26.12 -0.50 0.85 0.34 0.00
-0.09 -0.95 0.23  13.00 -60.72 15.74 -91.60 -0.02 0.25 0.81  16.48 -44.20 -20.75 19.80 -0.08 -0.07 1.49  3.52 3.14 -20.10 -2.61 0.04 0.05 0.98  -8.45 -15.73 -2.81 2.88 0.26 0.00
0.51 -0.64 0.51  -22.23 -14.30 98.13 -70.02 -0.08 0.10 0.96  -49.40 -66.85 -10.08 9.70 -0.19 0.11 1.29  -9.61 1.86 -15.71 4.15 -0.06 0.05 0.99  -0.39 -9.92 -4.27 3.40 0.21 2.18
0.55 -0.50 0.88  -31.11 162.27 147.82 -43.53 0.47 -0.09 0.91  -86.58 137.21 8.89 -3.76 0.16 -0.20 1.43  -19.85 -26.08 6.56 -7.20 0.02 0.17 1.12  7.96 5.85 -17.38 9.09 0.26 2.97
-0.18 -0.26 1.13  -5.06 114.70 50.58 -21.74 -0.66 -0.25 0.89  -92.93 73.97 11.82 -16.24 -0.06 -0.13 1.10  -55.93 9.44 -30.53 -8.06 -0.01 0.03 1.16  11.65 7.49 -15.55 3.49 0.18 3.06
0.04 -0.09 1.00  6.57 49.90 17.73 -9.20 0.18 0.04 0.85  -66.43 2.76 1.45 -0.53 -0.30 0.31 0.74  -68.55 -55.54 -6.27 20.88 -0.04 -0.13 1.18  6.00 -5.59 -21.19 -5.74 0.15 3.08
0.01 -0.05 1.01  6.73 23.21 7.15 -4.52 -0.02 -0.06 0.92  -53.49 22.73 2.36 -3.75 0.30 -0.09 0.94  -80.99 -43.03 -4.05 -1.60 0.06 -0.19 1.20  1.39 -7.22 -29.10 -10.04 0.20 3.11
0.03 -0.03 0.99  2.05 9.10 3.20 -2.41 0.16 0.00 0.97  -40.35 -5.52 3.10 -0.59 0.10 -0.01 0.99  -61.02 -31.67 -6.75 -0.86 0.13 0.02 1.18  6.44 3.77 -15.77 -1.00 0.28 3.10
0.04 -0.02 1.00  -3.47 2.96 3.63 -1.57 0.11 -0.01 0.98  -36.12 -3.42 6.76 -0.78 0.06 0.00 1.02  -52.38 -48.83 -2.74 -0.07 0.08 -0.05 1.11  9.94 9.00 10.02 -2.95 0.24 3.06
0.05 -0.01 1.00  -10.63 -1.61 7.54 -1.04 0.10 -0.00 1.02  -34.52 -23.63 7.19 -0.30 0.02 -0.02 1.02  -47.00 -78.09 -2.76 -0.97 0.11 -0.07 1.09  11.81 8.30 12.23 -4.06 0.25 2.88
0.05 -0.04 0.98  -17.91 -2.96 11.55 -2.31 0.14 0.03 0.99  -37.88 -38.13 7.38 1.91 0.15 0.01 0.94  -31.97 -63.50 4.95 0.27 0.10 -0.03 1.07  3.47 17.87 3.62 -2.39 2.06 1.36
0.03 -0.06 0.98  -23.40 -5.01 12.58 -3.89 0.04 0.01 0.90  -42.60 -16.61 9.08 0.77 0.11 0.01 0.91  -30.04 -47.32 5.85 0.47 0.05 -0.04 1.04  -1.19 19.27 0.05 -2.93 2.67 0.34
0.07 -0.08 0.96  -26.42 -5.08 16.62 -5.40 0.12 0.03 0.86  -39.76 -17.29 9.65 2.39 0.12 0.05 0.88  -32.25 -46.48 9.50 3.15 0.03 -0.02 0.99  -1.19 16.92 -0.22 -1.85 2.88 0.00
0.06 -0.09 0.96  -29.72 -0.52 23.33 -6.63 0.09 0.01 0.83  -37.98 -18.74 10.89 1.26 0.07 -0.00 0.85  -31.30 -44.89 13.58 0.56 0.07 -0.02 0.96  -2.35 19.38 -3.82 -1.45 2.96 0.00
0.02 -0.12 0.94  -37.54 -1.18 26.69 -8.90 0.06 0.03 0.87  -38.82 -29.18 12.48 2.01 -0.01 -0.01 0.94  -27.13 -52.48 16.01 -0.49 0.10 -0.07 0.96  2.42 31.82 -14.48 -4.48 3.03 0.00
0.02 -0.15 0.93  -46.24 -3.42 25.05 -10.82 0.06 0.06 0.90  -49.17 -32.34 17.05 4.14 0.00 0.01 1.01  -21.21 -62.24 17.13 0.59 0.00 0.01 0.93  -0.49 38.01 -15.38 -0.13 3.06 0.00
0.02 -0.16 0.94  -63.58 -4.97 23.49 -11.65 0.05 0.03 0.93  -66.60 -29.16 22.01 2.72 0.10 -0.02 1.06  -11.66 -51.92 20.61 -0.87 -0.05 0.07 0.92  -2.54 27.68 0.16 4.50 3.08 0.00
0.09 -0.14 0.96  -106.07 -4.68 37.55 -10.46 0.09 -0.10 1.00  -87.93 -33.53 28.86 -5.22 0.20 -0.17 1.15  1.82 -24.93 19.24 -8.62 -0.06 0.18 0.96  -8.73 24.51 13.30 11.47 3.08 0.00
0.24 -0.09 1.00  -182.14 6.07 88.11 -7.36 0.06 -0.22 1.21  -125.74 -66.35 24.97 -11.61 0.22 -0.18 1.50  30.78 30.18 6.11 -8.63 -0.15 0.14 1.22  -7.72 13.09 29.82 8.60 3.02 0.00
0.07 -0.30 1.14  -246.74 57.81 176.71 -16.56 0.12 -0.53 1.06  -139.08 -104.92 15.20 -28.82 -0.07 -0.36 1.33  98.42 69.23 18.16 -16.66 -0.02 -0.10 1.23  -1.82 18.78 42.33 -2.89 2.09 0.00
0.40 -0.55 1.76  -32.30 -35.08 182.75 -20.71 0.14 -0.10 0.64  -83.64 -144.56 10.02 -14.62 -0.08 -0.30 0.64  120.29 -0.91 2.08 -28.02 -0.03 -0.15 1.17  -9.09 6.40 34.69 -7.76 0.62 0.00
0.71 -0.00 0.95  125.47 -80.82 86.07 -4.25 0.18 0.13 0.63  -10.39 -79.36 -24.53 8.65 0.07 -0.21 0.78  112.53 19.29 -4.08 -20.72 -0.15 -0.00 1.14  -1.14 8.72 5.20 -1.69 0.45 0.00
0.39 0.17 0.73  123.15 -43.41 -83.96 12.33 0.18 0.26 0.58  45.35 55.36 -34.32 25.84 0.15 0.02 0.91  106.33 53.57 -26.60 -3.01 -0.24 -0.07 1.11  -4.86 -2.27 -4.79 -4.08 0.45 0.00
-0.10 0.04 0.88  151.08 -31.70 -132.91 5.30 -0.22 0.23 0.53  108.42 117.38 -41.86 28.33 0.09 0.13 0.81  80.04 114.61 -20.71 8.35 -0.13 -0.13 1.05  2.63 -21.54 -5.62 -7.76 0.45 0.00
-0.11 -0.15 0.92  174.36 -44.77 -130.29 -8.18 -0.21 0.21 0.47  166.63 61.26 -46.37 29.92 -0.06 0.21 0.88  57.11 99.54 -12.73 15.45 -0.07 -0.07 1.04  6.58 -26.21 -7.07 -5.31 0.34 0.00
-0.10 -0.35 0.90  156.94 -36.52 -130.51 -22.54 -0.07 0.15 0.38  194.78 74.16 -45.40 28.26 -0.22 0.22 0.99  34.02 53.61 -20.01 15.93 -0.07 -0.09 1.01  4.90 -22.00 -7.38 -5.94 0.29 0.00
-0.11 -0.55 0.96  128.60 -61.18 -128.11 -34.23 -0.21 0.12 0.41  202.32 51.58 -38.22 22.70 -0.20 0.21 1.08  14.27 5.16 -34.35 14.15 -0.03 -0.02 0.98  7.35 -22.51 -0.32 -2.24 0.29 0.00
-0.09 -0.64 0.88  88.75 -70.93 -101.13 -42.98 -0.14 0.02 0.56  183.25 34.96 -44.42 6.33 -0.19 0.19 1.13  -11.89 -11.48 -30.46 12.39 -0.02 0.02 0.97  2.10 -21.09 6.48 0.46 0.22 0.00
-0.03 -0.91 0.81  42.21 -58.90 -104.38 -56.70 -0.17 0.05 0.68  135.18 19.42 -36.57 5.76 -0.10 -0.01 1.36  -15.18 3.39 -13.62 1.95 -0.03 0.06 0.98  -0.48 -14.12 2.82 3.45 0.28 0.00
-0.26 -0.89 0.54  16.15 -15.24 -55.91 -69.96 -0.07 0.18 0.78  58.79 38.14 -16.22 13.96 -0.02 -0.02 1.49  -11.07 -7.84 -15.33 -0.55 -0.01 0.04 1.01  -11.10 -9.69 1.05 2.68 0.25 0.00
-0.21 -0.68 0.40  -30.47 -0.94 7.62 -73.50 -0.18 0.14 0.86  -12.65 19.43 -2.72 12.01 -0.24 0.08 1.32  -21.93 -5.29 -12.82 3.50 -0.01 -0.03 0.98  -2.63 -8.86 2.18 -1.04 0.20 1.67
0.12 -0.73 1.41  -109.48 60.63 107.43 -42.12 0.29 -0.24 1.07  -45.80 39.98 2.97 -10.11 -0.12 -0.23 1.26  -40.54 -49.90 8.73 -9.49 0.02 0.15 1.05  9.16 2.97 -10.82 8.01 0.11 2.82
-0.18 -0.40 1.20  -35.02 102.67 56.03 -26.82 -0.18 -0.17 0.98  -71.66 70.41 4.63 -11.75 0.11 -0.20 1.26  -51.57 -19.27 -15.57 -10.84 -0.01 0.12 1.10  9.89 27.46 -18.84 7.99 0.28 3.02
0.05 -0.12 1.02  0.05 29.16 20.58 -12.26 0.11 0.05 1.01  -54.43 -33.74 -8.29 0.21 -0.24 0.22 0.89  -61.66 -48.76 -6.26 11.59 -0.07 -0.10 1.12  3.03 14.99 -16.58 -3.50 0.27 3.08
0.06 -0.05 1.00  11.08 24.61 14.38 -5.50 0.10 -0.02 1.01  -59.13 47.86 -0.69 -1.19 0.35 0.00 0.99  -64.74 -30.04 4.31 2.22 0.01 -0.25 1.17  -0.30 -0.70 -31.28 -12.68 0.30 3.11
0.04 -0.03 1.00  6.28 16.85 9.21 -2.63 0.18 0.03 1.03  -50.49 -0.49 0.48 1.18 0.16 -0.01 1.03  -49.61 -3.29 -1.29 -0.07 0.08 0.10 1.17  4.49 -3.58 -28.14 2.23 0.25 3.10
0.03 -0.01 1.00  0.91 12.55 8.10 -1.08 0.12 -0.00 1.00  -51.04 12.30 6.65 0.10 0.09 0.03 1.01  -44.47 -12.13 0.43 1.62 0.04 0.06 1.11  0.82 -6.63 -1.91 3.55 0.28 3.07
0.01 -0.01 1.01  -6.27 9.18 9.32 -0.97 0.13 -0.01 0.93  -44.82 -1.34 8.90 -0.66 0.07 0.01 0.93  -43.49 -40.06 -0.60 1.08 0.06 -0.06 1.07  2.72 -11.67 5.95 -2.27 0.26 2.92
0.00 -0.03 1.00  -12.38 4.37 10.33 -1.76 0.05 0.01 0.93  -38.18 -18.90 8.55 0.16 0.07 0.04 0.88  -40.31 -36.77 5.94 2.45 0.09 -0.04 1.06  -3.30 -3.64 -0.50 -2.48 2.03 1.86
0.00 -0.04 1.00  -17.21 -0.29 10.76 -2.48 0.15 -0.04 0.90  -38.73 -4.29 7.01 -2.37 0.04 -0.01 0.94  -38.66 -26.13 9.65 0.08 0.07 -0.04 1.04  -7.38 4.15 -7.22 -2.84 2.75 0.68
-0.01 -0.06 0.98  -20.29 -2.71 12.40 -4.24 0.09 0.04 0.92  -38.29 -17.91 8.98 2.16 0.08 0.04 0.94  -37.21 -19.21 9.27 2.42 0.01 -0.06 1.01  -7.35 3.00 -8.08 -3.75 2.91 0.06
-0.02 -0.08 0.98  -23.21 -3.01 9.06 -5.29 0.04 0.04 0.91  -43.73 -20.04 12.09 2.96 0.06 0.02 1.00  -34.12 -18.79 14.82 1.41 -0.00 -0.08 0.98  -7.51 -3.26 -9.25 -5.27 2.98 0.00
-0.03 -0.08 0.98  -30.15 -6.06 6.53 -5.91 0.05 0.03 0.89  -49.11 -32.23 16.37 2.60 0.02 0.01 1.00  -28.40 -30.54 19.37 0.59 0.03 -0.08 0.95  0.42 -3.06 -16.62 -6.00 3.03 0.00
0.00 -0.09 0.99  -45.10 -11.90 7.13 -6.23 0.03 0.02 0.97  -59.77 -44.13 20.41 1.85 0.05 -0.05 1.10  -27.34 -37.60 18.46 -2.64 -0.04 -0.01 0.93  6.81 -6.96 -17.48 -1.55 3.05 0.00
0.06 -0.07 1.04  -75.11 -17.03 7.63 -5.24 0.15 0.10 1.16  -95.60 -52.68 29.14 5.33 0.22 -0.02 1.41  0.26 7.60 12.23 -1.41 0.01 -0.04 1.13  -6.35 -2.68 -18.82 -2.44 3.03 0.00
0.23 0.02 1.13  -149.12 -12.91 47.80 0.01 -0.02 -0.29 1.11  -149.46 -54.34 32.76 -13.58 0.19 -0.22 1.38  48.51 65.59 8.66 -9.36 -0.09 0.06 1.25  14.18 -13.30 22.01 2.48 2.97 0.00
0.21 -0.10 1.11  -243.03 -9.33 103.52 -5.45 0.02 -0.46 0.72  -149.64 -85.66 33.77 -35.01 -0.05 -0.32 1.07  85.72 99.43 32.85 -18.48 -0.00 -0.00 1.20  13.32 -16.89 38.73 0.36 2.56 0.00
0.32 -0.45 1.66  -170.87 99.10 114.38 -16.32 0.22 0.00 0.49  -94.82 -51.43 41.24 -6.92 0.12 -0.24 0.66  91.88 19.33 16.50 -23.49 -0.11 0.02 1.19  2.59 -21.50 21.30 1.06 0.69 0.00
0.17 -0.01 1.16  12.28 60.38 80.29 -3.75 0.04 0.16 0.56  -24.69 31.22 36.90 14.16 0.28 -0.12 0.76  82.95 48.89 9.64 -13.68 -0.18 0.00 1.18  -2.95 -34.38 -4.12 0.41 0.59 0.00
0.13 0.09 0.77  62.97 74.61 -6.55 5.69 -0.05 0.34 0.53  36.80 38.15 41.72 35.58 0.22 0.06 0.90  67.98 99.97 -1.75 1.14 -0.23 -0.05 1.14  -2.81 -54.17 -26.18 -2.54 0.41 0.00
-0.02 -0.12 0.73  94.90 80.90 -64.81 -7.82 0.03 0.39 0.43  83.25 93.46 49.75 49.59 0.15 0.10 0.83  44.81 130.08 -4.28 7.26 -0.11 -0.06 1.10  -1.60 -74.80 -28.93 -3.54 0.37 0.00
0.06 -0.28 0.68  120.12 90.14 -115.16 -24.08 -0.04 0.37 0.38  115.05 126.67 62.82 54.47 0.06 0.09 0.81  30.39 144.65 -9.20 7.86 -0.03 -0.03 1.10  -2.57 -82.14 -28.90 -2.10 0.31 0.00
0.22 -0.35 0.58  111.25 92.92 -185.64 -36.01 0.17 0.35 0.32  131.53 173.77 78.61 58.50 -0.06 0.11 0.83  11.54 119.71 -20.08 9.47 -0.03 -0.04 1.10  -10.76 -79.25 -33.43 -2.40 0.29 0.00
0.55 -0.59 0.61  81.43 93.26 -250.03 -51.27 0.17 0.26 0.29  134.88 222.27 84.18 53.35 -0.07 0.14 0.83  -15.57 110.56 -20.48 11.42 -0.04 -0.05 1.08  -12.66 -77.69 -32.82 -3.02 0.42 0.00
0.47 -0.76 0.65  67.89 99.62 -250.03 -59.55 0.17 0.17 0.36  129.18 229.93 78.07 36.16 0.01 0.06 0.98  -24.70 124.20 -17.54 5.51 -0.04 -0.03 1.07  -11.32 -77.90 -29.65 -1.98 0.39 0.00
0.50 -0.74 0.55  59.86 95.22 -204.46 -64.98 0.10 0.08 0.47  103.60 189.41 55.32 16.69 -0.10 -0.06 1.09  -27.29 141.25 -24.18 -1.94 -0.05 -0.01 1.10  -16.92 -83.35 -27.71 -0.71 0.34 0.00
0.48 -0.65 0.46  10.21 53.43 -202.88 -67.87 0.12 0.11 0.55  67.73 164.12 28.05 14.52 -0.13 -0.10 1.26  -18.97 122.88 -29.74 -5.08 -0.07 -0.03 1.13  -18.67 -89.39 -32.58 -1.45 0.24 0.00
0.29 -0.66 0.43  -56.07 39.93 -224.02 -70.54 0.00 0.14 0.56  25.86 172.48 18.76 17.46 0.04 0.04 1.13  -13.02 121.41 -32.38 1.03 -0.09 -0.07 1.09  -13.03 -101.21 -38.03 -3.75 0.26 0.00
0.30 -0.54 0.40  -133.13 2.67 -231.09 -67.58 -0.07 0.17 0.56  -0.79 153.03 15.77 20.60 0.01 0.17 0.93  -37.42 116.68 -29.86 10.63 -0.09 -0.04 1.04  -7.79 -114.32 -38.53 -2.72 0.45 0.00
-0.49 -0.85 0.94  -75.66 72.79 -76.76 -55.84 -0.54 0.10 0.51  -24.52 138.77 15.21 15.33 -0.21 0.06 0.87  -63.47 141.07 -21.86 5.74 -0.01 -0.04 1.04  -6.83 -125.72 -33.51 -2.57 0.30 0.00
-0.02 -0.17 1.06  5.33 -12.83 -9.61 -20.07 -0.11 -0.18 0.88  -7.48 31.12 -7.61 -8.32 -0.40 -0.17 0.93  -65.28 92.94 -5.20 -9.40 0.10 -0.02 1.13  -1.82 -113.30 -35.13 -1.40 0.43 2.56
0.24 -0.11 0.93  6.29 8.04 18.98 -10.84 -0.11 -0.07 0.86  9.22 -3.11 -19.57 -6.12 -0.20 -0.28 1.06  -35.63 56.05 -14.57 -16.54 0.08 -0.00 1.19  -0.13 -92.86 -40.29 -0.51 0.52 2.81
0.01 -0.13 0.95  10.58 -3.17 8.65 -10.22 -0.15 0.01 0.87  15.27 -14.23 -20.43 -0.43 -0.20 0.05 0.93  -37.48 -9.90 -12.62 -0.02 -0.03 -0.05 1.16  -6.00 -86.93 -38.11 -2.39 0.27 2.93
0.12 -0.08 0.94  10.24 -16.80 -4.83 -6.91 -0.08 -0.01 0.92  14.94 13.87 -19.19 -0.56 0.17 0.03 0.94  -52.44 33.71 14.78 1.69 -0.09 -0.04 1.11  -19.74 -95.71 -41.18 -2.82 0.32 3.03
0.21 -0.06 0.91  3.51 -8.01 -4.07 -5.25 0.09 0.03 1.06  13.28 13.43 -20.07 1.44 0.09 -0.03 0.99  -35.86 84.72 2.39 -1.69 0.00 0.02 1.12  -32.47 -107.41 -49.78 0.26 0.32 3.07
0.18 -0.06 0.92  2.23 3.84 1.39 -4.53 0.08 0.02 1.11  -0.66 38.30 -16.20 1.47 -0.03 -0.03 1.11  -27.02 90.03 -8.43 -2.03 0.05 -0.05 1.13  -31.29 -111.90 -48.56 -2.34 0.39 3.08
0.21 -0.07 0.91  4.93 15.02 6.09 -5.20 0.15 0.05 1.07  -11.38 41.62 -13.65 3.10 0.07 0.01 1.05  -16.10 82.98 -7.18 -0.06 0.05 -0.11 1.12  -25.86 -120.34 -43.76 -5.92 1.89 3.08
0.09 -0.06 0.95  6.17 26.20 7.61 -4.79 -0.02 -0.01 1.02  -18.56 54.71 -9.39 0.24 0.08 -0.01 1.00  -10.38 100.52 -9.14 -0.47 0.06 -0.09 1.07  -20.94 -128.62 -41.63 -6.16 2.62 3.08
0.08 -0.06 0.95  4.88 10.83 3.78 -4.48 0.05 -0.01 0.91  -15.28 39.82 -6.57 -0.39 -0.07 0.02 0.93  -7.85 91.87 -3.55 0.99 0.13 -0.01 1.03  -17.68 -123.31 -51.87 -1.76 2.80 3.10
0.07 -0.05 0.96  5.41 8.08 2.42 -4.10 0.03 -0.01 0.93  -7.46 28.29 -5.19 -0.56 0.01 0.05 0.93  -23.03 63.98 -6.96 3.13 0.08 -0.03 1.04  -11.18 -117.38 -58.60 -1.94 2.88 3.10
0.09 -0.04 0.95  2.31 0.63 0.86 -3.48 0.09 0.02 1.04  -8.33 25.15 -0.62 0.90 0.09 -0.03 1.11  -30.23 69.26 -0.73 -0.93 0.14 -0.06 1.04  1.32 -110.80 -53.93 -3.71 2.93 3.10
0.10 -0.05 0.95  -0.01 1.45 1.71 -3.63 0.11 0.02 0.99  -13.24 21.64 4.35 1.33 0.04 -0.02 1.05  -15.06 59.94 1.82 -1.17 0.23 -0.03 1.01  4.19 -95.67 -46.71 -2.19 2.98 3.08
0.09 -0.05 0.95  -1.10 1.30 1.71 -3.82 0.09 0.01 0.91  -11.28 15.90 9.41 0.88 0.04 0.03 0.93  -17.92 36.45 -0.37 1.68 0.26 -0.03 1.04  5.50 -85.97 -41.90 -2.33 3.02 3.07
0.09 -0.05 0.96  -1.62 0.51 1.55 -4.00 0.08 0.01 0.93  -6.18 6.78 13.48 0.65 0.18 0.04 0.92  -24.30 23.13 7.83 2.74 0.26 -0.03 1.09  4.94 -76.49 -39.89 -2.09 3.06 3.03
0.10 -0.06 0.95  -2.52 1.32 1.42 -4.14 0.09 0.02 0.95  -5.47 10.39 18.40 1.52 0.21 -0.00 0.90  -17.28 47.71 17.43 0.47 0.24 -0.05 1.13  -2.71 -71.31 -39.45 -3.10 3.07 3.01
0.12 -0.07 0.94  -0.14 7.60 2.84 -5.10 0.06 0.05 0.96  -5.63 7.46 20.43 3.03 0.09 0.01 0.88  -10.53 77.17 16.85 0.49 0.24 -0.12 1.13  -8.75 -57.64 -43.92 -6.47 3.08 2.96
0.06 -0.06 0.95  2.70 14.49 1.84 -4.53 0.00 0.05 1.02  -10.69 -2.55 20.97 3.68 -0.13 -0.01 0.98  -0.38 85.81 24.45 -0.67 0.29 -0.17 1.11  1.97 -36.37 -48.38 -9.98 3.08 2.96
0.08 -0.05 0.98  -3.27 9.09 1.21 -3.68 0.06 0.02 1.07  -22.79 -12.91 27.96 1.80 -0.09 -0.08 1.19  17.53 64.66 37.00 -3.91 0.14 0.05 1.16  7.75 -29.43 -31.41 0.51 3.03 2.77
0.16 -0.02 0.99  -9.71 16.92 8.31 -1.91 0.13 0.01 1.06  -44.38 -9.21 35.66 0.63 -0.01 -0.10 1.20  39.01 50.22 32.89 -5.35 -0.00 -0.04 1.15  9.59 -34.85 -10.85 -1.87 3.00 1.14
0.20 -0.02 1.05  -34.56 63.39 8.78 -1.61 0.07 -0.08 0.89  -56.48 20.55 47.55 -5.29 0.07 -0.07 1.18  58.75 38.41 36.25 -4.28 -0.03 -0.11 1.12  2.36 -40.77 -9.16 -6.25 2.75 0.22
0.19 -0.10 0.99  -36.72 95.78 7.54 -6.19 0.15 -0.04 0.72  -56.28 65.58 61.76 -3.96 0.24 -0.01 1.09  51.93 53.69 30.12 -1.42 -0.12 -0.02 1.14  7.65 -51.33 -16.60 -2.32 0.82 0.00
0.65 -0.33 0.89  -43.30 83.52 -112.48 -21.72 0.36 0.16 0.51  -49.25 98.43 77.44 16.70 0.29 0.06 1.04  30.69 94.63 5.19 2.95 -0.17 0.05 1.17  2.04 -65.06 -23.19 1.98 0.64 0.00
0.47 -0.13 0.70  -71.46 128.77 -250.03 -15.36 0.48 0.21 0.40  -53.20 250.38 97.80 30.49 0.42 0.04 0.94  12.67 132.56 -30.42 3.12 -0.10 0.01 1.16  2.60 -70.64 -30.54 0.80 0.55 0.00
0.16 -0.02 0.84  -80.61 131.09 -250.03 -4.45 -0.13 0.08 0.56  -29.79 250.38 98.89 14.00 0.27 -0.00 0.80  -13.75 165.21 -44.50 0.56 -0.06 -0.01 1.13  0.71 -66.41 -35.07 -0.32 0.57 0.00
0.09 0.03 0.93  -61.89 102.21 -250.03 0.65 -0.12 0.04 0.64  7.64 250.38 92.82 6.39 -0.07 -0.09 0.81  -7.04 194.22 -33.28 -6.51 -0.09 -0.03 1.11  -2.55 -66.83 -35.90 -1.61 0.46 0.00
0.21 -0.03 0.88  -44.42 104.24 -244.99 -1.72 -0.13 0.11 0.63  38.24 230.64 78.17 11.03 -0.43 -0.07 0.78  -6.81 190.62 -34.81 -6.23 -0.07 -0.04 1.07  0.53 -73.11 -36.78 -2.58 0.45 0.00
0.10 -0.19 0.90  -25.22 96.80 -225.54 -12.53 -0.20 0.12 0.55  59.70 224.48 62.28 14.89 -0.51 0.06 0.88  -8.59 136.46 -23.84 2.37 0.02 -0.03 1.07  3.88 -70.44 -37.61 -1.84 0.50 0.00
0.02 -0.43 0.89  -4.42 84.80 -176.77 -28.02 -0.24 0.05 0.55  65.99 173.06 51.89 8.65 -0.34 -0.05 1.02  -20.91 67.78 -14.60 -2.46 0.07 -0.04 1.10  0.71 -60.45 -32.26 -2.20 0.45 0.00
0.01 -0.47 0.87  -3.09 60.09 -113.26 -34.20 -0.19 0.07 0.62  50.05 114.84 32.41 8.62 -0.17 -0.10 1.14  -6.12 47.23 -6.46 -5.73 0.06 -0.02 1.12  -0.87 -45.30 -25.92 -1.46 0.45 0.00
0.00 -0.22 0.90  3.46 30.23 -58.55 -20.57 -0.15 0.05 0.70  44.41 56.21 14.49 5.77 -0.16 0.02 0.98  -12.02 45.86 -1.34 0.17 0.01 -0.04 1.12  -3.53 -30.37 -21.03 -2.15 0.50 0.00
0.01 -0.16 0.77  -8.14 8.33 -28.29 -15.65 -0.11 0.08 0.75  45.13 20.26 2.13 6.99 -0.23 0.07 1.00  -23.54 19.05 -0.44 3.72 -0.03 -0.07 1.09  -1.72 -25.64 -17.22 -3.91 0.36 0.00
0.04 -0.52 0.63  -68.36 -7.54 2.17 -42.75 -0.09 0.17 0.69  27.92 -3.70 -2.88 15.34 -0.17 0.06 1.11  -21.48 8.18 -2.92 3.80 -0.06 -0.07 1.08  0.87 -23.23 -10.42 -4.29 0.28 0.28
0.14 -0.22 1.02  -19.68 5.97 17.08 -20.89 -0.06 0.01 0.92  16.69 -36.83 -10.18 3.57 -0.10 0.03 1.05  -26.47 -12.28 -4.14 2.40 -0.04 -0.05 1.09  1.23 -22.03 -4.40 -3.24 0.04 1.72
0.23 -0.11 0.96  -4.79 9.60 9.79 -10.60 0.12 -0.01 1.02  11.21 -26.77 -11.70 0.02 0.05 -0.11 1.17  -33.36 -17.90 -5.11 -5.03 -0.01 -0.03 1.14  3.34 -17.42 -4.11 -1.95 0.00 2.77
0.09 -0.05 1.00  2.03 -2.55 1.96 -5.14 -0.06 -0.01 1.06  -1.17 -4.70 -8.66 -0.73 -0.01 -0.07 1.16  -17.14 -5.11 -8.31 -4.43 0.00 -0.03 1.14  3.47 -14.02 -5.96 -1.71 0.11 2.93
0.13 -0.04 0.96  3.05 -9.33 -1.64 -3.30 0.03 0.01 1.01  -7.49 0.49 -8.87 0.45 0.00 0.01 1.04  -17.91 7.21 -5.49 -0.35 -0.02 -0.06 1.11  0.36 -17.58 -5.16 -3.47 0.13 2.98
0.16 -0.03 0.95  4.07 -2.87 -0.06 -2.22 0.03 0.00 0.97  -7.78 6.34 -8.64 0.15 0.02 0.02 1.00  -17.58 10.19 -6.55 1.27 -0.02 -0.06 1.12  3.16 -25.31 -6.55 -3.99 0.10 3.02
0.12 -0.02 0.96  3.78 1.73 0.93 -1.77 0.01 -0.01 0.97  -5.11 6.44 -8.66 -0.45 -0.01 0.00 0.99  -22.34 -1.17 -5.95 0.35 0.02 -0.02 1.12  2.84 -25.18 -9.51 -1.91 0.32 3.03
0.12 -0.02 0.96  2.44 -0.16 -0.34 -1.72 0.02 0.00 0.99  -3.98 7.63 -8.28 0.12 -0.00 -0.01 0.97  -19.57 0.42 -2.92 -0.53 0.05 -0.02 1.11  0.41 -22.06 -8.21 -1.61 0.76 3.06
0.13 -0.02 0.96  2.76 1.15 -0.34 -1.42 0.04 0.01 1.00  -4.92 9.09 -7.60 0.70 0.01 0.00 0.99  -16.36 8.04 -3.74 0.01 0.06 -0.05 1.11  -1.13 -18.64 -4.70 -2.69 0.99 3.07
0.12 -0.01 0.96  2.51 4.22 0.39 -1.09 0.05 0.01 1.01  -6.42 9.09 -6.08 0.82 0.02 -0.01 1.01  -13.01 7.00 -3.18 -0.67 0.08 -0.05 1.11  0.50 -14.24 -3.00 -3.09 1.17 3.08
0.12 -0.01 0.97  2.06 4.81 0.96 -0.89 0.05 0.01 1.01  -8.53 7.40 -4.33 0.82 0.01 -0.01 1.00  -9.09 4.16 -3.67 -0.77 0.08 -0.04 1.11  3.12 -10.54 -1.17 -2.78 1.37 3.08
0.12 -0.01 0.97  1.89 3.56 1.90 -0.86 0.06 0.01 0.98  -9.36 5.24 -2.51 0.67 0.03 0.00 0.96  -5.61 -0.09 -3.92 0.08 0.06 -0.04 1.11  5.07 -8.36 0.78 -2.45 1.58 3.08
0.11 -0.01 0.97  1.29 3.65 2.04 -0.95 0.05 0.00 0.94  -7.78 4.24 -0.80 0.34 0.03 0.01 0.93  -6.27 -2.85 -3.02 0.68 0.08 -0.02 1.11  5.71 -8.05 1.50 -1.69 1.69 3.08
0.11 -0.01 0.97  0.73 2.42 1.39 -0.94 0.04 0.00 0.95  -5.72 3.04 0.60 0.34 0.03 0.01 0.93  -8.84 -2.37 -1.56 0.87 0.08 -0.03 1.10  4.64 -8.57 2.45 -1.79 1.75 3.08
0.10 -0.01 0.98  0.32 1.56 0.97 -0.92 0.05 0.01 0.96  -4.92 3.67 1.69 0.62 0.03 0.00 0.95  -9.87 -0.45 -1.08 0.26 0.06 -0.04 1.10  2.33 -8.79 2.03 -2.26 1.83 3.08
0.11 -0.01 0.97  0.12 1.64 0.97 -0.88 0.04 0.01 0.96  -5.02 4.09 2.20 0.85 0.01 0.00 0.95  -7.32 2.21 0.12 0.11 0.04 -0.03 1.10  -1.48 -9.74 -0.58 -1.98 1.93 3.08
0.11 -0.01 0.97  0.32 3.01 0.80 -0.96 0.05 0.01 0.97  -6.15 6.58 2.37 1.02 0.01 0.00 0.93  -4.61 8.52 2.28 0.23 0.05 -0.04 1.10  -3.96 -10.30 -3.40 -2.38 1.99 3.08
0.10 -0.01 0.97  0.02 3.15 0.72 -0.84 0.03 0.01 0.96  -7.49 6.10 2.95 0.82 0.01 -0.01 0.95  -0.69 14.97 3.08 -0.67 0.09 -0.04 1.11  -3.71 -7.60 -3.77 -2.68 2.05 3.08
0.10 -0.01 0.97  -0.86 1.99 0.54 -0.72 0.03 0.01 0.95  -7.80 6.11 4.01 0.78 -0.00 -0.00 0.95  1.69 11.37 2.21 -0.37 0.09 -0.04 1.11  -2.97 -3.56 -1.17 -2.72 2.06 3.07
0.09 -0.01 0.98  -1.41 0.83 0.51 -0.89 0.02 0.01 0.92  -6.26 3.05 4.56 0.65 -0.02 0.00 0.93  3.95 1.05 2.69 0.01 0.07 -0.04 1.12  -2.20 0.27 0.13 -2.58 2.06 3.07
0.10 -0.02 0.97  -1.20 0.16 0.64 -1.12 0.03 0.01 0.91  -3.66 -0.49 4.72 0.92 0.01 0.00 0.92  4.78 -1.21 3.08 0.21 0.05 -0.05 1.11  -0.99 1.82 -1.45 -3.31 2.11 3.07
0.10 -0.02 0.97  -0.74 0.46 0.77 -1.16 0.03 0.01 0.91  -0.69 -2.62 4.85 0.95 0.02 0.01 0.92  4.22 0.67 3.15 0.60 0.07 -0.05 1.11  -0.12 4.20 -2.77 -3.36 2.09 3.07
0.09 -0.01 0.97  -0.59 0.22 0.68 -1.09 0.02 0.01 0.93  1.14 -3.68 4.96 0.98 -0.00 -0.00 0.95  4.43 -0.04 4.10 0.08 0.07 -0.04 1.12  -0.32 7.07 -1.98 -2.51 2.03 3.06
0.10 -0.01 0.97  -0.40 0.03 0.85 -1.08 0.01 0.02 0.94  1.67 -6.95 4.73 1.22 -0.01 -0.01 0.96  7.03 -1.35 3.66 -0.43 0.06 -0.04 1.12  -0.55 10.25 -0.23 -2.51 2.00 3.06
0.11 -0.02 0.97  -0.22 1.49 1.86 -1.15 0.02 0.02 0.92  2.42 -11.10 4.27 1.21 -0.00 0.00 0.95  10.21 -2.52 3.10 0.10 0.04 -0.05 1.12  -1.43 11.89 -0.23 -3.00 2.08 3.06
0.14 -0.02 0.96  1.02 10.98 5.15 -1.32 0.07 0.03 0.91  3.62 -3.67 3.73 1.87 0.02 0.03 0.94  8.18 -3.30 2.47 1.97 0.02 -0.05 1.12  -1.10 11.49 -0.87 -3.12 2.24 3.06
0.09 -0.01 0.98  1.30 17.42 7.07 -1.13 0.01 0.01 0.94  3.47 4.99 4.16 0.89 0.01 -0.00 0.98  3.27 1.44 -0.05 0.24 0.01 -0.04 1.12  -1.24 9.27 -1.13 -2.61 1.75 3.03
0.05 -0.01 0.99  -0.03 12.65 5.16 -1.02 -0.02 0.00 0.97  1.98 6.44 5.04 0.23 -0.04 -0.03 1.03  6.53 4.49 1.37 -1.60 0.01 -0.03 1.12  -0.48 8.20 -2.83 -1.95 1.02 3.03
0.06 -0.01 0.99  -1.82 8.20 3.86 -0.99 -0.02 -0.01 0.95  -1.21 8.29 5.44 -0.37 -0.04 -0.02 1.02  11.92 4.11 3.06 -1.61 -0.01 -0.02 1.11  -2.52 8.17 -4.36 -1.67 0.80 2.98
0.06 -0.02 0.99  -1.85 4.83 3.86 -1.49 -0.03 -0.01 0.92  -0.42 1.38 4.32 -0.95 -0.04 -0.02 0.98  12.08 5.03 2.18 -1.20 -0.01 -0.02 1.10  -6.97 7.16 -4.48 -1.29 0.67 2.91
0.05 -0.03 1.00  1.38 -1.02 4.34 -2.25 -0.03 -0.02 0.91  2.62 -5.76 1.89 -1.32 -0.04 -0.01 0.98  6.87 7.71 1.98 -0.55 -0.02 -0.01 1.10  -9.21 7.84 -5.01 -0.65 0.56 2.72
0.03 -0.04 1.00  6.96 -9.98 7.59 -3.01 -0.03 -0.01 0.94  4.01 -9.79 0.03 -0.59 -0.04 -0.03 1.05  2.40 10.99 2.72 -1.47 -0.05 -0.04 1.10  -7.61 8.00 -5.84 -2.34 0.40 1.94
-0.06 -0.10 1.00  16.18 -13.70 38.57 -6.07 -0.11 0.02 0.95  2.44 -22.70 -3.70 0.85 -0.08 -0.01 1.09  5.03 7.39 3.50 -0.91 -0.07 -0.06 1.09  -3.00 3.43 -5.56 -3.77 0.37 0.85
-0.05 -0.09 0.94  20.28 -16.39 74.94 -6.43 -0.11 0.03 0.91  3.67 -65.92 -9.95 2.27 -0.14 0.02 1.05  4.17 -6.62 6.19 0.88 -0.06 -0.05 1.08  2.98 0.17 -5.88 -3.65 0.29 0.55
0.16 0.00 0.91  7.10 -18.38 51.59 -1.16 0.07 0.05 0.91  1.27 -54.28 -6.89 3.36 -0.08 0.04 1.00  1.74 -24.61 4.70 2.42 -0.06 -0.04 1.08  5.15 0.75 -4.19 -2.98 0.27 0.31
0.13 0.11 0.98  -10.96 0.35 16.58 6.31 0.06 0.00 1.03  6.71 -9.81 -1.31 0.82 0.02 0.04 1.01  -6.05 -30.66 -1.89 2.99 -0.07 -0.04 1.10  4.71 -0.58 0.69 -2.54 0.16 0.46
0.02 -0.04 1.00  -9.18 -4.55 5.10 -1.05 -0.09 0.00 0.99  7.97 -23.84 -2.18 0.27 -0.03 -0.04 1.10  -3.42 -8.93 -0.76 -1.68 -0.04 -0.04 1.11  5.43 0.67 4.27 -2.79 0.04 1.35
0.04 -0.05 1.00  0.02 -13.94 -0.08 -3.10 -0.03 -0.00 0.96  6.74 -29.63 -3.44 -0.17 -0.12 -0.02 1.03  1.27 -9.48 -0.27 -1.52 -0.03 -0.04 1.11  7.97 3.92 4.97 -2.79 0.00 2.09
0.07 -0.05 0.98  4.19 -16.00 -3.92 -3.26 0.00 0.00 0.94  4.11 -9.90 -1.78 0.25 -0.08 -0.02 1.01  -1.48 -23.56 -1.55 -1.32 -0.05 -0.03 1.11  9.84 4.14 4.33 -2.13 0.23 2.57
0.10 -0.04 0.97  6.14 -11.05 -3.64 -2.79 -0.01 0.01 0.96  3.78 -9.05 -4.24 0.55 -0.02 0.01 1.01  -3.16 -30.61 -3.71 0.26 -0.04 -0.03 1.11  7.85 3.85 3.13 -1.79 0.79 2.77
0.09 -0.03 0.97  4.71 -5.39 -2.32 -2.08 0.01 0.00 0.97  2.17 -6.14 -5.14 0.29 0.02 -0.01 1.02  -3.19 -21.35 -3.62 -0.62 -0.02 -0.02 1.10  5.58 2.94 3.01 -1.57 1.19 2.90