-0.00 0.01 1.01  0.07 -0.04 0.68 0.65 0.01 0.00 0.98  0.05 -0.52 -0.47 0.18 -0.00 0.00 0.99  -0.25 0.05 -0.26 0.00 0.02 -0.01 1.04  0.42 0.01 -0.80 -0.60 2.54 3.00
0.00 0.01 1.01  -0.01 -0.13 0.62 0.65 0.01 0.00 0.98  0.25 -0.55 -0.60 0.20 -0.00 -0.00 0.99  -0.10 -0.09 -0.21 -0.07 0.02 -0.01 1.04  0.03 0.58 -1.09 -0.76 2.54 3.00
-0.00 0.01 1.01  -0.10 -0.26 0.63 0.71 0.01 0.00 0.98  0.21 -0.39 -0.73 0.23 -0.00 -0.00 0.99  -0.05 -0.55 -0.21 -0.12 0.02 -0.02 1.04  -0.28 1.07 -1.55 -1.07 2.54 3.00
-0.00 0.01 1.01  -0.17 -0.51 0.62 0.69 0.02 0.00 0.98  0.14 -0.53 -0.86 0.33 -0.01 -0.00 0.99  0.68 -1.51 -0.28 -0.19 0.02 -0.02 1.05  0.03 2.27 -1.20 -1.14 2.54 3.00
0.00 0.01 1.01  -0.16 -0.54 0.61 0.63 0.01 0.00 0.98  0.27 -1.15 -1.03 0.32 -0.01 -0.00 0.99  1.11 -3.39 -0.50 -0.16 0.02 -0.02 1.05  1.13 3.88 -0.37 -1.09 2.55 3.00
0.00 0.01 1.01  -0.05 -0.57 0.61 0.68 0.01 0.00 0.98  0.51 -1.60 -1.27 0.32 -0.01 -0.00 0.99  1.78 -5.04 -0.81 -0.20 0.03 -0.01 1.04  1.68 6.07 0.67 -0.91 2.54 3.00
-0.00 0.01 1.01  0.01 -0.94 0.47 0.70 0.01 0.00 0.97  0.92 -1.58 -1.57 0.29 -0.01 0.00 0.99  1.49 -6.89 -0.92 0.21 0.02 -0.01 1.04  0.65 7.12 1.55 -0.69 2.52 3.00
0.00 0.01 1.01  0.07 -1.07 0.39 0.71 0.02 0.00 0.98  1.36 -1.20 -1.67 0.28 0.01 0.00 0.99  0.56 -6.99 -1.21 0.23 0.01 -0.01 1.04  -0.39 7.32 1.95 -0.62 2.52 3.01
0.00 0.01 1.01  -0.06 -1.07 0.32 0.71 0.02 0.01 0.98  1.24 -0.11 -1.50 0.39 0.02 0.00 1.00  -0.31 -4.60 -1.17 0.27 0.00 -0.01 1.03  -0.62 5.62 1.16 -0.63 2.52 3.00
0.01 0.01 1.01  -0.06 -0.72 0.43 0.73 0.03 0.01 0.99  0.80 0.77 -1.12 0.52 0.02 0.01 1.01  -1.29 -2.06 -0.82 0.56 -0.00 -0.01 1.03  -1.17 2.27 -0.11 -0.81 2.52 3.01
0.01 0.01 1.01  -0.04 -0.17 0.55 0.71 0.03 0.01 0.99  0.14 1.60 -0.71 0.49 0.02 0.00 1.01  -1.76 0.44 -0.38 0.31 0.01 -0.02 1.04  -0.75 -0.85 -0.80 -1.13 2.52 3.02
0.00 0.01 1.01  -0.14 0.19 0.67 0.66 0.03 0.01 0.99  -0.62 2.31 -0.34 0.49 0.02 0.00 1.00  -2.37 2.12 -0.50 0.27 0.01 -0.02 1.04  0.34 -2.96 -1.54 -1.19 2.54 3.01
0.00 0.01 1.01  -0.12 0.48 0.71 0.64 0.02 0.01 0.99  -1.16 3.25 -0.07 0.42 0.01 0.00 1.00  -2.40 3.46 -0.39 0.19 0.02 -0.02 1.04  0.49 -4.05 -1.99 -1.08 2.55 3.01
0.00 0.01 1.01  -0.07 0.52 0.74 0.61 0.02 0.00 0.98  -1.11 2.90 -0.08 0.33 0.00 0.00 0.99  -2.64 2.94 -0.25 0.17 0.02 -0.01 1.04  0.45 -4.09 -2.11 -0.82 2.56 3.02
0.00 0.01 1.01  -0.05 0.35 0.68 0.65 0.02 0.00 0.98  -0.92 2.04 -0.15 0.30 0.00 0.00 0.99  -3.16 2.58 -0.25 0.06 0.03 -0.01 1.04  -0.13 -3.33 -2.22 -0.55 2.57 3.01
0.00 0.01 1.01  -0.13 0.27 0.68 0.66 0.02 0.01 0.99  -1.23 1.82 -0.15 0.44 0.01 -0.00 0.99  -2.64 2.55 -0.29 -0.04 0.03 -0.01 1.04  -0.34 -2.31 -1.88 -0.78 2.57 3.01
0.00 0.01 1.01  -0.04 0.30 0.70 0.62 0.02 0.01 0.98  -1.40 1.28 -0.15 0.47 0.01 0.00 0.99  -2.41 2.13 -0.27 0.21 0.02 -0.02 1.05  -0.10 -1.96 -1.70 -1.14 2.57 3.01
0.00 0.01 1.01  -0.01 0.40 0.73 0.62 0.03 0.01 0.98  -1.37 1.17 0.10 0.41 0.01 0.00 0.99  -2.06 0.72 -0.04 0.13 0.02 -0.02 1.05  0.55 -2.01 -2.04 -1.14 2.57 3.01
0.00 0.01 1.01  0.01 0.46 0.79 0.66 0.02 0.00 0.98  -1.34 0.88 0.30 0.33 0.01 0.00 0.99  -1.87 0.03 0.27 0.18 0.02 -0.01 1.04  0.65 -2.06 -2.29 -0.90 2.57 3.01
0.00 0.01 1.01  0.03 0.48 0.79 0.63 0.03 0.00 0.98  -1.30 0.84 0.56 0.35 0.02 0.00 0.98  -1.99 0.65 0.24 0.19 0.02 -0.01 1.04  0.01 -2.12 -1.94 -0.65 2.57 3.01
0.00 0.01 1.01  0.02 0.60 0.80 0.61 0.02 0.01 0.97  -1.05 0.34 0.59 0.36 0.01 0.00 0.97  -1.81 1.70 0.46 0.32 0.03 -0.01 1.04  -1.00 -2.22 -1.41 -0.61 2.57 3.01
0.00 0.01 1.01  0.14 0.64 0.78 0.61 0.02 0.00 0.98  -0.80 0.03 0.57 0.31 0.01 0.00 0.98  -2.07 2.78 0.38 0.13 0.03 -0.01 1.05  -1.42 -1.77 -1.23 -0.88 2.59 3.01
-0.00 0.01 1.01  0.15 0.48 0.80 0.64 0.02 0.00 0.98  -0.62 -0.63 0.53 0.33 -0.00 0.00 0.98  -1.42 0.87 0.61 0.04 0.03 -0.02 1.05  -1.10 -0.60 -1.09 -1.06 2.59 3.01
-0.00 0.01 1.01  0.10 0.32 0.85 0.63 0.02 0.00 0.97  -0.31 -0.78 0.66 0.28 -0.00 0.00 0.98  -1.39 -1.63 0.45 0.05 0.03 -0.02 1.05  -0.68 0.79 -0.47 -1.13 2.60 3.00
-0.00 0.01 1.01  0.04 0.13 0.86 0.62 0.02 0.00 0.97  -0.08 -0.71 0.71 0.29 0.00 0.00 0.98  -1.17 -2.61 0.31 0.10 0.02 -0.02 1.05  -0.61 1.74 0.08 -1.05 2.60 3.00
0.00 0.01 1.01  0.03 0.07 0.84 0.63 0.02 0.00 0.97  0.08 -0.84 0.56 0.35 0.00 0.00 0.97  -1.10 -1.87 0.38 0.07 0.02 -0.02 1.05  -0.46 2.13 0.11 -1.22 2.60 3.00
0.00 0.01 1.01  0.02 0.05 0.75 0.61 0.02 0.00 0.97  0.26 -1.06 0.38 0.34 0.00 0.00 0.97  -0.92 -1.91 0.39 0.06 0.02 -0.02 1.05  -0.42 2.33 0.04 -1.10 2.60 3.00
0.00 0.01 1.01  0.00 0.06 0.69 0.62 0.01 0.00 0.98  0.38 -1.07 0.11 0.36 -0.00 0.00 0.98  -0.89 -1.03 0.17 0.06 0.01 -0.01 1.05  -0.91 2.58 0.20 -0.99 2.60 3.00
-0.00 0.01 1.01  -0.04 -0.11 0.61 0.62 0.02 0.00 0.98  0.32 -0.71 -0.05 0.31 0.00 0.00 0.98  -1.12 -0.77 0.08 0.16 0.01 -0.01 1.05  -1.48 2.21 -0.12 -0.86 2.61 3.00
0.00 0.01 1.01  -0.27 -0.38 0.68 0.64 0.02 0.00 0.97  0.56 -0.07 -0.01 0.27 -0.00 0.00 0.98  -1.70 -1.62 0.05 0.12 0.01 -0.01 1.05  -2.46 1.64 -0.81 -0.99 2.61 3.00
0.00 0.01 1.01  -0.29 -0.52 0.69 0.59 0.02 0.01 0.98  0.57 -0.13 -0.20 0.44 -0.00 0.00 0.98  -1.59 -3.03 -0.03 0.12 0.02 -0.02 1.05  -2.28 2.02 -1.12 -1.17 2.60 3.00
0.00 0.01 1.01  -0.20 -0.41 0.65 0.62 0.02 0.01 0.98  0.18 -0.43 -0.35 0.44 0.00 -0.00 0.98  -0.86 -1.84 -0.12 -0.07 0.02 -0.02 1.05  -1.84 2.54 -0.59 -1.48 2.61 3.00
0.00 0.01 1.01  -0.20 -0.27 0.64 0.60 0.02 0.00 0.98  -0.02 -0.47 -0.52 0.37 0.00 0.00 0.97  -0.41 -1.77 -0.19 0.09 0.02 -0.02 1.05  -1.47 2.98 -0.38 -1.48 2.62 3.00
0.00 0.01 1.01  -0.23 -0.38 0.56 0.58 0.02 0.01 0.98  0.01 -0.94 -0.66 0.38 0.01 0.00 0.98  -0.62 -0.65 -0.17 0.15 0.01 -0.02 1.05  -1.44 2.94 -0.80 -1.12 2.61 3.00
0.00 0.01 1.01  -0.27 -0.29 0.51 0.54 0.02 0.01 0.99  -0.38 -1.43 -0.74 0.58 0.01 0.00 0.99  -0.90 1.90 -0.44 0.27 0.01 -0.02 1.06  -2.18 1.98 -1.21 -1.10 2.59 3.00
0.01 0.01 1.01  -0.26 0.47 0.49 0.51 0.02 0.01 1.00  -1.95 -2.56 -0.92 0.93 0.01 0.00 1.00  0.35 5.78 -0.50 0.11 0.00 -0.02 1.06  -4.56 0.01 -1.51 -1.26 2.52 2.98
0.00 0.01 1.02  -0.47 0.52 0.32 0.65 0.02 0.01 1.01  -5.47 -4.99 -1.53 0.94 -0.00 -0.01 1.02  2.40 11.95 -0.28 -0.60 -0.01 -0.02 1.06  -5.91 -3.16 -1.58 -1.15 2.42 2.98
0.02 0.01 1.01  -2.98 0.34 0.71 0.87 0.04 0.01 0.99  -10.02 -0.76 -1.56 0.93 0.01 -0.00 1.01  4.82 14.61 -0.89 -0.23 -0.03 0.01 1.06  -7.97 -6.08 -0.55 0.22 2.32 2.97
-0.00 0.00 1.01  -4.79 3.49 0.13 0.18 0.01 0.02 0.96  -13.23 8.32 -2.28 1.10 -0.04 0.02 1.00  3.50 14.64 -3.14 0.88 -0.03 -0.00 1.04  -8.57 -7.51 1.89 -0.21 2.15 2.96
-0.02 -0.00 1.01  -2.55 0.65 -2.13 -0.14 0.00 0.01 0.94  -13.31 13.00 -3.28 0.65 -0.04 0.01 1.01  -0.91 8.22 -3.15 0.56 -0.01 -0.04 1.03  -3.61 -5.13 2.49 -2.08 1.97 2.98
-0.00 -0.00 1.01  -0.64 -0.62 -2.71 -0.15 0.01 0.01 0.94  -12.44 13.79 -4.44 0.86 -0.02 0.01 1.01  -5.67 5.74 -5.17 0.63 0.00 -0.05 1.04  1.69 1.19 2.93 -3.40 1.98 3.00
-0.00 0.00 1.00  1.34 -1.00 -2.25 0.00 0.02 0.01 0.94  -12.00 10.66 -5.73 0.97 -0.03 -0.01 1.02  -7.36 2.36 -6.47 -0.24 0.01 -0.05 1.06  7.53 7.01 5.07 -3.38 2.06 3.03
-0.00 0.00 1.01  3.09 0.70 -1.74 0.28 0.02 0.01 0.93  -12.44 8.04 -7.32 1.07 -0.04 0.00 0.99  -7.69 -4.30 -7.54 0.06 0.01 -0.06 1.09  8.54 12.15 2.48 -3.81 2.14 3.03
-0.00 0.01 1.01  3.94 -1.37 -1.97 0.40 0.02 0.02 0.91  -12.00 7.16 -9.68 1.26 -0.01 0.01 0.94  -8.12 -6.45 -7.21 0.51 0.01 -0.06 1.09  4.10 14.76 -7.48 -3.95 2.19 3.08
-0.01 0.01 1.02  2.91 -3.44 -2.42 0.81 0.04 0.01 0.89  -10.31 5.14 -11.25 1.11 0.05 0.02 0.92  -7.83 -1.71 -6.52 1.14 0.03 0.03 1.09  -7.08 14.49 -17.83 0.69 2.15 3.08
0.00 0.01 1.02  1.18 -6.81 -2.69 0.95 0.07 0.02 0.87  -7.08 -0.83 -10.50 1.22 0.10 0.02 0.95  -8.92 3.81 -6.31 1.16 0.07 0.04 1.04  -9.64 13.59 -15.94 2.57 1.95 3.10
0.04 0.02 1.01  -0.01 -6.16 -1.71 1.16 0.14 0.03 0.91  -5.89 -5.44 -5.86 2.34 0.10 0.03 1.01  -9.12 -9.33 -3.25 1.89 0.08 0.04 1.02  -1.53 10.60 -4.60 2.63 2.03 3.10
0.05 0.01 1.00  0.15 -0.02 1.20 1.08 0.12 0.04 0.94  -8.16 -11.88 0.40 2.79 0.09 0.02 1.04  -4.00 -35.97 0.07 1.72 0.08 -0.00 0.99  8.34 6.87 9.72 0.37 2.21 3.10
0.03 0.01 1.01  1.43 6.46 3.41 0.76 0.11 0.05 0.89  -10.10 -20.33 3.92 3.57 0.12 0.04 0.97  -3.73 -39.56 1.66 2.94 0.11 0.01 0.96  8.88 6.20 13.78 0.71 2.30 3.10
-0.00 0.01 1.02  3.07 4.80 2.90 0.76 0.07 0.04 0.87  -11.36 -13.42 5.29 3.02 0.11 0.05 0.94  -9.31 -19.52 6.08 3.81 0.11 0.05 0.91  -2.53 13.98 8.20 3.43 2.39 3.10
0.01 0.02 1.01  4.08 0.33 2.08 1.23 0.06 0.02 0.88  -13.38 -8.50 6.69 2.15 0.05 0.04 0.99  -17.87 -11.28 6.09 2.78 0.08 0.04 0.90  -13.61 22.46 4.44 3.38 2.46 3.10
0.01 0.02 1.01  4.02 -0.33 1.95 1.46 0.05 0.03 0.86  -14.33 -8.29 9.10 2.45 -0.01 0.04 0.97  -25.62 -26.80 4.24 2.84 0.01 0.00 0.91  -15.41 23.18 5.05 0.90 2.57 3.08
-0.00 0.03 1.02  1.95 -5.96 1.13 2.04 0.04 0.03 0.89  -16.08 -16.92 12.42 2.63 0.02 0.03 1.00  -28.65 -48.75 6.07 2.21 0.01 -0.02 0.89  -9.74 20.02 4.59 -1.37 2.61 3.08
0.04 0.04 1.01  -1.15 -7.14 3.22 2.57 0.11 0.06 0.98  -25.66 -22.72 17.51 3.84 0.14 0.04 1.10  -27.80 -63.51 12.13 2.66 0.09 -0.02 0.95  -3.33 15.62 4.84 -1.25 2.72 3.06
0.05 0.05 1.03  -12.17 -6.50 7.44 3.03 0.11 0.03 1.04  -47.85 -22.13 26.73 2.48 0.25 -0.06 1.19  -18.78 -58.24 12.04 -2.16 0.01 0.05 1.03  4.07 4.14 17.63 2.53 2.91 2.52
0.07 0.09 1.10  -45.33 -10.16 13.55 5.33 0.02 -0.06 1.00  -73.90 -27.45 33.75 -3.17 0.12 -0.12 1.13  -4.92 -15.11 9.89 -6.50 0.04 -0.00 1.06  6.36 -15.03 23.13 0.42 3.03 0.76
0.15 0.08 1.15  -120.62 6.74 46.09 5.11 -0.03 -0.25 0.89  -95.79 -24.26 35.27 -16.56 0.04 -0.29 1.16  25.78 9.62 21.82 -15.20 0.09 0.07 1.11  4.17 -15.20 13.44 3.54 3.08 0.29
0.16 0.08 1.13  -210.83 38.18 86.32 5.11 0.00 -0.31 1.00  -118.39 -30.86 38.33 -20.60 0.10 -0.34 1.29  57.13 38.16 16.34 -17.83 0.05 0.07 1.17  11.00 -9.06 2.89 4.12 3.11 0.12
0.09 -0.63 1.15  -246.74 81.83 108.37 -27.75 0.06 -0.12 0.70  -133.08 -10.41 40.30 -13.91 0.01 -0.17 1.18  83.11 62.55 9.95 -11.74 0.02 -0.07 1.14  4.23 -0.70 1.74 -2.45 2.98 0.00
0.44 -0.35 1.43  -123.42 11.84 65.59 -19.26 0.16 -0.02 0.53  -119.27 4.99 33.24 -5.27 0.05 -0.14 0.75  90.62 53.59 -0.33 -12.55 -0.08 -0.14 1.13  -4.87 -5.27 2.66 -7.57 0.99 0.00
0.61 0.38 1.03  -1.14 12.19 1.87 16.13 0.10 0.13 0.75  -48.27 19.53 4.73 8.41 0.02 -0.10 0.79  88.59 77.70 -3.34 -9.87 -0.06 -0.05 1.14  3.20 -15.15 -9.58 -4.14 0.58 0.00
0.35 0.56 0.90  56.89 32.40 -102.45 35.14 0.20 0.32 0.74  30.72 96.22 -0.99 25.29 -0.01 0.07 0.86  83.02 79.65 -15.82 2.63 -0.00 -0.03 1.09  9.16 -5.31 -17.10 -2.37 0.86 0.00
-0.09 0.28 1.07  126.65 17.64 -129.32 21.95 -0.25 0.22 0.63  114.12 132.58 4.93 24.18 -0.05 0.11 0.85  58.90 67.49 -19.76 8.02 -0.03 -0.08 1.05  5.45 -4.02 -10.18 -4.65 0.86 0.00
-0.08 -0.08 1.18  185.53 6.29 -111.59 0.81 -0.16 0.10 0.55  184.19 45.95 13.86 15.35 -0.09 0.13 0.95  44.66 59.94 -11.98 9.66 0.01 -0.02 1.04  6.16 -3.29 -5.80 -2.25 0.81 0.00
0.13 -0.27 1.11  183.04 -0.42 -113.25 -13.51 0.00 -0.03 0.49  206.71 71.91 16.53 0.31 -0.20 0.12 1.08  23.74 50.20 -7.40 8.09 -0.05 -0.03 1.03  -0.94 -0.96 -6.54 -2.08 0.84 0.00
-0.03 -0.55 1.18  157.05 -18.20 -96.23 -27.66 -0.14 -0.05 0.51  202.57 50.85 13.82 -5.56 -0.24 0.09 1.26  22.30 47.36 -0.27 5.53 -0.09 -0.02 1.01  -3.19 -6.78 -11.55 -1.68 0.81 0.00
-0.12 -0.44 0.88  118.34 -46.78 -22.25 -31.91 -0.18 -0.04 0.58  182.89 -21.68 -5.56 -4.47 -0.23 0.08 1.33  23.45 26.64 -4.50 4.55 -0.07 -0.02 0.99  -5.64 -10.60 -11.51 -1.37 0.49 0.00
0.02 -0.71 0.84  78.45 -66.36 4.27 -46.27 -0.02 0.17 0.64  141.40 -56.28 -24.63 14.17 -0.23 0.10 1.32  14.71 -11.85 -11.94 5.14 -0.08 0.01 0.97  -4.78 -13.66 -11.97 0.26 0.49 0.00
-0.13 -0.75 0.54  48.11 -50.13 20.49 -63.49 -0.06 0.24 0.68  76.14 -50.71 -27.70 22.24 -0.06 0.11 1.40  4.10 -15.35 -10.98 5.49 -0.10 0.00 0.95  -0.69 -10.05 -12.99 0.16 0.46 0.00
-0.38 -0.80 0.04  -50.70 4.94 26.53 -99.88 -0.06 0.29 0.62  -9.96 -27.36 -16.89 29.81 -0.07 0.15 1.45  -7.09 1.11 -11.37 6.90 -0.09 -0.01 0.98  5.62 -10.40 -11.52 -0.47 0.56 2.42
-0.01 -0.49 1.29  -89.92 24.60 59.01 -40.70 0.23 -0.14 1.01  -60.86 37.71 -0.85 -2.04 -0.12 -0.21 1.30  -31.97 9.26 -0.54 -7.97 0.03 0.12 1.08  17.58 1.96 -19.35 6.11 0.56 2.96
0.11 -0.29 1.18  -37.07 105.21 49.94 -22.07 0.00 -0.03 0.80  -70.18 24.29 -7.82 -2.80 0.01 -0.03 1.07  -37.64 -2.28 -25.06 -3.20 -0.07 0.09 1.10  14.41 12.65 -12.70 5.73 0.35 3.03
0.01 -0.09 1.07  -8.16 64.24 21.07 -9.11 0.12 -0.03 0.82  -47.47 -24.47 -9.07 -3.00 -0.11 0.19 0.91  -70.54 -66.50 -30.31 10.95 -0.08 -0.01 1.15  3.81 -9.85 -12.47 0.65 0.48 3.08
-0.04 -0.02 1.05  -0.47 23.13 5.90 -3.00 -0.03 -0.04 0.92  -39.06 19.86 -6.05 -3.11 0.26 -0.02 1.00  -72.70 -37.61 -7.50 0.65 0.08 -0.10 1.12  -6.58 -14.02 -25.87 -5.07 0.48 3.08
0.04 0.00 1.01  0.67 8.61 2.75 -0.60 0.15 0.01 0.95  -29.11 -3.86 -5.52 0.01 0.11 0.04 1.01  -66.53 -3.40 -8.40 2.13 0.07 0.02 1.10  1.82 -3.36 -11.22 0.18 0.42 3.08
0.03 0.01 1.01  -0.15 3.94 1.71 0.31 0.07 -0.00 0.98  -26.35 4.96 -0.37 -0.21 -0.06 0.02 1.03  -64.63 -53.62 -7.08 1.23 0.10 0.01 1.08  10.75 -5.54 14.13 0.52 0.45 3.08
0.04 0.01 1.00  -0.63 1.06 3.02 0.64 0.11 0.02 1.02  -24.62 -17.42 1.42 1.03 0.05 -0.01 1.04  -57.89 -96.32 -1.75 -0.17 0.11 -0.05 1.04  2.30 -6.09 15.13 -2.39 0.64 3.07
0.04 0.01 1.00  -0.55 2.03 5.21 0.76 0.09 0.05 1.05  -30.44 -23.42 3.27 2.87 0.23 0.02 1.04  -43.05 -61.16 1.72 0.74 0.08 -0.12 1.02  -5.59 2.94 10.75 -7.08 0.98 3.03
0.03 0.01 1.01  -2.30 2.13 6.38 0.85 0.11 0.04 0.96  -38.42 -6.03 5.28 3.17 0.14 0.02 0.97  -34.47 -18.65 4.99 1.35 0.08 -0.07 1.00  -2.44 8.88 2.49 -5.29 2.00 2.93
0.02 0.01 1.02  -6.45 -1.60 7.32 0.70 0.07 -0.00 0.90  -38.40 -18.52 5.68 0.46 -0.03 -0.00 0.93  -37.44 -30.29 3.53 0.12 0.07 0.00 0.96  -4.71 9.01 0.24 -0.85 2.62 2.16
0.01 0.02 1.03  -15.51 -6.79 8.11 1.15 0.06 -0.01 0.91  -39.46 -21.94 7.50 -0.74 -0.00 -0.02 0.95  -35.31 -49.76 10.42 -1.53 0.09 0.01 0.94  -11.66 10.26 2.25 0.57 2.85 0.74
0.04 -0.00 1.03  -32.21 -9.44 9.21 0.00 0.09 0.00 0.93  -46.24 -18.84 11.72 -0.03 0.12 -0.03 1.00  -27.80 -41.94 15.21 -2.31 0.12 -0.03 0.96  -8.87 17.83 -4.72 -1.91 2.96 0.18
0.08 -0.03 1.01  -52.53 -0.35 19.07 -1.74 0.12 -0.00 0.91  -57.42 -10.79 16.88 -0.18 0.15 -0.04 1.02  -22.48 -37.15 15.63 -2.88 0.06 -0.03 0.95  4.36 17.93 -5.51 -2.28 3.03 0.00
0.04 -0.05 1.02  -78.78 8.42 26.40 -3.31 0.05 -0.01 0.92  -74.44 -10.50 23.66 -1.03 0.09 -0.05 1.05  -15.64 -29.34 15.34 -3.35 0.03 0.04 0.88  13.82 10.22 -3.68 2.00 3.07 0.00
0.09 -0.03 1.04  -125.80 18.30 34.85 -2.30 0.11 -0.15 0.98  -98.31 -14.78 32.01 -8.81 0.14 -0.18 1.21  2.13 -26.67 20.97 -9.36 0.08 0.15 0.96  16.52 15.01 5.56 9.32 3.08 0.00
0.13 -0.03 1.01  -203.53 36.16 76.60 -2.39 -0.01 -0.21 1.10  -124.53 -33.49 30.18 -12.68 0.17 -0.16 1.38  31.75 14.75 18.47 -8.25 -0.01 0.13 1.08  14.42 8.22 18.75 8.68 3.11 0.00
0.10 -0.15 0.95  -246.74 93.61 138.73 -9.41 0.16 -0.41 1.15  -144.53 -55.84 27.84 -22.43 0.15 -0.26 1.35  82.45 60.97 20.74 -12.55 -0.05 0.00 1.13  6.53 5.49 23.47 1.88 3.12 0.00
0.05 -1.26 1.79  -232.30 3.19 84.53 -37.13 0.24 0.02 0.40  -141.11 -60.09 35.45 -1.95 0.08 -0.10 0.87  105.92 37.23 0.14 -9.16 0.00 -0.13 1.16  -8.86 11.75 26.48 -5.95 1.14 0.00
0.75 -0.19 1.30  68.15 -79.11 49.84 -15.82 0.12 0.02 0.59  -70.82 16.29 12.49 1.16 0.03 -0.42 0.64  97.53 40.68 -8.99 -35.08 -0.00 0.10 1.17  -7.39 4.60 23.14 3.67 0.85 0.00
0.38 0.36 0.73  116.11 14.50 -73.09 22.97 0.08 0.25 0.67  18.58 18.65 1.33 20.82 -0.00 -0.11 0.84  103.78 81.87 -19.44 -14.23 -0.11 -0.02 1.13  -2.29 8.69 8.11 -0.21 0.71 0.00
0.08 0.22 0.81  155.75 -30.22 -86.90 19.55 -0.10 0.33 0.58  105.21 65.37 -27.37 33.90 -0.12 0.06 0.86  88.04 80.00 -14.60 1.43 -0.13 -0.17 1.06  -7.19 -3.84 -5.16 -9.09 0.48 0.00
-0.02 -0.11 0.96  198.19 -28.42 -106.06 -2.44 -0.15 0.23 0.50  172.03 26.82 -34.32 31.61 -0.12 0.16 0.91  69.50 78.25 -5.56 10.42 -0.09 -0.08 1.05  1.68 -16.42 -13.76 -6.16 0.49 0.00
-0.04 -0.32 0.98  211.91 -37.40 -102.32 -18.43 -0.03 0.16 0.43  207.27 52.26 -34.68 27.30 -0.13 0.18 0.97  51.31 59.20 -16.28 12.99 -0.10 -0.01 1.02  -4.70 -22.10 -15.70 -2.08 0.28 0.00
0.02 -0.46 1.04  181.59 -27.13 -109.31 -27.27 0.01 0.05 0.41  220.36 57.84 -24.24 12.03 -0.09 0.24 1.11  25.56 18.23 -27.27 14.73 -0.04 -0.03 0.97  -3.87 -14.77 -13.84 -2.08 0.23 0.00
0.04 -0.60 0.90  146.60 -51.44 -105.34 -39.12 0.01 0.05 0.44  215.42 52.37 -16.92 9.64 0.01 0.25 1.15  4.49 21.82 -32.28 15.09 -0.07 -0.05 0.97  -3.12 -15.79 -3.29 -3.55 0.25 0.00
-0.03 -0.82 0.78  72.18 -66.36 -75.93 -54.12 -0.11 0.05 0.51  181.34 24.14 -26.53 7.65 -0.11 0.16 1.25  -16.76 37.09 -24.12 10.52 -0.07 0.03 0.96  -4.39 -20.93 -1.76 1.19 0.24 0.00
-0.21 -1.02 0.65  49.88 -59.00 -34.76 -68.23 -0.08 0.16 0.64  117.78 -10.73 -34.40 15.64 -0.18 -0.02 1.45  -23.15 2.67 -23.66 1.18 -0.03 0.05 0.97  -10.48 -18.69 -7.84 3.39 0.13 0.00
-0.37 -0.85 0.33  -0.90 -42.83 10.84 -82.31 -0.18 0.27 0.78  28.56 -29.94 -27.00 22.30 -0.20 0.02 1.43  -21.24 -4.06 -20.05 0.95 0.03 -0.01 0.93  -6.55 -16.05 -6.45 -0.11 0.18 0.00
-0.45 -0.08 0.87  -138.01 39.88 45.61 -21.65 -0.06 -0.17 1.31  -46.82 -9.16 -0.70 -3.15 -0.19 0.03 1.45  -14.47 -30.67 -9.18 1.37 0.04 0.04 0.99  0.52 -15.87 -2.13 2.17 0.23 2.65
0.57 -0.60 0.93  -49.84 85.99 76.57 -37.12 0.07 -0.12 1.05  -88.85 51.65 3.91 -7.13 0.19 -0.40 1.54  -21.70 -12.56 3.53 -14.19 0.09 0.12 1.16  25.07 14.81 -18.52 6.57 0.12 3.03
0.06 -0.18 1.05  -14.15 66.32 20.98 -17.39 -0.22 -0.09 0.81  -75.76 -31.24 -3.47 -7.81 -0.26 0.20 0.75  -33.87 -24.71 -22.73 11.98 -0.11 0.01 1.14  11.34 8.06 -15.41 1.81 0.11 3.08
0.03 -0.07 1.02  0.89 36.81 7.59 -7.12 0.28 0.00 0.81  -60.80 18.55 2.63 -1.49 0.24 0.18 0.82  -80.43 -73.32 -0.07 14.33 -0.12 -0.14 1.15  -4.62 -17.57 -29.18 -6.52 0.16 3.10
0.04 -0.02 1.01  3.69 14.13 2.39 -2.75 0.03 -0.03 0.92  -44.18 0.42 0.92 -2.12 0.27 -0.07 0.98  -72.21 -5.77 -1.49 -1.19 0.08 0.06 1.17  -9.20 -13.45 -31.76 1.86 0.19 3.11
0.06 -0.01 1.00  3.03 11.58 2.36 -1.24 0.22 0.03 0.96  -36.92 2.26 4.54 1.15 0.07 0.04 1.02  -67.88 -3.16 -6.87 2.01 0.10 0.00 1.10  1.25 -7.03 3.56 0.42 0.27 3.10
0.05 -0.01 1.00  3.99 12.16 4.14 -0.72 0.12 0.03 1.02  -34.89 2.17 7.76 1.90 -0.02 0.03 1.04  -61.05 -55.15 -4.09 1.80 0.13 -0.09 1.06  6.10 -8.56 19.45 -4.90 0.36 3.08
0.05 0.00 0.99  3.85 13.90 6.82 -0.11 0.11 0.05 1.03  -36.00 -16.45 10.00 3.00 0.09 0.01 1.03  -45.30 -83.64 1.64 1.08 0.14 -0.10 1.02  0.27 6.30 18.17 -6.80 0.41 3.08
0.03 0.01 1.00  2.32 12.59 9.50 0.68 0.10 0.04 1.00  -42.39 -2.59 11.28 2.72 0.11 -0.00 1.01  -37.68 -67.00 3.64 -0.03 0.09 -0.09 0.99  2.92 21.21 14.74 -6.35 0.28 3.03
-0.01 0.01 1.02  -3.57 5.40 10.38 0.85 0.05 -0.00 0.95  -45.54 -10.21 10.27 0.48 0.03 0.01 1.00  -36.78 -60.54 5.43 0.51 0.08 -0.00 0.94  4.15 23.59 8.84 -1.51 2.34 2.77
0.00 0.01 1.03  -13.29 -0.36 11.19 0.68 0.09 -0.00 0.91  -49.61 -6.58 10.26 -0.22 0.04 -0.01 0.95  -34.16 -51.77 13.82 -0.69 0.08 -0.02 0.93  -0.77 22.24 8.19 -1.30 2.82 1.16
0.01 0.00 1.04  -30.98 -6.27 15.49 0.21 0.07 -0.03 0.88  -54.98 -10.43 11.73 -2.36 0.08 -0.06 0.92  -30.70 -45.00 16.05 -3.97 0.06 -0.02 0.93  -1.38 27.16 -0.69 -1.24 2.98 0.32
0.03 -0.03 1.03  -57.84 -4.81 26.09 -1.74 0.08 -0.02 0.90  -62.65 -24.36 12.32 -1.85 0.09 -0.06 1.03  -25.70 -50.92 16.92 -4.04 0.02 0.04 0.92  4.92 27.35 -8.13 2.22 3.03 0.00
0.02 -0.05 1.03  -87.40 3.29 29.47 -3.24 0.07 -0.01 0.95  -81.24 -27.77 18.33 -1.34 0.14 -0.05 1.12  -16.92 -40.06 18.34 -3.43 0.05 0.04 0.85  11.17 21.53 -6.00 3.13 3.08 0.00
0.09 -0.04 1.03  -140.18 19.32 43.32 -2.95 0.10 -0.14 1.03  -108.25 -33.39 25.30 -7.92 0.19 -0.17 1.25  3.62 -27.87 16.76 -8.35 0.02 0.18 0.98  5.51 17.91 7.03 11.10 3.08 0.00
0.18 -0.01 1.03  -231.60 49.32 97.89 -1.14 0.02 -0.29 1.14  -139.92 -58.15 18.16 -15.78 0.16 -0.17 1.44  35.35 9.82 11.33 -8.34 -0.11 0.12 1.18  11.78 3.94 25.88 8.22 3.08 0.00
0.08 -0.35 0.98  -246.74 124.58 176.64 -20.12 0.03 -0.43 1.00  -147.57 -97.53 2.60 -26.42 -0.05 -0.30 1.30  94.45 46.82 19.47 -14.65 0.00 -0.10 1.17  12.66 10.55 33.93 -3.42 3.06 0.00
-0.04 -1.13 1.85  -186.30 -17.26 116.48 -35.53 0.17 -0.12 0.34  -126.35 -161.89 3.28 -24.65 -0.12 -0.28 0.81  124.53 -7.03 -1.62 -21.75 0.07 -0.15 1.13  2.07 13.25 34.21 -8.47 0.67 0.00
0.60 -0.13 1.15  21.21 -81.34 64.12 -13.63 0.18 0.18 0.55  -51.74 -44.75 -23.60 13.02 -0.01 -0.34 0.65  122.82 -0.64 -11.98 -31.39 -0.07 0.12 1.10  5.12 14.23 16.95 4.38 0.38 0.00
0.26 0.21 0.90  97.20 -53.27 -64.29 10.63 0.05 0.32 0.62  26.89 11.61 -42.99 30.01 0.05 -0.03 0.85  108.87 46.87 -29.66 -8.32 -0.20 0.02 1.07  0.22 14.42 -1.76 1.84 0.21 0.00
-0.23 0.17 0.99  163.54 -60.23 -83.88 11.85 -0.16 0.31 0.59  109.07 68.84 -58.66 33.74 0.11 0.05 0.82  97.14 86.87 -24.98 1.78 -0.09 -0.09 1.04  -3.56 1.01 -8.62 -4.39 0.09 0.00
-0.36 -0.06 1.00  215.92 -70.47 -83.21 -1.12 -0.38 0.25 0.52  186.57 29.32 -53.47 32.37 0.03 0.21 0.83  74.42 131.40 -12.67 14.85 -0.04 -0.02 1.04  -5.13 -6.71 -8.48 -2.19 0.15 0.00
-0.26 -0.39 1.01  221.43 -42.42 -106.16 -21.07 -0.05 0.15 0.37  225.41 54.78 -41.70 28.47 -0.20 0.24 0.96  42.17 89.09 -17.27 17.11 -0.12 -0.03 1.02  -14.59 -10.30 -8.91 -2.19 0.27 0.00
-0.19 -0.84 0.99  184.87 -34.42 -125.54 -44.45 -0.16 0.07 0.31  224.95 108.16 -19.74 17.88 -0.25 0.21 1.17  15.06 23.01 -24.92 13.88 -0.09 -0.02 0.98  -10.26 -19.93 -10.55 -1.58 0.36 0.00
-0.16 -0.87 0.79  147.29 -27.41 -106.08 -56.46 -0.19 0.05 0.40  198.99 74.95 -19.37 10.28 -0.19 0.21 1.21  -2.47 24.82 -20.66 12.66 -0.06 -0.01 0.97  -12.84 -30.18 -9.28 -1.01 0.26 0.00
-0.25 -0.88 0.68  86.97 -71.93 -80.31 -63.34 -0.14 0.10 0.53  159.60 19.36 -26.81 12.44 -0.21 0.12 1.27  -27.57 12.43 -14.33 7.92 -0.05 0.02 0.94  -1.66 -28.68 -10.83 0.85 0.23 0.00
-0.30 -1.03 0.56  48.26 -43.92 -43.34 -74.15 -0.04 0.19 0.64  96.30 9.37 -20.23 18.96 -0.09 0.02 1.43  -24.93 -11.57 -15.96 2.39 -0.04 0.06 0.93  -7.19 -26.74 -9.67 4.04 0.27 0.00
-0.34 -0.88 0.22  9.63 -22.14 2.09 -90.55 -0.17 0.26 0.76  17.47 -1.84 -12.18 22.65 -0.10 0.07 1.42  -33.69 -24.17 -18.70 3.43 0.01 -0.02 0.90  -12.94 -20.57 -4.32 -0.40 0.45 1.53
0.44 -0.86 1.33  -74.81 40.22 93.49 -50.99 0.53 -0.27 1.18  -38.42 20.00 -0.40 -8.59 -0.13 -0.21 1.50  -39.28 -12.60 2.62 -7.41 0.08 0.08 1.07  -1.33 -6.22 -9.83 3.96 0.49 2.98
-0.31 -0.33 1.20  -21.90 108.52 43.09 -25.74 -0.29 -0.20 1.03  -85.57 92.04 5.89 -12.49 0.06 -0.38 1.39  -41.61 12.91 -22.36 -16.69 0.09 0.10 1.17  10.39 25.27 -24.45 5.55 0.38 3.06
-0.03 -0.11 1.05  -1.37 25.83 15.19 -11.35 0.11 0.00 0.86  -61.73 -50.08 -11.77 -2.51 -0.35 0.37 0.76  -45.96 -46.27 -23.66 22.22 -0.17 -0.03 1.15  5.87 9.26 -16.90 -0.14 0.38 3.08
-0.00 -0.04 1.01  5.64 12.96 5.20 -4.63 0.12 -0.01 0.88  -51.73 23.77 -3.83 -1.32 0.32 0.01 0.83  -78.84 -73.01 -4.88 5.05 -0.03 -0.11 1.17  -3.66 -14.92 -23.53 -5.58 0.33 3.08
0.01 -0.01 1.01  3.86 4.71 1.26 -1.30 0.10 -0.00 0.98  -36.79 -1.07 -5.22 -0.39 0.20 -0.00 1.00  -64.89 -17.89 -6.03 0.78 0.16 -0.03 1.15  -6.39 -6.54 -21.05 -2.51 0.70 3.08
0.02 0.00 1.01  0.57 4.29 0.62 -0.22 0.13 0.01 1.01  -33.56 0.05 -1.42 0.61 0.08 0.01 1.03  -58.01 -22.22 -6.76 0.86 0.10 -0.02 1.11  3.36 3.05 6.33 -1.68 0.90 3.08
0.01 0.00 1.01  -2.75 1.78 0.96 0.16 0.13 0.02 1.05  -32.21 -17.61 1.44 1.41 0.05 -0.00 1.06  -52.04 -48.71 -9.68 -0.07 0.11 -0.06 1.10  5.55 2.57 17.49 -3.22 1.24 3.06
0.02 0.00 1.01  -4.33 1.87 3.80 0.11 0.12 0.05 1.04  -37.15 -18.65 3.98 2.85 0.10 0.02 1.04  -36.39 -59.14 -2.30 0.80 0.12 -0.08 1.08  -3.17 8.81 13.72 -5.15 2.10 2.96
0.01 -0.00 1.01  -5.12 1.77 5.94 -0.26 0.15 0.02 0.94  -39.95 -22.38 4.18 1.74 0.11 0.02 0.93  -28.09 -45.81 2.09 1.41 0.07 -0.11 1.04  -0.80 14.46 5.33 -7.08 2.57 2.75
-0.00 -0.01 1.01  -7.46 -0.91 6.31 -0.68 0.07 0.02 0.90  -38.44 -15.43 5.82 1.48 0.06 0.03 0.89  -28.81 -48.06 5.09 2.31 0.06 -0.02 1.00  -0.12 15.22 -1.56 -2.44 2.77 1.60
-0.00 -0.01 1.01  -12.89 -4.26 6.52 -0.65 0.07 0.01 0.90  -37.25 -15.30 6.30 0.87 0.04 0.00 0.93  -29.10 -48.85 8.92 0.46 0.08 0.02 0.98  -6.63 19.65 -0.65 0.65 2.88 0.62
0.01 -0.02 1.01  -21.91 -6.76 7.30 -1.33 0.09 0.02 0.89  -39.65 -16.06 7.45 1.23 0.09 -0.01 0.93  -24.60 -40.93 10.94 -0.62 0.08 -0.02 0.98  -7.36 25.24 -0.58 -0.95 2.96 0.04
0.04 -0.04 1.00  -31.07 -5.36 11.21 -2.56 0.12 0.01 0.86  -43.89 -15.15 9.72 0.89 0.10 0.01 0.93  -21.28 -44.53 14.82 0.44 0.05 -0.05 0.97  -2.88 28.78 -4.38 -3.03 3.03 0.00
0.02 -0.06 0.99  -42.77 -0.58 18.02 -4.22 0.10 0.02 0.85  -48.44 -19.76 13.03 1.39 0.08 -0.01 0.92  -21.60 -52.71 13.65 -0.52 0.01 -0.00 0.95  3.78 28.02 -5.87 -0.67 3.06 0.00
0.02 -0.09 0.99  -58.03 0.86 20.11 -5.94 0.07 0.03 0.88  -59.79 -21.59 17.33 2.44 0.07 -0.01 1.02  -16.74 -50.35 16.42 -0.77 0.02 0.04 0.94  4.86 25.08 -4.86 2.23 3.08 0.00
0.07 -0.08 1.01  -92.83 7.77 30.75 -5.83 0.10 -0.06 0.96  -77.21 -26.13 22.76 -3.40 0.18 -0.13 1.11  -4.31 -43.14 17.57 -7.04 -0.03 0.14 1.02  1.84 22.19 10.75 8.31 3.08 0.00
0.12 -0.04 1.02  -153.32 16.64 63.39 -3.26 0.03 -0.10 1.16  -111.48 -49.58 21.84 -5.89 0.21 -0.14 1.34  21.69 -0.80 6.79 -7.46 -0.09 0.10 1.16  9.39 5.73 25.27 6.67 3.08 0.00
0.03 -0.13 1.05  -246.74 34.64 112.19 -7.68 -0.05 -0.42 1.08  -139.67 -72.62 12.82 -22.50 -0.04 -0.25 1.39  70.52 59.15 15.56 -11.57 0.08 -0.08 1.16  12.31 15.91 28.73 -2.68 3.08 0.00
0.29 -1.08 1.42  -235.58 -83.65 64.56 -38.88 0.00 0.03 0.38  -131.91 -95.91 16.71 -0.49 -0.20 -0.14 0.89  110.75 22.29 18.92 -10.94 0.01 -0.17 1.15  -4.13 24.82 31.55 -8.77 0.98 0.00
0.36 0.04 1.21  -29.04 -203.53 71.21 -5.74 0.03 0.04 0.59  -65.89 -59.01 1.14 3.40 -0.06 -0.34 0.57  101.08 -19.06 7.23 -33.04 -0.17 0.07 1.17  0.98 5.62 25.81 1.71 0.77 0.00
0.61 0.21 0.83  14.28 -53.93 -46.79 12.87 0.14 0.28 0.59  12.78 -14.36 -11.52 25.84 0.02 -0.09 0.75  91.40 14.84 -6.69 -13.08 -0.19 0.04 1.15  5.34 -3.45 -3.51 2.12 0.68 0.00
0.06 0.04 1.02  116.49 42.67 -81.16 5.06 -0.01 0.26 0.57  83.74 52.02 -24.91 29.75 0.19 0.05 0.89  82.35 43.48 -14.70 0.80 -0.10 -0.07 1.10  1.82 -4.77 -18.98 -3.38 0.52 0.00
0.01 -0.12 0.92  184.36 25.74 -81.78 -6.42 -0.26 0.20 0.55  147.16 23.58 -13.79 25.77 0.16 0.12 0.87  61.77 104.45 -13.63 8.14 -0.05 -0.07 1.08  -1.26 -10.54 -13.58 -4.22 0.39 0.00
0.06 -0.39 0.94  182.68 39.95 -124.32 -23.64 0.06 0.16 0.45  177.40 65.71 2.82 25.38 -0.05 0.15 0.98  45.95 133.52 -10.60 10.25 -0.11 -0.05 1.06  -8.87 -19.20 -9.44 -3.74 0.34 0.00
0.14 -0.43 0.87  161.28 50.97 -152.20 -30.82 -0.11 0.05 0.45  179.87 136.18 25.22 11.93 -0.27 0.12 1.11  25.92 75.18 -19.19 8.20 -0.12 -0.04 1.03  -2.78 -26.35 -10.24 -3.18 0.35 0.00
0.23 -0.59 0.92  134.40 37.43 -160.51 -38.63 -0.04 0.06 0.53  178.88 117.01 32.83 9.29 -0.24 0.15 1.13  9.71 32.40 -17.22 9.26 -0.06 -0.05 1.00  -1.39 -36.48 -13.28 -3.25 0.34 0.00
0.23 -0.50 0.82  109.28 10.11 -133.22 -39.17 -0.07 -0.01 0.66  161.76 89.28 18.53 1.05 -0.13 0.07 1.27  9.77 35.85 -8.40 5.00 -0.08 -0.03 1.00  -2.13 -42.38 -14.61 -2.38 0.32 0.00
0.27 -0.45 0.68  50.51 -16.86 -128.24 -41.33 -0.01 0.07 0.77  129.17 70.91 6.96 5.80 -0.09 0.07 1.42  17.65 52.33 -5.26 3.91 -0.10 -0.02 0.99  0.25 -49.28 -17.07 -1.36 0.38 0.00
0.21 -0.40 0.55  -17.98 -13.89 -137.64 -44.17 -0.06 0.13 0.85  84.87 76.24 2.63 9.96 -0.09 0.12 1.30  -2.99 56.84 -7.76 6.25 -0.08 0.01 0.98  -1.43 -58.77 -17.29 0.16 0.40 0.00
0.26 -0.47 0.51  -67.72 -7.65 -138.71 -51.58 0.05 0.17 0.87  38.48 88.82 3.13 13.26 -0.07 0.11 1.32  -20.18 66.73 -10.02 6.16 -0.12 0.02 0.99  -3.94 -68.67 -18.51 1.06 0.42 0.00
0.30 -0.41 0.43  -114.82 1.74 -141.01 -54.43 -0.04 0.14 0.87  -6.13 120.97 4.60 11.81 -0.07 0.07 1.23  -35.41 76.20 -13.03 4.49 -0.11 0.02 0.97  -3.41 -74.64 -25.23 1.19 0.44 0.00
0.33 -0.43 0.31  -197.08 -29.50 -119.93 -65.47 -0.01 0.14 0.88  -41.57 131.31 -0.42 11.45 -0.07 0.12 1.17  -54.83 89.81 -20.94 6.56 -0.10 0.01 0.97  -3.12 -75.16 -28.36 0.69 0.31 1.22
0.28 -0.51 1.30  -49.15 50.01 62.61 -34.75 -0.15 -0.46 1.11  -59.71 100.41 -20.08 -20.09 -0.10 -0.58 1.38  -45.76 123.79 -12.90 -21.35 0.12 0.24 1.16  -12.80 -69.09 -38.92 11.88 0.46 2.91
-0.12 -0.23 1.12  -20.67 127.67 40.86 -18.54 -0.32 -0.07 0.96  -60.92 24.53 -29.97 -8.13 -0.38 -0.15 1.16  -19.51 90.66 -48.82 -11.90 0.03 0.01 1.16  4.08 -42.18 -31.99 2.93 0.48 2.96
-0.01 -0.08 1.03  0.92 28.23 13.70 -8.26 -0.10 -0.04 0.82  -41.09 11.68 -28.40 -4.80 -0.45 0.22 0.79  -36.58 -27.29 -24.81 12.99 -0.09 -0.01 1.08  -4.62 -60.80 -24.25 0.29 0.52 2.98
0.14 -0.03 0.96  15.34 31.24 16.45 -3.26 0.06 0.00 0.91  -18.01 10.61 -30.50 -0.68 0.32 0.06 0.91  -60.68 -35.05 -19.69 6.36 -0.10 -0.06 1.08  -8.32 -76.25 -29.77 -3.27 2.56 3.01
-0.03 -0.00 1.02  12.19 20.29 12.44 -0.91 -0.06 -0.02 1.09  -12.88 21.16 -25.75 -1.19 0.18 -0.06 1.14  -62.16 38.78 -23.47 -1.62 0.06 -0.02 1.09  -15.87 -81.24 -36.60 -1.96 2.80 3.02
0.01 0.00 1.01  6.98 10.23 6.49 -0.16 0.04 0.01 1.12  -20.57 34.76 -22.78 0.46 0.10 0.03 1.20  -50.71 67.26 -6.49 1.24 0.02 -0.06 1.10  -14.86 -87.48 -33.11 -3.41 2.88 3.02
-0.00 0.00 1.01  2.66 6.16 3.33 0.09 0.06 0.01 1.09  -26.68 32.87 -17.43 0.59 0.11 -0.02 1.06  -40.73 77.06 -13.27 -0.97 -0.03 -0.07 1.11  -12.35 -112.35 -29.23 -4.42 2.93 3.02
0.01 0.00 1.01  0.48 5.79 1.64 0.21 0.10 0.02 1.01  -30.47 34.16 -11.86 0.95 0.11 0.02 1.01  -35.70 69.13 -10.86 1.09 0.04 -0.05 1.08  -15.22 -125.64 -35.86 -3.45 2.93 3.01
0.01 0.00 1.01  0.60 6.62 1.50 0.06 0.11 -0.00 0.92  -26.41 31.56 -6.99 0.07 0.16 0.04 0.90  -31.27 67.79 -4.10 2.83 0.07 -0.03 1.05  -14.61 -133.32 -39.66 -2.53 2.95 3.00
-0.01 0.00 1.02  1.04 6.48 0.79 0.09 0.07 -0.01 0.90  -18.44 34.86 -3.33 -0.63 0.17 0.04 0.88  -44.81 86.88 -5.02 2.90 0.06 -0.06 1.02  -9.05 -136.80 -41.52 -3.66 2.96 2.98
-0.01 0.00 1.01  0.66 6.23 -0.57 0.28 0.08 0.01 0.97  -14.31 40.90 -0.80 0.52 0.11 0.02 0.92  -47.34 102.54 0.22 1.44 0.10 -0.04 1.00  -6.59 -134.22 -47.71 -2.90 2.96 2.96
-0.01 0.01 1.02  -0.73 6.93 -1.64 0.80 0.08 0.02 1.04  -18.90 46.14 2.56 1.25 0.05 -0.05 0.99  -39.58 117.97 4.34 -2.47 0.18 -0.03 1.00  -3.18 -122.44 -47.87 -2.06 2.96 2.93
-0.02 0.01 1.02  -2.32 7.51 -1.25 0.56 0.08 0.01 0.97  -21.30 38.69 5.18 1.10 -0.02 -0.02 0.98  -27.36 105.58 2.95 -1.47 0.21 -0.02 1.01  3.89 -109.46 -40.04 -1.77 2.98 2.86
-0.03 0.00 1.02  -3.04 6.93 -1.68 0.35 0.08 0.01 0.91  -18.90 33.22 8.01 0.96 0.03 0.01 0.89  -21.93 70.16 2.28 0.04 0.17 -0.01 1.05  4.81 -102.74 -35.51 -1.12 2.98 2.76
-0.01 -0.00 1.01  -1.98 8.42 -0.50 -0.10 0.08 0.02 0.89  -11.86 20.20 10.06 1.22 0.13 0.03 0.85  -15.75 52.10 3.02 2.07 0.18 0.01 1.09  1.61 -98.07 -34.77 0.52 3.00 2.65
-0.04 0.01 1.02  -3.31 9.57 0.69 0.35 0.06 0.00 0.90  -5.96 15.72 12.34 0.29 0.15 0.00 0.82  -10.97 58.77 5.41 0.61 0.25 0.04 1.10  -11.74 -93.54 -32.90 1.92 3.00 2.20
-0.07 0.00 1.02  -5.11 6.72 -1.15 0.31 0.01 0.01 0.92  -2.92 9.69 12.89 0.66 0.02 -0.01 0.84  -9.22 70.85 12.00 -0.89 0.29 -0.05 1.10  -11.84 -76.73 -34.58 -2.38 3.02 1.60
-0.05 0.00 1.02  -6.84 5.48 -5.25 0.13 0.03 0.01 0.90  -0.11 12.24 15.53 0.58 0.03 -0.00 0.90  2.82 67.65 21.69 -0.42 0.31 -0.09 1.09  -6.71 -59.28 -32.26 -5.22 3.02 0.76
-0.05 -0.00 1.02  -9.18 7.25 -8.29 -0.18 0.02 0.01 0.95  2.31 6.80 17.98 0.68 0.04 -0.01 0.95  7.33 54.18 22.47 -0.85 0.22 -0.06 1.08  -5.60 -36.84 -30.41 -4.44 3.03 0.27
-0.06 0.00 1.03  -11.53 9.37 -13.90 0.05 0.02 0.03 1.08  -6.37 7.67 22.89 1.87 -0.03 -0.03 1.10  13.57 55.28 27.74 -1.83 0.11 -0.07 1.05  -4.71 -28.36 -29.62 -4.65 3.03 0.00
-0.03 0.02 1.09  -19.91 29.20 -24.54 1.23 0.05 0.04 1.20  -30.10 2.20 33.56 2.35 -0.10 -0.08 1.37  45.48 92.87 49.38 -3.59 0.10 -0.10 1.06  -0.44 -34.96 -24.27 -6.16 2.98 0.00
0.02 0.05 1.14  -50.47 73.12 -42.76 2.84 0.10 -0.15 1.05  -61.52 25.15 58.65 -7.73 0.02 -0.10 1.44  75.59 92.66 68.07 -4.68 -0.13 -0.14 1.05  0.61 -56.22 -18.56 -8.54 2.80 0.00
0.11 -0.08 1.03  -69.30 110.91 -41.17 -3.67 0.17 -0.07 0.70  -55.69 51.20 74.43 -7.46 0.21 -0.01 1.23  63.88 63.11 55.24 -1.40 -0.25 0.01 1.05  8.84 -76.71 -21.99 -1.23 1.00 0.00
0.26 -0.58 1.00  -36.88 136.98 -131.22 -30.98 0.42 0.27 0.39  -39.59 98.71 99.27 33.60 0.45 0.13 1.02  33.21 45.16 10.07 7.19 -0.17 0.09 1.08  8.21 -93.80 -35.68 4.39 0.63 0.00
0.48 -0.30 0.62  -21.79 157.21 -248.17 -32.16 0.53 0.30 0.40  -43.07 250.38 124.83 43.50 0.61 0.20 0.94  -3.25 103.84 -26.78 13.52 -0.15 0.03 1.08  7.34 -102.08 -46.65 2.34 0.53 0.00
0.32 -0.21 0.67  -38.33 176.75 -250.03 -23.96 0.23 0.23 0.49  -40.95 250.38 132.23 34.09 0.46 0.09 0.89  -36.90 184.94 -45.69 8.53 -0.11 0.01 1.05  6.85 -107.45 -43.76 1.29 0.56 0.00
0.25 -0.15 0.79  -45.94 150.57 -250.03 -15.78 0.13 0.14 0.54  -27.53 250.38 125.56 21.05 0.20 -0.08 0.80  -33.31 249.09 -48.37 -4.35 -0.02 -0.02 1.05  -0.52 -108.48 -37.58 -1.03 0.61 0.00
0.27 -0.15 0.90  -38.17 132.43 -250.03 -12.40 0.08 0.05 0.58  -8.50 250.38 110.32 8.84 -0.07 -0.26 0.79  -13.86 249.09 -57.45 -19.45 -0.01 -0.04 1.05  -8.35 -112.24 -34.25 -2.39 0.56 0.00
0.30 -0.12 0.91  -26.50 116.06 -250.03 -10.02 0.06 0.01 0.58  14.85 250.38 93.01 2.56 -0.28 -0.21 0.85  16.02 247.33 -58.45 -17.88 -0.00 -0.01 1.04  -7.06 -111.13 -35.56 -0.82 0.50 0.00
0.26 -0.11 0.93  -16.00 92.51 -222.71 -8.75 -0.02 -0.01 0.60  41.30 215.81 66.60 -0.27 -0.34 -0.11 1.04  17.97 164.10 -50.11 -9.74 0.04 0.01 1.01  -2.47 -106.05 -37.63 0.27 0.43 0.00
0.15 -0.18 0.99  7.20 58.03 -183.80 -11.87 -0.01 0.02 0.65  64.01 165.51 46.50 1.65 -0.12 -0.06 1.08  24.07 142.16 -38.45 -4.87 0.03 0.02 0.99  -1.09 -103.34 -35.30 1.43 0.39 0.00
0.18 -0.21 0.97  18.41 46.67 -150.27 -14.30 0.02 0.03 0.66  75.76 130.84 36.47 2.76 0.03 0.00 1.05  27.08 148.48 -28.06 -0.90 0.02 0.02 1.00  -4.26 -98.66 -36.03 1.25 0.36 0.00
0.21 -0.16 0.90  25.92 31.78 -138.37 -12.82 0.06 0.07 0.65  82.43 124.16 29.60 6.47 -0.03 0.03 1.14  31.72 122.78 -20.38 1.41 0.01 -0.01 0.98  -1.98 -91.33 -36.41 -0.14 0.51 0.00
0.22 -0.16 0.88  23.57 20.84 -138.38 -12.54 0.05 0.08 0.67  93.63 119.37 23.50 8.09 -0.19 0.15 1.01  1.88 96.77 -22.62 8.81 0.05 0.01 0.98  -1.78 -82.16 -33.89 0.63 0.48 0.00
0.09 -0.37 0.90  39.27 -2.29 -126.51 -24.72 -0.08 0.11 0.68  93.53 102.22 9.69 10.79 -0.26 0.13 1.10  -14.65 84.55 -16.47 8.45 -0.00 0.00 0.98  -1.30 -77.22 -29.85 0.36 0.56 0.00
-0.13 -0.46 0.84  41.45 -16.61 -68.40 -33.54 -0.19 0.09 0.71  79.99 37.05 -5.01 9.53 -0.17 0.02 1.30  -4.49 54.21 -8.12 2.55 -0.00 0.03 0.98  -3.10 -72.29 -26.81 1.57 0.48 0.00
-0.12 -0.45 0.73  28.47 -24.49 0.20 -38.42 -0.15 0.12 0.77  48.53 -17.50 -15.95 11.05 -0.17 0.05 1.27  -10.81 26.81 -9.00 2.65 0.03 0.05 0.97  -7.15 -64.92 -23.21 3.15 0.38 0.00
-0.01 -0.30 0.52  -37.63 -7.29 23.72 -37.82 -0.04 0.12 0.80  3.43 -21.51 -12.49 10.63 -0.16 0.06 1.31  -21.08 24.63 -8.23 2.90 0.01 0.06 0.98  -11.97 -54.61 -18.57 4.35 0.39 0.00
0.03 -0.00 0.91  -130.38 18.95 -5.16 -7.76 -0.04 -0.02 1.05  -30.38 20.45 4.35 1.22 -0.13 0.04 1.21  -39.59 5.23 -10.59 2.57 0.01 0.02 0.99  -12.57 -42.50 -14.96 1.87 0.31 1.54
0.13 -0.36 1.24  -48.72 13.50 48.57 -17.89 -0.01 -0.07 1.14  -36.05 22.49 -2.63 -3.49 -0.11 -0.16 1.40  -39.85 12.43 -0.66 -6.13 0.07 0.00 1.05  -7.45 -24.18 -16.80 0.54 0.44 2.75
0.12 -0.15 1.10  -15.29 98.44 34.16 -11.21 0.09 -0.00 1.04  -44.45 0.08 -9.30 -0.83 -0.00 -0.08 1.32  -32.73 13.29 -23.47 -4.86 0.06 -0.04 1.08  0.44 -2.68 -12.43 -1.78 0.43 2.91
-0.09 -0.07 1.06  -2.35 47.29 13.73 -6.28 -0.07 -0.06 0.90  -43.30 13.19 -5.27 -3.76 -0.21 0.14 0.99  -48.85 -47.75 -25.37 6.78 -0.04 -0.01 1.07  2.21 -7.12 -1.64 -0.90 0.25 2.98
-0.03 -0.04 1.03  4.49 8.83 1.94 -3.22 -0.03 -0.03 0.91  -29.55 13.39 -9.91 -2.68 0.02 0.03 0.93  -73.03 -59.33 -6.23 3.02 -0.09 -0.04 1.12  5.94 -16.17 -10.44 -2.05 0.35 3.05
0.03 -0.01 1.01  4.71 6.49 0.41 -1.24 0.08 0.01 1.02  -25.59 17.72 -12.79 0.00 0.25 0.01 1.02  -73.47 7.74 -10.57 1.23 0.07 -0.11 1.13  -9.77 -19.47 -26.83 -6.17 0.44 3.08
0.03 -0.01 1.00  3.37 8.39 0.81 -0.65 0.13 0.02 1.01  -29.57 28.84 -7.80 0.98 0.10 0.01 1.06  -59.18 30.23 -5.99 0.83 0.15 -0.04 1.14  -15.66 -15.08 -22.32 -3.10 0.54 3.08
0.02 -0.00 1.00  4.11 7.07 1.67 -0.31 0.08 0.02 1.03  -31.17 9.20 -2.88 1.17 -0.05 -0.00 1.08  -49.50 -5.73 -3.92 -0.03 0.10 -0.02 1.13  -1.30 -16.01 -0.53 -1.46 0.55 3.08
0.02 0.00 1.01  5.06 9.00 3.69 -0.02 0.09 0.05 1.02  -35.18 3.87 4.19 2.77 -0.01 0.01 1.04  -41.39 -65.04 -4.76 0.21 0.12 -0.08 1.05  3.44 -15.78 8.47 -4.69 0.57 3.08
-0.00 0.00 1.01  7.04 8.51 6.02 0.26 0.11 0.04 0.94  -37.05 -2.77 5.25 2.74 0.12 0.05 0.93  -31.95 -64.58 1.82 3.27 0.14 -0.08 1.01  6.20 -4.92 7.64 -5.61 0.68 3.06
-0.02 0.02 1.01  5.43 4.72 6.70 0.91 0.03 0.01 0.89  -36.37 4.38 6.91 1.04 0.09 0.06 0.87  -36.74 -34.39 4.89 4.32 0.14 -0.01 0.97  2.08 7.38 5.43 -1.83 0.89 3.01
-0.02 0.02 1.02  1.23 -0.06 7.41 1.34 0.05 0.01 0.91  -35.08 -8.91 7.53 0.63 0.00 0.00 0.96  -44.12 -40.19 4.29 0.85 0.13 0.01 0.95  -1.39 12.07 8.14 0.04 2.25 2.82
-0.01 0.02 1.03  -7.39 -2.37 7.77 1.23 0.06 -0.01 0.94  -42.19 -16.04 10.30 -0.34 0.03 -0.02 1.01  -43.60 -58.46 5.48 -1.31 0.14 -0.02 0.95  -3.35 18.99 13.62 -1.08 2.80 1.42
0.00 0.04 1.07  -30.20 -1.94 13.08 2.28 0.05 -0.05 0.94  -53.68 -24.76 12.79 -2.91 0.04 -0.06 0.96  -36.11 -47.96 12.34 -4.15 0.09 -0.03 0.96  2.32 21.79 11.26 -2.20 2.96 0.20
0.04 0.01 1.08  -65.33 7.56 27.85 0.93 0.06 -0.05 0.95  -70.66 -27.60 18.14 -3.58 0.12 -0.12 1.03  -23.84 -45.07 19.55 -7.24 0.06 0.03 0.99  9.26 13.58 1.19 1.29 3.03 0.00
0.09 0.02 1.11  -120.75 32.67 41.86 1.05 0.10 -0.14 1.10  -98.19 -21.32 26.47 -7.98 0.26 -0.29 1.20  -5.51 -20.87 15.31 -15.04 -0.01 0.21 1.10  10.23 7.39 4.58 10.95 3.03 0.00
0.19 0.06 1.14  -205.44 73.93 80.68 3.33 0.07 -0.26 1.29  -147.31 -29.68 25.55 -13.12 0.27 -0.26 1.57  41.25 34.30 1.82 -12.23 -0.02 0.10 1.22  12.16 -3.57 11.24 6.84 2.98 0.00
0.04 -0.13 1.07  -246.74 159.54 163.06 -6.54 0.10 -0.49 1.09  -168.93 -56.18 4.51 -26.95 0.01 -0.30 1.38  104.40 72.67 6.99 -14.46 0.04 -0.14 1.20  5.61 15.61 20.25 -5.15 2.78 0.00
0.42 -0.69 1.91  -160.15 8.06 78.11 -21.26 0.11 -0.16 0.60  -129.26 -142.83 6.89 -20.05 -0.15 -0.28 0.61  131.34 28.47 -10.09 -27.46 0.02 -0.20 1.16  -5.77 9.11 26.76 -10.68 0.90 0.00
0.67 0.21 1.23  2.09 -13.33 -71.13 5.61 0.41 0.10 0.66  -58.40 27.95 -10.79 4.46 -0.00 -0.27 0.63  124.07 38.93 -15.60 -28.73 -0.06 0.01 1.19  0.55 8.07 7.83 -1.43 0.88 0.00
-0.10 0.42 1.10  96.87 -41.42 -109.32 22.17 -0.09 0.20 0.62  32.95 123.39 -40.00 18.52 0.06 -0.07 0.86  117.64 68.69 -16.73 -10.12 -0.09 -0.09 1.15  7.27 8.04 -4.41 -4.61 0.84 0.00
-0.30 0.19 1.03  178.95 -64.01 -86.49 15.19 -0.40 0.26 0.56  141.01 29.46 -38.74 28.68 0.02 0.08 0.76  94.53 82.24 -8.23 4.25 0.00 -0.15 1.07  11.11 10.57 -9.88 -8.75 0.57 0.00
-0.22 -0.04 1.04  216.67 -61.01 -87.13 0.92 -0.04 0.29 0.44  209.41 10.10 -37.11 39.26 -0.09 0.29 0.82  69.48 77.33 -4.03 20.27 -0.07 -0.04 1.04  13.66 3.90 -8.99 -3.98 0.40 0.00
-0.21 -0.37 1.16  199.91 -29.22 -115.35 -17.50 -0.12 0.13 0.33  240.63 80.40 -6.51 28.97 -0.14 0.30 0.98  30.72 22.10 -18.07 21.13 -0.12 -0.01 1.01  4.80 2.01 -7.89 -1.19 0.39 0.00
-0.11 -0.73 1.05  182.31 -14.75 -110.83 -38.11 -0.10 0.04 0.28  243.54 63.77 13.95 15.15 -0.08 0.30 1.02  2.13 25.84 -19.35 20.81 -0.12 -0.03 0.99  2.36 -7.54 -9.13 -1.74 0.30 0.00
-0.15 -0.75 0.73  89.09 -30.97 -80.63 -53.44 -0.22 0.03 0.37  217.21 39.03 6.98 7.39 -0.18 0.17 1.20  -28.67 17.02 -7.33 12.27 -0.12 0.04 0.99  -8.21 -22.05 -11.32 2.17 0.28 0.00
-0.09 -1.32 0.65  24.06 -62.45 -48.80 -74.57 -0.12 0.19 0.52  156.04 -29.58 -12.19 21.35 -0.22 0.01 1.36  -26.76 6.83 -1.50 3.03 -0.11 0.07 0.99  -14.97 -33.18 -10.06 4.43 0.36 0.00
-0.27 -1.20 0.01  7.38 -50.55 10.78 -104.33 0.01 0.33 0.65  45.22 -24.78 -11.79 31.55 -0.11 -0.07 1.51  -27.12 1.76 -11.31 -2.14 0.00 0.01 0.97  -12.66 -29.76 -9.21 1.24 0.35 0.00
0.74 -1.19 1.40  -100.03 12.03 117.81 -61.17 0.43 -0.25 1.15  -36.73 -10.16 -4.79 -6.14 -0.12 -0.15 1.40  -35.96 -8.74 -11.45 -6.47 0.07 0.03 1.11  -3.06 -16.31 -8.91 1.96 0.52 2.75
-0.13 -0.43 1.17  -26.34 135.37 56.23 -32.52 -0.31 -0.23 1.05  -89.00 101.29 1.08 -13.75 0.16 -0.30 1.40  -47.07 12.83 -22.20 -13.67 0.08 0.10 1.22  12.71 9.94 -22.28 5.22 0.38 3.00
-0.07 -0.14 1.06  -4.24 32.09 16.50 -14.05 0.09 0.00 0.92  -71.18 -52.73 -12.44 -2.75 -0.38 0.19 0.83  -39.03 -18.27 -17.28 10.14 -0.12 -0.05 1.17  5.09 1.59 -18.19 -1.22 0.37 3.06
0.03 -0.06 1.01  3.31 7.33 4.72 -6.16 -0.02 -0.05 0.90  -61.15 3.74 -7.93 -3.54 0.14 0.14 0.82  -64.26 -55.06 -4.46 11.49 -0.05 -0.15 1.12  -3.80 -12.16 -26.91 -7.87 0.33 3.08
0.03 -0.03 1.00  1.89 0.49 0.35 -2.92 0.17 0.00 0.96  -47.05 -5.88 -6.40 -0.46 0.17 -0.00 0.99  -65.66 -51.90 -8.89 2.10 0.12 -0.01 1.16  -2.22 -6.44 -23.01 -1.88 0.30 3.08
0.04 -0.01 1.00  -1.29 -2.56 0.02 -1.44 0.13 0.02 1.03  -43.80 -7.20 -1.92 0.98 0.17 0.02 1.01  -61.53 -37.31 -5.62 1.64 0.10 0.01 1.13  7.64 3.21 5.69 0.25 0.26 3.05
0.05 -0.01 1.00  -4.35 -2.88 2.84 -0.89 0.15 0.02 1.03  -45.77 -7.63 2.72 1.11 0.10 0.01 1.03  -52.05 -48.29 -7.04 0.75 0.10 -0.07 1.11  3.26 -3.09 16.30 -3.72 0.45 2.93
0.04 -0.01 1.00  -10.12 -4.35 6.78 -0.78 0.09 0.01 0.98  -45.95 -25.16 4.77 0.64 0.10 0.00 0.96  -41.49 -46.85 0.27 0.33 0.13 -0.11 1.11  -3.84 3.23 9.62 -6.21 1.14 2.32
0.04 -0.02 1.00  -18.70 -8.44 9.04 -1.35 0.08 0.02 0.91  -46.70 -12.12 6.83 1.35 0.04 -0.02 0.89  -32.57 -44.50 3.77 -1.31 0.11 -0.10 1.07  -0.07 14.07 -0.99 -6.74 2.32 0.78
0.03 -0.05 0.99  -26.27 -10.48 9.87 -3.02 0.07 0.02 0.88  -44.84 -25.36 6.74 1.44 0.02 0.02 0.91  -30.50 -50.73 5.36 0.69 0.09 -0.03 1.01  2.31 21.23 -5.62 -3.23 2.70 0.09
0.08 -0.07 0.98  -31.43 -10.72 15.26 -4.48 0.06 0.02 0.86  -44.62 -26.34 7.31 1.42 0.03 -0.01 0.91  -24.69 -59.77 11.09 -0.46 0.10 -0.02 0.97  -0.58 28.27 -0.06 -1.79 2.83 0.00
0.08 -0.10 0.94  -34.95 -7.43 24.53 -6.98 0.13 0.06 0.84  -45.61 -29.55 8.47 4.20 0.07 0.06 0.91  -19.60 -64.50 14.40 3.49 0.10 -0.03 0.93  -0.03 40.17 -1.41 -2.51 2.93 0.00
0.06 -0.12 0.95  -41.11 -6.21 34.71 -8.58 0.09 0.02 0.84  -51.05 -31.78 10.43 1.95 0.08 0.01 0.96  -22.85 -73.06 17.29 1.27 0.00 -0.02 0.92  3.40 37.49 -2.12 -1.51 3.00 0.00
0.02 -0.12 0.97  -62.30 -4.01 34.76 -8.99 0.01 0.01 0.94  -64.71 -33.02 18.15 1.01 0.11 -0.04 1.08  -20.06 -58.55 19.32 -1.80 -0.03 0.01 0.87  13.74 28.17 -2.60 0.28 3.03 0.00
0.10 -0.08 1.01  -115.90 8.25 39.21 -6.59 0.13 -0.12 1.06  -95.86 -23.40 30.95 -6.44 0.22 -0.21 1.27  0.62 -31.70 22.29 -9.70 -0.04 0.17 1.03  3.95 23.59 5.63 9.57 3.03 0.00
0.29 -0.06 1.02  -210.49 44.10 94.55 -4.56 0.04 -0.26 1.27  -139.74 -43.75 24.18 -12.98 0.28 -0.17 1.52  34.43 26.68 7.65 -8.38 -0.18 0.17 1.24  11.10 2.21 33.08 9.88 3.02 0.00
-0.10 -0.43 1.30  -246.74 61.92 151.71 -19.34 0.20 -0.45 0.95  -151.08 -69.66 20.00 -28.24 0.02 -0.29 1.25  96.79 63.75 7.92 -14.62 -0.03 -0.08 1.20  5.59 2.78 42.94 -1.77 2.37 0.00
0.46 -0.15 1.58  -40.93 -16.31 120.79 -9.31 0.25 -0.16 0.65  -83.31 -89.74 19.42 -19.94 -0.00 -0.40 0.55  106.80 11.97 -10.98 -39.11 0.05 -0.06 1.18  -7.23 -2.82 39.68 -3.33 0.78 0.00
0.69 0.22 1.00  73.29 -44.07 21.50 10.63 0.13 0.17 0.66  7.63 -42.87 -16.18 10.61 -0.01 -0.16 0.69  97.07 47.21 -12.54 -21.02 -0.13 0.08 1.18  -5.97 -0.18 6.41 3.04 0.54 0.00
0.31 0.19 0.90  118.06 -18.91 -74.61 14.36 0.11 0.25 0.61  83.12 34.97 -43.21 24.29 -0.04 -0.02 0.82  92.93 52.65 -21.96 -5.59 -0.22 -0.08 1.13  -3.56 -2.21 -9.27 -3.47 0.54 0.00
-0.11 -0.09 1.04  170.86 -39.37 -86.87 -2.24 -0.22 0.16 0.54  152.92 52.00 -52.10 21.07 0.06 0.09 0.77  79.86 95.36 -22.47 5.84 -0.08 -0.13 1.08  -8.78 -20.47 -12.22 -7.61 0.41 0.00
-0.07 -0.38 1.05  193.15 -28.20 -80.33 -20.13 -0.09 0.11 0.47  195.32 26.75 -54.02 17.97 -0.01 0.21 0.89  58.05 114.71 -17.01 14.81 -0.05 -0.10 1.08  -8.45 -21.83 -11.38 -7.09 0.36 0.00
0.03 -0.52 1.01  181.31 -19.71 -122.16 -30.99 0.01 0.07 0.44  205.18 87.73 -44.60 12.71 -0.22 0.19 1.08  35.74 43.13 -28.06 12.84 -0.08 -0.08 1.02  -8.68 -24.93 -8.33 -5.75 0.41 0.00
-0.10 -0.59 0.98  144.05 -20.81 -150.35 -37.39 -0.10 0.00 0.53  200.21 117.06 -22.28 3.03 -0.15 0.25 1.05  10.45 10.47 -29.98 16.01 -0.04 -0.06 0.99  2.98 -24.99 -6.93 -4.81 0.39 0.00
-0.29 -0.70 0.94  91.40 -11.42 -98.94 -44.21 -0.25 -0.02 0.63  185.69 74.17 -17.31 -1.29 -0.02 0.17 1.22  -6.93 48.61 -17.61 11.16 -0.06 -0.08 0.98  2.97 -31.39 -1.16 -5.89 0.24 0.00
-0.48 -0.94 0.69  63.32 -67.20 -36.27 -62.35 -0.24 0.13 0.79  135.78 -7.97 -24.28 9.32 -0.12 0.01 1.49  -2.08 42.74 -13.12 2.54 -0.03 0.00 0.97  8.49 -31.59 -5.48 -1.12 0.15 0.00
-0.39 -0.88 0.28  19.18 -71.32 6.44 -84.76 -0.12 0.27 0.85  46.08 -39.74 -14.95 19.56 -0.18 -0.05 1.47  -1.77 35.20 -9.34 -1.50 -0.01 0.06 0.97  4.81 -27.33 -8.09 3.63 0.13 0.00
-0.14 -0.73 0.34  -43.77 -50.05 28.64 -82.08 -0.06 0.21 0.77  -34.42 -48.67 -5.63 18.93 -0.28 0.06 1.32  0.63 6.49 -7.78 2.16 -0.01 0.04 0.90  0.84 -26.18 -2.26 3.12 0.12 0.00
0.48 -0.20 1.49  -108.71 46.84 126.16 -24.14 0.54 -0.29 1.27  -53.27 -48.69 0.79 -9.12 -0.18 0.08 1.16  -19.51 -32.06 -2.89 4.47 -0.05 0.09 1.01  3.81 -17.18 -8.00 5.46 0.26 2.67
-0.18 -0.37 1.24  -24.56 128.96 59.32 -21.66 -0.18 -0.27 1.02  -94.52 121.74 14.34 -16.66 0.35 -0.39 1.50  -29.24 -9.15 -1.82 -13.83 0.17 0.20 1.19  7.68 10.18 -25.58 10.77 0.15 3.03
-0.14 -0.14 1.08  -1.58 29.35 14.39 -11.67 -0.13 -0.06 0.83  -72.03 -43.20 -4.94 -7.29 -0.38 0.13 0.79  -41.44 -9.77 -26.46 6.65 -0.05 0.02 1.14  3.74 17.43 -11.40 2.96 0.22 3.06
0.07 -0.07 0.99  8.47 11.52 5.21 -6.20 0.18 0.02 0.83  -55.72 25.35 -0.24 -0.37 0.11 0.29 0.77  -78.34 -86.91 -3.26 21.73 -0.17 -0.14 1.18  -8.07 -7.47 -12.51 -6.22 0.32 3.08
0.01 -0.03 1.00  11.00 11.01 3.74 -2.82 0.13 -0.02 0.98  -41.21 7.12 -2.24 -1.29 0.31 -0.12 1.06  -73.20 -43.18 -8.82 -2.06 0.11 -0.15 1.17  -9.68 -13.28 -27.08 -8.46 0.31 3.10
-0.00 -0.01 1.00  5.46 3.15 1.32 -1.26 0.11 0.02 1.03  -38.60 7.48 1.07 0.94 0.12 0.04 1.06  -59.00 -10.50 -3.44 1.50 0.13 0.01 1.11  -2.64 0.33 -11.68 -1.19 0.33 3.10
0.03 -0.01 1.00  1.80 4.58 2.45 -0.71 0.16 0.02 1.00  -37.24 2.55 4.69 1.18 0.09 0.00 1.05  -54.93 -23.14 -7.28 0.45 0.08 -0.06 1.08  4.86 -3.35 11.91 -3.50 0.13 3.08
0.01 -0.01 1.00  -1.91 4.03 4.70 -0.46 0.10 0.01 1.01  -36.18 -10.01 7.31 1.00 0.03 0.03 0.98  -46.57 -56.59 -5.21 1.82 0.11 -0.05 1.07  2.68 -0.49 11.36 -3.22 0.23 3.03
-0.01 -0.01 1.01  -5.82 0.90 6.20 -0.89 0.08 0.01 0.97  -35.91 -28.25 7.18 1.04 0.05 0.00 0.96  -35.09 -63.39 2.97 0.34 0.13 -0.06 1.03  -3.44 14.21 5.97 -3.96 1.86 2.83
-0.01 -0.02 1.01  -10.84 -2.94 6.70 -1.36 0.06 0.01 0.91  -39.41 -8.31 7.94 1.10 0.06 0.00 0.93  -36.20 -52.68 3.62 0.18 0.11 -0.05 1.00  -1.58 23.88 1.49 -3.76 2.65 1.75
0.01 -0.02 1.01  -16.67 -4.77 7.99 -1.48 0.09 0.02 0.90  -39.06 -11.45 7.40 1.18 0.07 0.02 0.91  -30.84 -49.45 7.63 0.95 0.05 -0.01 0.96  -4.35 25.68 1.36 -1.12 2.86 0.67
0.01 -0.04 1.01  -27.53 -5.48 9.79 -2.36 0.09 0.01 0.89  -40.99 -12.25 8.87 0.64 0.09 -0.02 0.92  -27.57 -44.61 14.18 -1.17 0.07 -0.02 0.97  -6.53 27.01 -1.12 -1.42 2.96 0.00
0.05 -0.06 0.99  -39.20 -1.75 16.61 -4.05 0.12 0.01 0.91  -47.40 -13.81 11.59 0.96 0.10 -0.01 0.99  -25.06 -49.92 14.36 -0.81 0.05 -0.03 0.96  -0.03 33.59 -6.39 -2.23 3.03 0.00
0.01 -0.09 0.99  -53.16 1.68 24.29 -6.04 0.09 0.04 0.97  -60.30 -25.13 13.43 2.41 0.09 -0.03 1.08  -20.31 -50.85 11.18 -1.84 -0.03 -0.02 0.91  10.90 28.33 -6.79 -1.99 3.08 0.00
0.02 -0.08 1.03  -81.65 5.87 28.23 -5.85 0.11 0.03 1.02  -86.52 -35.49 19.52 1.89 0.11 -0.02 1.21  -1.12 -43.17 14.37 -1.43 0.05 0.01 0.97  9.47 27.62 -1.49 0.12 3.08 0.00
0.12 -0.04 1.05  -141.79 16.41 57.06 -3.58 0.03 -0.08 1.20  -125.09 -44.67 20.38 -3.64 0.26 -0.13 1.38  29.78 -7.04 8.53 -5.58 -0.01 0.12 1.13  10.33 20.04 23.55 6.19 3.08 0.00
0.09 -0.02 1.09  -246.74 63.03 121.76 -2.00 0.03 -0.47 1.09  -161.92 -78.39 12.50 -24.42 0.03 -0.23 1.49  75.36 64.10 17.18 -9.96 0.00 -0.06 1.20  10.93 19.91 40.61 -1.39 3.03 0.00
0.15 -0.93 1.86  -220.57 -36.04 123.39 -27.21 0.01 -0.12 0.48  -133.43 -113.25 10.77 -19.66 -0.09 -0.25 0.84  121.77 21.91 22.53 -18.69 -0.02 -0.14 1.19  0.33 29.62 47.59 -7.17 1.07 0.00
0.57 -0.01 1.25  -12.31 -55.76 115.88 -5.90 0.12 0.00 0.56  -41.04 -109.26 -1.67 -3.82 -0.04 -0.44 0.60  114.49 -28.36 -0.27 -39.51 -0.08 0.14 1.18  9.08 15.54 36.42 5.32 0.67 0.00
0.60 0.20 0.85  62.54 -21.62 -15.32 12.13 0.24 0.25 0.59  34.31 -19.48 -23.21 22.26 0.07 -0.11 0.78  100.62 12.68 -21.22 -15.63 -0.14 0.04 1.12  6.92 15.11 8.01 3.23 0.59 0.00
0.12 0.09 0.93  119.86 -2.33 -91.64 7.73 0.04 0.26 0.54  100.09 80.64 -41.63 30.17 0.16 0.06 0.88  88.49 49.44 -28.70 1.18 -0.18 -0.06 1.08  -2.45 2.94 -7.38 -2.49 0.60 0.00
-0.21 -0.13 1.03  176.57 -42.35 -78.48 -5.84 -0.34 0.21 0.53  166.60 56.64 -47.34 27.48 0.10 0.24 0.85  61.24 110.28 -15.21 16.03 -0.08 -0.05 1.04  -5.48 -13.62 -11.38 -3.35 0.41 0.00
-0.04 -0.36 1.01  196.90 -42.10 -86.33 -20.55 -0.06 0.13 0.46  206.79 20.93 -55.76 21.58 -0.17 0.21 0.93  34.36 102.72 -8.08 16.04 -0.11 -0.02 1.04  -14.00 -22.47 -9.84 -1.88 0.31 0.00
-0.11 -0.57 1.01  172.07 -26.09 -125.76 -33.56 0.03 0.04 0.39  209.50 101.46 -41.45 9.85 -0.26 0.20 1.09  17.71 35.03 -27.65 13.38 -0.07 -0.05 1.01  -12.47 -28.81 -8.99 -3.42 0.14 0.00
-0.32 -0.62 0.76  85.75 -30.55 -97.54 -45.65 -0.28 -0.00 0.48  204.70 60.46 -20.28 2.13 -0.09 0.24 1.17  -4.51 -3.73 -31.79 14.15 -0.01 -0.07 0.99  -10.80 -36.43 -8.61 -4.76 0.22 0.00
-0.32 -0.99 0.51  27.42 -89.05 -41.48 -71.83 -0.22 0.15 0.60  156.98 -27.89 -46.37 14.54 -0.08 0.08 1.33  -21.26 8.85 -12.38 6.19 -0.04 -0.06 0.97  -2.66 -37.22 -8.54 -4.61 0.18 0.00
-0.29 -1.11 0.32  -6.72 -116.41 -39.93 -88.46 -0.05 0.24 0.70  73.47 -64.82 -33.43 22.21 -0.07 0.00 1.56  -3.15 39.53 -9.86 1.26 -0.04 0.02 0.97  -2.93 -39.94 -9.34 0.31 0.19 0.00
-0.05 -1.13 0.25  -37.02 107.87 68.25 -95.36 0.14 0.25 0.73  -25.82 2.33 -6.90 23.25 -0.08 0.03 1.35  -17.57 18.13 -18.34 1.41 0.01 0.01 0.99  -9.58 -34.02 -11.15 0.89 0.21 1.23
-0.12 -0.55 1.05  9.31 108.86 67.90 -46.90 0.06 -0.38 1.03  -64.87 99.34 8.48 -15.69 -0.10 -0.31 1.41  -14.51 28.20 4.65 -12.17 0.15 0.15 1.16  -6.25 -17.91 -20.35 7.66 0.16 2.93
-0.34 -0.17 1.10  6.46 40.64 20.45 -18.37 -0.31 -0.11 0.99  -74.60 13.83 9.15 -9.55 -0.23 -0.22 1.24  -28.11 31.78 -9.47 -12.58 0.06 0.00 1.19  8.64 14.07 -28.06 1.77 0.12 3.02
0.08 -0.08 0.98  10.80 11.20 8.97 -8.62 0.17 -0.01 0.78  -58.06 30.32 1.54 -2.88 -0.17 0.33 0.73  -30.03 -70.90 -17.16 21.47 -0.17 -0.02 1.14  4.09 1.05 -19.45 -0.84 0.11 3.03
-0.00 -0.06 0.99  12.36 19.82 8.87 -5.32 0.07 -0.04 0.83  -28.47 9.70 -4.04 -3.25 0.27 0.06 0.84  -82.44 -83.18 -18.50 8.08 -0.08 -0.06 1.15  1.32 -16.18 -20.71 -3.04 0.17 3.08
-0.09 -0.04 1.01  8.53 5.36 1.58 -3.04 0.03 -0.03 1.06  -20.90 33.47 -4.79 -2.03 0.11 -0.08 1.10  -67.73 -32.08 -4.75 -2.50 0.18 -0.07 1.15  -3.98 -10.18 -28.63 -4.31 0.18 3.10
0.02 -0.02 0.99  5.11 -0.20 0.46 -1.99 0.19 0.04 1.08  -22.17 5.17 -4.37 1.70 0.22 0.02 1.10  -55.45 5.10 -4.87 0.39 0.08 -0.09 1.14  -3.75 0.07 -15.76 -5.41 0.16 3.11
0.00 -0.03 1.00  3.52 4.51 1.73 -1.90 0.18 0.02 1.00  -21.80 6.01 2.20 1.59 0.10 0.02 1.02  -39.14 -9.13 -9.41 0.99 0.09 -0.01 1.14  5.14 -3.42 5.84 -1.70 0.10 3.10
-0.02 -0.02 1.00  3.63 5.22 2.65 -1.69 0.13 0.01 0.99  -18.30 -2.66 5.01 1.12 0.01 0.01 0.98  -33.56 -43.15 -5.02 0.99 0.12 0.03 1.10  -0.41 0.51 10.34 1.12 0.11 3.10
-0.03 -0.02 1.00  3.01 1.42 3.61 -1.37 0.08 0.02 1.02  -14.92 -16.85 5.99 1.18 0.07 0.01 1.01  -33.33 -62.25 -4.37 0.46 0.08 -0.04 1.06  -4.13 6.09 14.20 -1.94 0.78 3.08
-0.02 -0.02 1.00  1.96 -0.67 4.24 -1.30 0.11 0.03 1.04  -16.21 -24.96 5.65 1.93 0.16 0.01 1.03  -26.75 -45.25 -1.18 0.85 0.09 -0.06 1.04  -3.93 10.55 13.29 -3.62 2.03 3.07
-0.03 -0.02 1.01  -0.11 -0.94 3.57 -1.48 0.10 0.04 1.00  -22.97 -5.94 7.13 2.48 0.08 0.01 1.00  -24.12 -30.18 3.13 0.74 0.06 -0.04 1.00  -6.71 16.83 8.59 -2.79 2.42 3.03
-0.02 -0.02 1.01  -2.17 -2.59 2.62 -1.37 0.09 0.02 0.98  -24.27 -18.07 7.24 1.61 0.04 0.03 0.99  -24.93 -37.07 5.59 1.65 0.02 -0.03 0.99  -10.15 14.86 3.40 -2.18 2.62 2.98
-0.02 -0.01 1.01  -6.19 -5.30 2.64 -1.09 0.11 0.02 1.00  -27.98 -25.09 9.45 1.63 0.13 -0.00 0.99  -24.92 -34.33 10.32 0.05 0.04 -0.04 1.00  -8.40 15.31 -3.67 -2.74 2.77 2.77
-0.03 -0.01 1.01  -14.49 -7.48 2.57 -0.92 0.08 0.01 0.99  -36.37 -23.19 12.40 0.60 0.12 -0.02 1.04  -20.07 -18.70 11.87 -1.17 0.03 -0.05 1.03  -0.89 11.85 -8.22 -3.34 2.88 1.36
0.00 -0.02 1.01  -27.62 -11.29 3.45 -1.43 0.12 0.03 0.98  -47.27 -25.20 17.08 1.67 0.11 -0.03 1.04  -15.05 -12.45 13.09 -1.82 -0.02 -0.04 1.01  4.61 6.45 -14.40 -3.11 2.98 0.45
0.04 -0.05 1.01  -42.20 -9.10 10.13 -3.31 0.15 0.06 0.99  -61.74 -25.22 22.93 3.94 0.15 0.01 1.06  -0.77 7.32 16.43 -0.04 0.03 -0.02 1.05  3.94 3.10 -16.93 -1.66 3.03 0.08
0.08 -0.04 1.02  -66.10 4.46 20.34 -3.16 0.10 0.03 1.08  -91.04 -30.17 26.25 2.33 0.21 -0.03 1.18  14.54 41.71 11.60 -1.40 0.06 -0.04 1.14  7.71 0.62 -1.51 -2.25 3.07 0.00
0.12 0.02 1.13  -137.14 37.51 35.87 0.40 0.06 -0.29 0.96  -127.81 -19.25 30.87 -16.68 0.14 -0.19 1.25  44.99 116.22 24.71 -8.79 -0.07 0.06 1.24  6.03 -9.78 20.33 2.49 3.07 0.00
-0.04 -0.09 1.05  -210.46 91.29 43.36 -4.97 0.03 -0.18 0.69  -133.24 5.52 41.17 -17.98 -0.05 -0.24 1.09  70.40 115.40 40.69 -14.06 -0.03 -0.04 1.21  7.71 -12.27 18.99 -1.61 2.96 0.00
-0.07 -0.33 1.26  -160.94 57.44 -9.22 -15.59 0.06 0.15 0.45  -100.36 48.69 62.21 14.95 0.02 -0.02 0.76  72.72 21.55 28.71 -3.88 -0.13 -0.06 1.17  -2.99 -16.16 -1.94 -3.03 1.02 0.00
0.01 0.07 1.18  -31.02 66.75 -27.07 0.35 0.01 0.19 0.60  -39.92 82.87 65.40 20.43 0.07 -0.04 0.71  53.04 -3.93 13.71 -3.60 -0.17 0.01 1.18  -4.27 -29.09 -14.49 -0.12 0.78 0.00
0.19 0.15 0.97  70.70 80.55 -46.17 8.62 0.03 0.22 0.64  28.29 36.55 61.95 23.49 0.19 -0.01 0.89  43.27 27.67 -2.69 -1.51 -0.13 -0.00 1.17  -7.65 -40.47 -21.79 -0.23 0.58 0.00
0.28 0.04 0.86  113.58 106.48 -96.26 4.24 0.25 0.22 0.58  73.57 107.84 66.35 25.85 0.22 0.09 0.92  27.45 88.00 -11.82 5.25 -0.08 -0.08 1.16  -6.61 -42.46 -20.68 -3.77 0.44 0.00
0.20 -0.16 0.85  113.38 131.63 -158.29 -9.72 0.14 0.19 0.52  93.82 181.06 88.05 24.78 0.15 0.08 0.91  14.13 141.69 -8.85 6.22 -0.12 -0.08 1.15  -8.32 -50.75 -21.09 -4.53 0.47 0.00
0.16 -0.26 0.88  106.09 144.77 -167.69 -18.12 0.08 0.15 0.54  107.26 181.12 103.80 20.82 -0.05 0.05 0.99  7.29 132.21 -11.54 4.40 -0.12 -0.05 1.11  -12.87 -55.98 -26.58 -3.59 0.41 0.00
0.35 -0.28 0.87  93.28 126.73 -154.93 -21.16 0.18 0.10 0.55  115.16 162.13 91.43 14.14 -0.22 0.07 1.02  0.02 102.63 -15.65 4.79 -0.11 -0.03 1.08  -16.35 -66.99 -26.99 -2.09 0.35 0.00
0.38 -0.40 0.95  84.31 95.48 -153.44 -26.85 0.19 0.07 0.60  115.17 154.62 64.68 9.14 -0.15 -0.01 1.13  0.08 105.91 -13.39 0.52 -0.06 -0.01 1.07  -15.81 -71.75 -28.67 -0.98 0.43 0.00
0.21 -0.38 0.89  75.10 36.02 -152.42 -28.49 0.05 0.05 0.70  106.19 123.08 36.78 5.89 -0.06 0.01 1.22  2.14 94.94 -17.13 0.67 -0.06 -0.03 1.07  -15.77 -73.15 -29.64 -1.66 0.43 0.00
0.25 -0.44 0.75  34.05 -13.03 -172.20 -36.34 0.14 0.10 0.70  83.45 108.22 18.98 9.32 -0.03 0.08 1.19  -7.52 102.25 -23.83 4.04 -0.07 -0.05 1.06  -13.71 -77.26 -28.67 -2.97 0.43 0.00
0.19 -0.51 0.53  -33.11 -15.50 -195.77 -51.23 0.05 0.16 0.68  44.98 124.48 12.67 15.61 -0.01 0.11 1.23  -21.76 104.74 -24.45 5.91 -0.08 -0.06 1.05  -9.38 -88.35 -30.29 -3.80 0.39 0.00
0.10 -0.51 0.32  -111.40 -41.28 -183.80 -68.15 0.02 0.18 0.66  3.89 121.90 3.56 18.45 -0.06 0.10 1.14  -36.96 113.84 -25.39 6.16 -0.08 -0.05 1.03  -2.39 -97.60 -34.30 -3.71 0.36 0.00
-0.75 -1.19 1.35  -104.72 96.85 -29.93 -55.02 -0.16 0.14 0.68  -27.58 100.39 -10.15 15.20 -0.08 0.11 1.08  -52.77 105.58 -29.04 7.03 -0.05 -0.04 1.02  3.14 -107.20 -34.49 -2.71 0.16 0.00
-0.10 -0.41 1.05  8.82 -10.13 4.94 -32.16 -0.30 -0.06 0.83  -3.50 -47.04 -25.54 -1.40 -0.39 -0.03 0.91  -66.65 52.90 -13.37 -0.71 0.07 -0.03 1.13  3.45 -105.49 -31.42 -1.80 0.49 2.64
0.07 -0.09 1.02  17.86 -15.23 -2.90 -11.71 -0.14 -0.12 1.00  -13.92 27.47 -17.60 -6.99 -0.09 -0.41 1.19  -35.92 42.83 2.53 -19.12 0.17 0.03 1.22  5.16 -88.09 -37.70 0.99 0.28 2.98
0.15 -0.06 0.96  12.28 3.25 4.54 -6.09 0.09 -0.01 0.97  -12.47 6.52 -21.92 -1.72 0.04 0.05 1.01  -29.64 36.96 -23.42 -1.23 0.02 -0.06 1.18  -3.11 -75.86 -35.90 -2.53 0.22 3.02
0.07 -0.06 0.97  13.12 16.82 9.39 -4.57 0.03 0.01 0.96  -12.39 25.90 -19.21 0.10 0.08 0.08 0.98  -39.20 32.97 -15.87 4.63 -0.04 -0.09 1.14  -10.88 -87.54 -32.63 -5.01 1.16 3.03
-0.01 -0.04 1.00  10.80 6.39 6.37 -3.26 -0.02 -0.01 0.99  -9.25 27.73 -18.15 -0.62 0.11 -0.06 1.04  -39.57 68.44 -8.47 -2.52 0.01 -0.05 1.15  -10.74 -99.60 -40.30 -3.55 1.97 3.05
0.05 -0.04 0.97  8.18 0.93 4.88 -2.79 0.07 0.01 1.00  -10.10 34.67 -14.79 0.70 0.05 -0.00 1.05  -31.44 74.37 -9.74 -0.69 0.05 -0.05 1.13  -12.46 -109.41 -44.36 -3.16 2.38 3.07
0.04 -0.03 0.99  8.17 10.32 6.46 -2.42 0.10 0.01 0.96  -9.51 38.44 -10.69 0.88 0.09 0.05 0.97  -32.15 60.03 -5.04 2.90 0.08 -0.05 1.09  -13.53 -116.42 -44.26 -3.04 2.60 3.06
0.01 -0.03 1.00  9.81 10.55 7.17 -2.22 0.08 0.01 0.95  -7.02 41.22 -7.58 0.52 0.14 0.03 0.94  -35.41 67.07 0.14 2.47 0.10 -0.05 1.06  -13.88 -120.40 -46.61 -3.24 2.75 3.07
-0.01 -0.02 1.00  8.76 7.38 5.42 -1.45 0.08 0.01 1.01  -8.15 46.33 -4.13 0.47 0.13 0.00 1.00  -37.76 88.10 2.19 0.59 0.12 -0.06 1.05  -10.03 -119.77 -50.19 -3.84 2.83 3.06
-0.02 -0.01 1.01  4.14 5.10 2.81 -0.79 0.06 0.00 1.02  -11.70 41.55 -1.75 0.20 0.05 -0.02 1.01  -33.53 92.42 0.28 -0.84 0.13 -0.03 1.04  -0.93 -114.26 -48.95 -2.57 2.90 3.06
-0.02 -0.01 1.01  -1.01 3.62 0.47 -0.61 0.07 0.01 1.01  -16.32 36.75 0.81 0.53 0.02 -0.02 0.99  -27.44 82.10 0.46 -1.30 0.15 -0.04 1.03  6.36 -108.19 -44.47 -2.64 2.93 3.02
-0.04 -0.02 1.01  -3.74 3.64 -0.61 -1.23 0.05 0.02 0.96  -16.54 22.89 2.97 1.38 0.00 0.01 0.92  -18.53 67.26 -1.01 0.30 0.19 -0.05 1.01  7.61 -98.34 -41.32 -3.18 2.96 2.98
-0.01 -0.02 1.00  -3.32 3.29 -0.79 -1.49 0.09 0.02 0.94  -15.87 14.44 4.75 1.43 0.03 0.00 0.94  -14.05 53.00 2.48 0.06 0.23 -0.03 1.02  7.94 -83.50 -38.47 -2.07 2.98 2.98
-0.02 -0.03 1.00  -1.35 4.27 0.03 -1.82 0.09 0.02 0.88  -12.14 11.61 6.76 1.26 0.11 0.03 0.88  -10.95 40.17 4.19 2.25 0.26 -0.00 1.05  7.22 -69.58 -33.08 -0.57 2.98 2.98
-0.01 -0.03 1.00  1.18 5.04 0.26 -1.88 0.10 0.01 0.87  -5.37 10.27 9.34 1.12 0.13 0.04 0.83  -14.02 36.49 4.91 3.37 0.23 0.01 1.09  1.98 -65.07 -28.00 0.44 2.98 2.98
-0.02 -0.02 1.00  2.46 5.58 0.55 -1.60 0.08 0.01 0.90  0.96 10.72 12.79 1.06 0.17 0.03 0.86  -15.86 40.58 8.45 2.86 0.17 -0.01 1.12  -6.54 -69.28 -27.58 -0.52 2.96 2.98
-0.02 -0.01 1.01  2.43 7.19 1.29 -1.17 0.08 0.02 0.95  3.54 10.07 15.98 1.42 0.17 0.01 0.91  -12.43 54.77 15.92 1.23 0.17 -0.07 1.11  -9.07 -72.28 -33.19 -3.62 2.93 2.98
-0.05 -0.01 1.03  2.51 11.10 1.29 -1.02 0.07 0.03 0.99  0.76 12.95 19.76 1.74 0.11 0.02 0.97  -12.54 71.97 21.46 1.21 0.21 -0.11 1.06  -4.58 -64.76 -39.42 -6.77 2.91 2.96
-0.02 -0.01 1.02  0.59 14.08 1.87 -0.50 0.05 0.02 1.04  -5.22 1.55 23.21 1.23 0.04 -0.04 1.05  -7.52 75.61 29.76 -1.80 0.15 -0.06 1.07  3.32 -50.75 -37.63 -4.38 2.88 2.77
-0.02 0.01 1.04  -5.08 17.65 -0.53 0.46 0.01 -0.01 1.03  -14.06 2.35 27.07 -0.23 -0.10 -0.08 1.02  10.28 85.93 30.95 -5.00 0.08 0.05 1.10  1.47 -50.97 -25.53 1.94 2.80 1.65
-0.06 0.02 1.08  -15.96 34.38 -17.57 0.95 -0.06 -0.01 1.03  -24.41 8.72 32.46 -0.89 -0.15 -0.05 1.04  23.24 75.36 36.10 -3.73 0.01 -0.05 1.09  -0.58 -51.30 -25.74 -2.19 2.55 0.53
-0.00 -0.03 1.08  -35.33 71.03 -30.13 -1.20 0.08 -0.06 1.04  -44.16 36.40 43.05 -3.33 -0.04 -0.10 1.21  33.80 71.85 48.79 -5.58 -0.05 -0.05 1.09  -2.61 -51.46 -31.32 -3.10 0.72 0.02
0.17 -0.06 1.02  -57.21 148.29 -46.64 -3.66 0.23 -0.01 0.91  -61.76 76.70 62.78 -1.60 0.11 -0.05 1.28  55.08 92.45 37.40 -3.18 -0.13 -0.02 1.09  -1.99 -58.69 -31.74 -1.47 0.30 0.00
0.16 -0.33 1.06  -60.05 185.45 -154.91 -17.97 0.26 0.08 0.64  -75.19 174.90 94.79 6.39 0.25 0.02 1.08  50.53 85.08 7.67 0.77 -0.13 -0.01 1.08  -1.58 -68.60 -28.22 -0.66 0.40 0.00
0.17 -0.08 0.95  -30.62 200.83 -250.03 -8.44 0.37 0.14 0.55  -70.50 250.38 112.21 15.33 0.34 0.08 0.88  22.92 107.20 -14.48 5.62 -0.03 0.01 1.09  -1.73 -65.11 -27.83 0.29 0.29 0.00
-0.13 0.18 1.03  4.88 151.75 -250.03 8.39 -0.17 0.09 0.68  -28.27 250.38 112.01 10.45 0.21 0.08 0.75  -6.49 158.87 -21.47 7.38 -0.06 0.01 1.08  -3.60 -55.56 -31.25 0.76 0.35 0.00
0.11 0.15 1.02  45.03 100.42 -250.03 9.84 -0.03 0.07 0.71  36.58 223.32 99.85 8.04 -0.15 -0.01 0.70  -21.32 174.81 -18.53 0.92 -0.11 -0.01 1.06  -7.39 -55.78 -30.54 -0.36 0.38 0.00
0.32 -0.13 0.89  50.50 83.89 -250.03 -6.24 0.14 0.06 0.65  66.41 236.77 85.33 6.93 -0.40 -0.03 0.88  -25.32 133.12 -16.40 -1.79 -0.08 -0.03 1.09  -6.90 -62.74 -32.06 -1.45 0.46 0.00
0.15 -0.38 0.87  18.30 84.12 -250.03 -24.87 -0.03 0.06 0.64  66.50 244.08 75.47 7.06 -0.31 -0.07 1.13  -22.03 125.94 -18.32 -3.78 -0.04 -0.05 1.11  -1.94 -62.73 -31.57 -2.93 0.51 0.00
-0.03 -0.38 0.84  -1.02 63.17 -209.64 -29.53 -0.12 0.03 0.68  52.14 184.11 54.48 4.18 -0.22 -0.12 1.15  4.24 118.05 -17.97 -6.58 -0.01 -0.08 1.09  0.87 -54.64 -28.94 -4.73 0.53 0.00
-0.08 -0.29 0.86  -19.95 23.00 -156.67 -24.70 -0.17 0.07 0.71  48.14 118.02 30.38 6.71 -0.25 0.06 1.04  -2.73 69.05 -11.14 1.84 -0.05 -0.04 1.06  4.52 -48.70 -24.27 -3.26 0.51 0.00
-0.09 -0.33 0.87  -17.29 -19.78 -104.83 -25.35 -0.16 0.10 0.73  45.73 57.29 9.87 8.79 -0.21 0.04 1.02  -11.57 58.23 -5.07 2.49 -0.08 -0.01 1.04  4.88 -48.44 -18.84 -1.29 0.49 0.00
-0.13 -0.30 0.76  -11.57 -32.09 -42.07 -26.84 -0.16 0.10 0.73  37.48 11.67 -4.44 9.36 -0.21 0.04 1.04  -8.81 48.39 -5.12 2.49 -0.04 -0.04 1.05  5.79 -47.66 -15.86 -2.49 0.40 0.00
-0.14 -0.63 0.80  -42.17 -9.69 41.24 -43.76 -0.16 0.14 0.66  25.08 -39.82 -14.69 13.69 -0.21 0.07 1.02  -15.46 14.71 -4.18 4.30 -0.03 -0.05 1.05  7.35 -44.06 -11.37 -3.42 0.15 0.00
-0.03 -0.29 0.95  6.28 7.52 16.87 -25.48 -0.07 0.05 0.82  10.24 -52.18 -11.70 6.25 -0.16 0.04 0.96  -24.39 -15.45 -4.60 3.47 -0.01 -0.04 1.06  9.36 -40.01 -4.89 -2.65 0.20 0.00
0.14 -0.10 0.98  25.20 -6.79 1.63 -11.19 0.00 -0.02 0.97  9.77 -12.72 -3.85 0.17 -0.01 -0.01 0.99  -36.59 -27.64 -1.27 0.24 -0.00 -0.03 1.09  9.11 -34.64 0.39 -2.26 0.52 1.31
0.09 -0.02 1.01  19.80 15.15 3.39 -3.47 -0.06 -0.08 1.04  6.18 5.07 -4.49 -4.49 0.05 -0.15 1.09  -31.92 9.16 -4.61 -7.78 0.03 0.01 1.12  10.38 -31.03 -0.80 0.01 0.28 2.61
0.01 -0.02 1.02  9.82 10.07 3.56 -1.55 -0.08 -0.03 1.11  1.23 -3.58 -5.63 -2.36 -0.10 -0.11 1.11  -24.79 14.78 -7.45 -7.12 0.03 -0.00 1.12  8.70 -22.45 -5.45 -0.08 0.40 2.75
0.03 -0.01 1.00  5.73 3.13 1.67 -1.06 -0.05 0.00 1.09  -8.81 8.96 -5.15 -0.36 -0.11 -0.04 1.06  -8.22 11.21 -2.65 -3.48 -0.01 -0.03 1.10  4.08 -21.35 -6.13 -1.53 0.84 2.78
0.04 -0.02 0.99  5.15 5.13 2.41 -1.26 -0.04 -0.00 1.00  -11.05 9.14 -6.18 -0.14 -0.04 0.01 0.96  -3.12 10.66 -3.79 -0.37 0.01 -0.02 1.08  2.20 -22.64 -4.56 -1.24 1.34 2.85
0.01 -0.01 1.00  4.95 1.07 1.09 -1.08 -0.05 -0.02 0.95  -6.91 7.48 -6.35 -1.44 -0.03 0.00 0.91  -8.60 14.61 -4.75 0.05 0.05 0.00 1.07  -0.61 -20.30 -3.50 -0.05 1.58 2.91
0.03 -0.01 1.00  3.35 -0.98 -0.79 -0.77 -0.05 -0.02 0.97  -1.69 6.42 -6.30 -1.36 -0.05 -0.01 0.93  -10.32 17.05 -3.71 -0.85 0.07 0.00 1.08  -3.62 -14.68 -3.87 0.11 1.48 2.95
0.03 -0.00 1.00  2.28 -1.12 -1.30 -0.41 -0.03 -0.01 1.00  0.89 2.26 -6.24 -0.66 -0.07 -0.01 0.98  -9.02 11.28 -4.21 -0.96 0.06 -0.04 1.08  -5.49 -10.63 -2.65 -1.98 1.39 2.96
0.03 -0.00 1.00  1.76 -0.43 -0.78 -0.16 -0.01 0.00 1.03  0.22 0.71 -5.80 -0.04 -0.05 -0.01 1.01  -4.39 -0.72 -3.13 -0.97 0.06 -0.05 1.07  -3.10 -6.70 -1.13 -2.92 1.49 2.98
0.04 0.00 1.00  1.21 0.90 0.55 0.17 -0.00 -0.00 1.02  -2.05 3.10 -4.76 -0.06 -0.00 -0.01 1.01  -0.32 -2.97 -2.99 -1.00 0.06 -0.03 1.06  -1.27 -3.40 -0.30 -2.15 1.72 2.98
0.04 -0.00 1.00  0.82 2.82 1.94 -0.01 0.00 -0.00 0.99  -2.34 4.45 -3.70 -0.29 -0.00 0.00 0.97  0.27 3.07 -4.47 0.06 0.04 -0.01 1.05  -1.97 -2.04 -0.04 -0.82 2.01 2.98
0.02 -0.00 1.00  0.38 2.53 1.87 -0.19 -0.02 -0.01 0.98  -0.28 3.71 -3.19 -0.63 -0.03 0.01 0.95  -3.25 3.16 -3.58 0.52 0.03 -0.00 1.06  -4.63 -2.48 -0.67 -0.20 2.12 2.98
0.02 -0.00 1.00  0.15 1.50 1.24 -0.22 -0.01 -0.00 1.00  1.50 1.13 -3.08 -0.36 -0.03 -0.00 0.98  -4.40 2.49 -2.76 -0.17 0.05 -0.02 1.06  -5.22 -1.51 -1.25 -1.25 2.18 2.98
0.02 -0.00 1.00  0.15 1.18 1.23 -0.22 -0.00 0.00 1.01  1.22 0.68 -2.66 -0.04 -0.01 -0.00 1.00  -3.89 0.23 -2.63 -0.27 0.05 -0.03 1.07  -4.52 0.17 -0.19 -2.10 2.21 2.98
0.02 -0.00 1.00  0.32 2.00 1.36 -0.26 -0.00 0.00 1.02  0.08 -0.07 -2.32 0.20 -0.01 -0.00 1.00  -1.61 1.63 -2.47 -0.31 0.03 -0.03 1.07  -3.03 0.65 0.59 -2.24 2.26 2.98
0.02 -0.00 1.00  0.64 3.17 1.66 -0.20 -0.00 0.00 1.02  -1.64 1.06 -2.18 0.18 -0.01 -0.01 1.00  -0.00 4.51 -2.37 -0.48 0.03 -0.03 1.07  -1.87 1.23 0.49 -2.03 2.30 2.98
0.01 -0.00 1.01  0.76 2.87 1.48 -0.15 -0.01 -0.00 1.00  -2.25 2.22 -2.18 -0.11 -0.02 0.00 0.99  -0.22 3.75 -1.92 -0.08 0.03 -0.03 1.08  -0.92 1.65 0.29 -1.84 2.34 2.98
0.01 -0.00 1.01  0.49 1.41 1.09 -0.14 -0.01 -0.00 1.00  -1.61 1.75 -1.92 -0.29 -0.02 -0.00 0.98  -0.36 1.34 -1.58 -0.23 0.02 -0.03 1.08  0.00 1.01 0.04 -1.84 2.36 2.98
0.02 -0.00 1.01  0.47 1.06 0.96 -0.11 -0.00 -0.00 1.00  -0.89 0.24 -1.99 -0.10 -0.02 0.00 0.98  -0.24 -2.03 -1.21 -0.04 0.03 -0.03 1.08  1.19 1.75 -0.31 -1.92 2.38 2.98
0.01 -0.00 1.01  0.38 0.67 0.79 -0.11 -0.00 -0.00 1.00  -0.85 0.56 -1.76 -0.04 -0.01 -0.01 0.99  -0.31 -2.27 -1.24 -0.32 0.04 -0.02 1.08  1.23 2.72 -0.19 -1.70 2.40 2.98
0.01 -0.00 1.00  0.39 0.70 0.78 -0.19 0.00 0.00 1.00  -0.95 0.65 -1.64 0.05 -0.01 -0.00 0.98  0.36 -1.17 -1.24 -0.08 0.03 -0.03 1.08  1.40 3.62 0.71 -1.80 2.42 2.98
0.01 -0.00 1.00  0.47 0.95 0.80 -0.09 0.00 0.00 1.00  -0.86 1.06 -1.44 0.03 -0.01 -0.00 0.98  0.67 -1.61 -0.93 -0.02 0.03 -0.03 1.08  1.62 3.73 0.87 -1.79 2.42 2.98
0.01 -0.00 1.01  0.34 1.16 0.77 -0.05 0.00 0.00 1.00  -0.86 0.93 -1.27 0.03 -0.01 0.00 0.99  0.79 -2.79 -0.54 0.08 0.03 -0.03 1.08  1.70 3.59 0.31 -1.74 2.44 3.00
0.01 -0.00 1.01  0.19 1.04 0.52 -0.09 0.01 0.00 1.00  -1.44 3.42 -1.11 0.20 0.00 0.00 0.98  0.78 -1.84 -0.24 0.18 0.04 -0.03 1.08  1.19 3.39 0.32 -1.73 2.42 3.00
0.02 0.00 1.00  0.04 1.29 0.36 0.00 0.02 0.00 1.00  -2.09 8.15 -0.35 0.05 0.01 -0.00 0.98  0.55 1.23 0.41 -0.07 0.05 -0.02 1.08  0.80 4.49 1.28 -1.63 2.42 3.00
0.02 0.00 1.00  0.21 2.38 1.16 0.06 0.02 -0.00 0.99  -0.90 4.26 0.49 -0.00 -0.00 0.00 0.97  0.46 1.60 -0.49 0.07 0.05 -0.03 1.08  -0.42 5.41 2.02 -1.70 2.41 3.00
0.01 0.00 1.01  0.57 2.79 1.60 0.01 0.01 -0.00 0.99  0.60 1.93 1.10 -0.11 -0.03 0.00 0.97  0.18 -2.69 -0.49 0.23 0.04 -0.03 1.08  0.51 5.00 1.98 -2.10 2.44 3.00
0.01 0.00 1.01  0.73 2.76 1.72 0.02 0.00 0.00 1.00  1.50 -0.74 1.28 0.03 -0.01 -0.01 0.99  0.53 -5.70 0.14 -0.27 0.03 -0.03 1.08  1.65 4.80 1.95 -1.75 2.46 3.00
0.00 0.00 1.01  0.68 2.43 1.89 0.08 0.00 0.00 1.01  0.99 -0.96 1.34 0.06 -0.01 -0.01 1.00  1.58 -3.48 -0.14 -0.36 0.03 -0.02 1.08  0.93 4.36 2.17 -1.27 2.47 2.98
0.00 0.00 1.01  0.36 1.56 1.61 0.03 -0.00 -0.00 1.00  0.66 0.19 1.37 -0.01 -0.01 0.00 0.99  2.09 -1.96 0.37 -0.02 0.03 -0.02 1.08  -0.31 4.01 2.80 -1.18 2.51 2.98
0.00 0.00 1.01  0.55 1.43 1.52 0.04 0.00 -0.00 0.99  1.60 -0.40 1.26 -0.05 -0.01 0.01 0.97  0.79 -0.88 0.24 0.33 0.03 -0.02 1.08  -1.69 3.54 2.93 -1.07 2.51 2.98
-0.00 0.00 1.01  0.68 1.09 1.34 0.01 -0.01 -0.00 1.00  2.76 -2.50 1.19 -0.12 -0.02 -0.00 0.98  -0.19 -1.84 0.03 0.06 0.03 -0.01 1.07  -2.44 2.85 3.14 -1.01 2.56 2.98
-0.00 0.00 1.01  0.60 0.73 1.24 0.01 -0.01 -0.00 1.00  3.32 -4.47 1.08 -0.16 -0.02 -0.00 0.99  0.29 -1.99 0.03 -0.21 0.03 -0.02 1.07  -3.29 3.34 3.20 -1.10 2.57 2.98
-0.00 0.00 1.01  0.57 0.63 1.11 0.10 -0.01 -0.00 1.01  3.41 -4.97 0.63 -0.12 -0.03 -0.00 1.00  -0.07 -2.84 -0.21 -0.19 0.03 -0.02 1.07  -4.16 4.04 3.05 -1.51 2.59 2.98
-0.00 0.00 1.01  0.39 0.26 0.88 0.16 -0.01 -0.00 1.02  2.75 -4.22 0.23 -0.05 -0.02 -0.00 1.01  -0.17 -1.29 0.11 -0.30 0.02 -0.03 1.07  -4.13 4.11 2.08 -1.74 2.57 2.98
0.00 0.00 1.01  0.15 0.20 0.78 0.14 -0.01 -0.00 1.02  1.35 -2.49 -0.02 -0.02 -0.02 -0.01 1.02  0.07 0.74 -0.02 -0.47 0.02 -0.03 1.07  -3.45 3.75 0.87 -1.87 2.56 2.98
-0.00 0.00 1.01  0.02 0.13 0.88 0.18 -0.01 -0.00 1.02  0.06 -0.99 -0.21 -0.13 -0.03 -0.00 1.02  -0.10 -0.52 -0.22 -0.28 0.03 -0.04 1.07  -2.28 3.55 0.03 -2.27 2.56 2.98
-0.00 0.00 1.01  -0.07 -0.23 0.84 0.19 -0.01 -0.00 1.01  -0.57 0.67 -0.24 -0.09 -0.03 -0.00 1.00  -0.61 -3.26 -0.13 -0.20 0.03 -0.03 1.07  -0.96 3.47 -0.61 -2.16 2.56 2.98
0.00 0.00 1.01  -0.02 -0.26 0.96 0.19 -0.00 -0.00 1.01  -0.79 1.66 -0.32 -0.13 -0.02 -0.00 1.00  -1.54 -4.93 -0.27 -0.14 0.03 -0.03 1.08  -0.12 3.90 -0.73 -1.99 2.57 2.98
-0.00 0.00 1.01  0.01 -0.29 0.94 0.15 -0.01 -0.00 1.01  -0.86 2.69 -0.48 -0.17 -0.02 0.00 0.99  -2.57 -2.84 -0.93 0.01 0.03 -0.03 1.08  0.01 4.00 -0.55 -1.91 2.57 2.98
-0.00 0.00 1.01  0.08 -0.33 0.86 0.09 -0.01 -0.00 1.01  -0.89 2.52 -0.76 -0.06 -0.02 -0.00 0.99  -2.80 -1.81 -0.95 -0.25 0.03 -0.03 1.09  -0.16 3.66 -0.58 -2.09 2.60 2.98
-0.00 0.00 1.01  0.07 -0.29 0.78 0.17 -0.01 0.00 1.01  -1.37 2.51 -0.96 0.03 -0.02 -0.00 0.99  -2.22 -2.60 -0.85 -0.33 0.03 -0.03 1.10  0.03 3.06 -0.90 -2.19 2.60 2.98
0.00 0.00 1.01  0.09 -0.33 0.79 0.12 -0.00 0.00 1.01  -1.67 1.77 -1.16 0.02 -0.01 -0.00 0.99  -1.61 -3.93 -0.53 -0.30 0.03 -0.04 1.10  0.24 2.36 -1.01 -2.32 2.61 2.98
0.00 0.00 1.01  0.15 -0.20 0.70 0.11 0.00 -0.00 1.00  -1.70 1.87 -1.08 -0.02 -0.00 0.00 0.98  -1.32 -2.96 -0.66 -0.06 0.03 -0.04 1.10  0.83 1.12 -1.25 -2.33 2.61 2.98
0.00 0.00 1.01  0.16 -0.09 0.65 0.13 0.00 -0.00 1.00  -1.56 2.16 -1.08 -0.02 -0.01 0.00 0.98  -1.86 -1.56 -0.40 0.03 0.03 -0.04 1.10  1.52 0.18 -1.79 -2.36 2.62 2.98
-0.00 0.00 1.01  0.13 -0.08 0.57 0.19 0.00 0.00 1.01  -1.63 2.08 -0.99 -0.00 -0.01 -0.00 0.99  -1.52 -0.38 -0.37 -0.07 0.04 -0.03 1.10  1.93 -0.44 -2.03 -2.27 2.62 2.98
0.00 0.00 1.01  0.11 0.03 0.57 0.16 0.00 0.00 1.00  -1.86 1.94 -0.87 0.02 -0.00 -0.00 0.98  -1.22 0.71 -0.27 -0.08 0.03 -0.03 1.09  1.89 -1.30 -2.12 -2.11 2.62 2.98
0.00 0.00 1.01  0.05 0.15 0.58 0.18 0.00 -0.00 1.00  -1.78 1.74 -0.66 -0.06 -0.01 0.00 0.98  -1.10 0.98 -0.15 0.04 0.04 -0.03 1.09  1.71 -1.84 -2.16 -2.02 2.64 2.98
0.00 0.00 1.01  0.01 0.16 0.55 0.20 0.00 0.00 1.00  -1.48 1.05 -0.44 0.06 -0.01 -0.00 0.98  -1.27 0.58 0.05 -0.00 0.04 -0.03 1.09  1.67 -2.09 -2.54 -1.94 2.65 3.00
0.00 0.00 1.01  0.00 0.25 0.70 0.17 0.01 0.00 0.99  -1.21 0.77 -0.08 0.04 -0.01 0.00 0.98  -1.08 1.05 0.05 0.04 0.04 -0.03 1.09  1.41 -2.02 -2.39 -1.89 2.65 2.98
0.00 0.00 1.01  0.02 0.39 0.76 0.19 0.01 0.00 1.00  -0.94 0.26 0.19 0.04 -0.01 0.00 0.98  -1.30 0.81 0.21 0.02 0.04 -0.03 1.09  1.27 -1.85 -1.94 -1.81 2.65 2.98
0.00 0.00 1.01  -0.03 0.50 0.86 0.21 0.00 0.00 1.00  -0.95 0.02 0.41 0.09 -0.01 -0.00 0.98  -1.00 1.31 0.16 -0.14 0.04 -0.03 1.08  0.82 -1.57 -1.77 -1.90 2.65 2.98
-0.00 0.00 1.01  -0.11 0.42 0.84 0.17 0.00 0.00 1.00  -0.93 -0.03 0.62 0.11 -0.01 0.00 0.98  -0.64 1.23 0.43 -0.02 0.04 -0.03 1.08  0.96 -0.99 -1.70 -1.86 2.66 2.98
0.00 0.00 1.01  -0.15 0.40 0.91 0.17 0.00 0.00 0.99  -0.70 -0.77 0.68 0.06 -0.01 -0.00 0.98  -0.59 0.27 0.50 -0.02 0.03 -0.03 1.08  0.66 -0.56 -1.67 -1.78 2.66 2.98
-0.00 0.00 1.01  -0.14 0.48 0.94 0.12 -0.00 0.00 0.99  -0.52 -0.71 0.76 0.04 -0.01 0.00 0.98  -0.67 0.26 0.36 -0.00 0.03 -0.03 1.08  0.40 -0.00 -1.44 -1.70 2.66 2.98
-0.00 0.00 1.01  -0.13 0.33 0.87 0.11 -0.00 0.00 0.99  -0.31 -0.61 0.68 0.05 -0.02 -0.00 0.98  -0.60 0.14 0.39 -0.12 0.03 -0.03 1.09  -0.13 0.95 -0.97 -1.71 2.66 2.98
0.00 0.00 1.01  -0.11 0.26 0.82 0.10 -0.00 0.00 0.99  -0.13 -0.59 0.60 0.11 -0.02 -0.00 0.98  -0.43 -0.21 0.37 -0.06 0.03 -0.03 1.09  -0.64 1.63 -0.66 -1.86 2.66 2.98
-0.00 0.00 1.01  -0.04 0.32 0.81 0.11 -0.01 -0.00 0.99  0.11 -1.09 0.46 0.02 -0.02 -0.00 0.97  -0.12 -1.02 0.14 -0.11 0.03 -0.03 1.09  -0.75 2.27 -0.48 -1.98 2.66 2.98
-0.00 0.00 1.01  -0.07 0.08 0.71 0.12 -0.01 -0.00 0.99  0.40 -1.37 0.21 -0.08 -0.02 -0.00 0.98  0.13 -1.78 0.26 -0.20 0.03 -0.03 1.09  -0.71 3.16 -0.33 -1.90 2.66 2.98
-0.00 0.00 1.01  -0.01 0.04 0.71 0.08 -0.00 0.00 1.00  0.53 -1.74 0.06 0.03 -0.02 -0.00 0.98  0.09 -2.61 0.04 -0.14 0.03 -0.03 1.08  -0.67 3.85 -0.04 -1.99 2.66 2.98
-0.00 0.00 1.01  0.02 0.00 0.66 0.16 -0.00 0.00 1.00  0.26 -1.35 0.06 0.03 -0.02 -0.00 0.99  0.41 -2.71 -0.10 -0.28 0.03 -0.03 1.08  -0.54 4.24 0.17 -1.99 2.66 2.98
-0.00 0.00 1.01  0.03 0.03 0.71 0.16 -0.00 -0.00 1.00  -0.03 -1.18 0.06 -0.01 -0.02 -0.00 0.99  0.79 -3.08 -0.08 -0.15 0.02 -0.03 1.08  0.08 4.26 0.25 -1.93 2.66 2.98