-0.03 0.02 1.03  -0.03 0.64 -0.05 1.31 0.02 0.00 0.93  0.71 -0.31 0.74 0.17 -0.05 -0.01 1.12  1.13 -1.52 -0.15 -0.66 0.03 0.01 0.96  -1.98 -3.03 -1.25 0.63 977 754
-0.04 0.02 1.03  0.05 0.46 0.05 1.32 0.02 0.00 0.93  -0.18 1.45 1.35 0.13 -0.04 -0.01 1.11  0.54 3.36 1.24 -0.64 0.03 0.00 0.97  -2.53 -0.08 -0.63 0.23 974 767
-0.03 0.02 1.03  -0.06 -0.15 -0.18 1.30 0.03 0.00 0.93  -0.28 1.53 0.85 0.08 -0.04 -0.01 1.11  0.90 3.23 1.37 -0.68 0.02 0.00 0.98  -2.05 1.78 -0.45 0.28 974 775
-0.03 0.02 1.03  0.04 -0.03 -0.09 1.35 0.03 0.00 0.93  0.07 0.56 0.58 0.20 -0.04 -0.01 1.11  0.63 1.55 0.59 -0.48 0.01 0.00 0.99  -0.93 1.36 -0.37 0.13 974 790
-0.04 0.02 1.03  -0.10 0.25 0.04 1.20 0.03 0.00 0.92  -0.20 -0.06 0.67 0.20 -0.04 -0.01 1.10  1.02 0.10 0.71 -0.51 0.01 0.00 0.99  -1.14 -1.97 -1.47 0.26 967 805
-0.04 0.02 1.03  -0.10 0.61 -0.19 1.20 0.03 0.00 0.93  -0.81 0.33 0.28 0.07 -0.03 -0.01 1.10  1.58 -0.61 1.04 -0.42 0.02 -0.00 0.99  -0.60 -1.85 -1.06 -0.10 967 818
-0.04 0.02 1.03  0.23 0.30 -0.17 1.28 0.03 0.00 0.93  -0.21 0.36 0.49 0.04 -0.03 -0.01 1.10  0.02 -0.29 -0.23 -0.42 0.01 0.00 1.00  0.67 -0.32 -0.49 0.07 967 822
-0.04 0.02 1.03  0.06 -0.34 -0.42 1.21 0.03 0.00 0.93  0.13 0.47 -0.49 0.12 -0.03 -0.01 1.09  -0.35 -0.37 -0.87 -0.39 0.01 0.00 0.99  0.45 0.03 -0.12 0.06 967 822
-0.04 0.02 1.03  0.17 0.14 -0.26 1.18 0.03 0.00 0.92  0.14 0.29 -0.27 0.12 -0.03 -0.01 1.09  -0.40 0.17 -0.99 -0.52 0.02 0.01 0.99  1.06 -0.57 -0.11 0.30 973 829
-0.04 0.02 1.03  0.03 0.04 -0.31 1.19 0.03 0.00 0.92  0.07 -0.01 -0.27 0.12 -0.03 -0.01 1.09  -0.21 0.36 -0.71 -0.49 0.02 0.00 0.98  0.62 -0.88 -0.89 0.17 973 833
-0.04 0.02 1.03  0.05 0.21 -0.27 1.16 0.03 0.00 0.92  0.30 0.33 -0.03 0.11 -0.04 -0.01 1.09  -0.54 0.28 -0.86 -0.44 0.02 0.01 0.98  0.52 -0.74 -0.45 0.33 974 834
-0.04 0.02 1.03  0.18 0.04 -0.34 1.20 0.03 0.00 0.92  0.01 0.37 -0.17 0.09 -0.04 -0.01 1.09  -0.71 0.13 -0.83 -0.46 0.02 0.01 0.98  0.31 -0.64 -0.49 0.41 974 832
-0.04 0.02 1.03  0.07 0.05 -0.22 1.20 0.03 0.00 0.92  -0.07 0.22 -0.08 0.08 -0.04 -0.01 1.09  -0.70 0.07 -0.77 -0.49 0.02 0.01 0.97  0.39 -1.11 -1.00 0.46 974 834
-0.04 0.02 1.03  0.18 0.25 -0.26 1.21 0.03 0.00 0.92  -0.31 0.33 -0.04 0.10 -0.03 -0.01 1.10  -0.32 0.63 -0.55 -0.55 0.02 0.01 0.97  -0.61 -0.84 -0.45 0.36 974 834
-0.04 0.02 1.03  0.04 0.28 -0.21 1.27 0.03 0.00 0.92  -0.10 0.20 0.25 0.10 -0.03 -0.01 1.09  -0.09 0.20 -0.21 -0.51 0.02 0.00 0.97  -1.02 -0.57 -0.66 0.26 976 837
-0.04 0.02 1.03  -0.21 -0.17 -0.22 1.25 0.04 0.00 0.92  0.15 0.72 0.43 0.17 -0.03 -0.01 1.10  0.63 2.14 0.54 -0.54 0.03 0.00 0.98  -3.61 -0.77 -2.03 0.22 974 838
-0.04 0.02 1.03  0.18 0.81 0.11 1.22 0.04 0.00 0.91  1.39 0.34 1.71 0.25 -0.03 -0.01 1.09  -0.60 1.19 -0.52 -0.46 0.02 0.01 0.98  -0.03 0.07 0.23 0.37 974 838
-0.04 0.02 1.03  0.04 0.35 -0.16 1.23 0.04 0.00 0.92  0.02 0.98 0.46 0.08 -0.03 -0.00 1.09  -0.39 2.03 -0.22 -0.30 0.01 -0.00 0.99  0.10 0.75 0.29 0.02 974 850
-0.04 0.02 1.03  -0.12 -0.24 -0.37 1.21 0.05 0.00 0.91  -0.50 0.94 -0.26 0.16 -0.03 -0.01 1.09  0.27 1.42 0.01 -0.34 0.02 0.00 0.99  0.29 0.25 -0.66 0.03 974 850
-0.04 0.02 1.03  -0.58 -4.35 -1.56 1.25 0.05 0.01 0.91  -2.94 3.33 -1.19 0.36 -0.02 -0.00 1.07  0.84 -0.25 1.14 -0.21 0.03 0.00 0.99  2.35 -2.02 -2.03 0.21 974 831
-0.01 0.02 1.02  -1.10 -4.57 -2.01 1.21 0.02 0.00 0.93  -5.50 4.03 1.77 0.15 -0.05 -0.00 1.08  -2.54 -0.35 3.00 -0.18 0.06 0.01 0.97  -4.51 -6.49 -4.22 0.33 974 718
0.01 0.02 1.01  -6.80 -6.34 -0.93 1.08 -0.01 -0.01 1.02  2.81 0.91 16.71 -0.69 -0.08 0.01 1.16  -3.82 -14.51 3.25 0.30 0.04 -0.02 0.97  -4.83 -3.76 -4.77 -0.95 927 668
0.15 -0.11 0.97  -46.25 37.04 16.33 -6.35 -0.09 0.03 0.84  28.18 -35.75 39.74 1.95 -0.13 -0.02 1.23  -43.55 -59.09 -8.47 -0.77 -0.06 -0.00 0.98  11.72 -20.19 -3.06 -0.33 278 602
0.05 0.03 0.95  -18.19 24.48 -65.83 1.05 0.22 -0.03 0.71  17.97 -73.50 -9.50 -2.12 -0.03 -0.01 1.18  -19.81 -65.51 -48.67 -0.43 -0.06 0.00 0.93  8.30 -15.72 -6.76 0.02 143 0
-0.06 0.06 1.12  60.25 -33.46 -38.13 3.39 0.16 -0.01 0.79  -70.39 -5.67 -74.34 -1.33 -0.14 -0.14 1.21  -9.47 -10.39 -28.67 -6.72 -0.02 0.02 0.87  -0.64 -18.94 1.42 1.64 137 20
-0.28 -0.43 0.56  -26.09 18.45 -20.76 -37.12 -0.02 -0.12 0.98  -7.67 -42.15 4.16 -7.30 -0.12 -0.05 1.48  10.10 -8.39 -3.21 -2.79 -0.02 0.04 0.86  -6.79 -17.15 -2.15 2.49 903 0
-0.06 0.01 1.05  4.68 5.69 4.20 -3.18 0.07 0.05 0.80  28.07 16.46 7.87 2.70 -0.16 -0.03 1.11  45.77 56.30 2.79 -1.74 0.05 0.07 0.95  4.90 5.43 -5.24 4.71 982 476
-0.03 0.03 1.03  2.17 2.26 0.84 1.26 -0.09 0.02 0.77  20.03 -2.52 9.64 1.54 -0.16 -0.01 0.99  43.49 12.45 11.80 -0.83 0.05 0.09 0.94  -2.86 9.75 5.33 5.62 983 886
-0.02 0.04 1.03  -1.38 -0.74 1.92 2.12 -0.10 -0.01 0.85  13.08 8.60 18.12 -0.53 -0.14 0.02 0.97  39.49 24.56 27.67 0.97 0.09 0.01 0.89  -6.94 7.44 -3.51 1.17 950 942
0.00 0.00 1.02  -33.74 -7.64 7.39 0.48 -0.04 -0.02 0.79  40.13 23.39 50.77 -1.36 -0.19 0.01 0.93  -2.48 36.34 20.17 0.92 0.11 -0.03 0.82  8.28 28.35 -7.90 -2.27 334 981
-0.04 -0.88 1.07  -219.96 81.92 109.10 -39.43 0.08 0.04 0.43  73.97 -7.91 69.54 5.50 -0.19 0.09 0.96  -68.04 -5.63 -11.91 5.61 -0.19 0.00 1.06  11.99 1.16 24.07 -0.18 166 806
-0.01 0.06 0.83  101.30 -14.96 -58.51 0.53 0.27 -0.20 0.42  -75.69 -31.82 -66.88 -25.12 0.09 -0.04 0.98  -57.64 -35.07 -50.89 -1.60 -0.04 -0.07 0.92  -4.99 -33.12 1.47 -4.39 161 0
-0.33 -0.54 1.09  102.31 -58.88 -10.16 -26.15 0.16 -0.01 0.65  -152.70 70.01 -99.80 -3.27 -0.05 -0.13 1.22  18.04 -21.42 -18.08 -6.07 -0.03 0.07 0.86  -9.62 -37.09 0.78 4.52 138 0
0.01 0.02 1.43  -73.26 43.85 32.96 -1.75 -0.14 0.25 1.35  28.16 -32.15 20.54 10.26 -0.04 0.15 1.37  -19.65 -55.63 -7.31 5.50 -0.00 0.05 0.89  8.08 -22.11 -10.39 3.78 965 22
-0.02 0.00 1.03  2.03 -6.07 0.87 0.10 -0.14 -0.01 0.87  22.94 -10.22 0.63 0.28 -0.32 -0.02 1.07  55.65 39.11 15.80 -0.61 0.09 -0.05 0.98  3.54 25.45 -20.35 -2.66 989 822
-0.04 0.02 1.03  1.34 -5.57 -0.66 0.89 -0.13 -0.01 0.84  6.90 23.15 9.02 -0.50 -0.25 -0.00 0.95  40.78 49.77 30.36 -0.27 0.05 -0.02 0.88  -12.92 23.46 1.15 -1.28 983 870
-0.00 0.03 1.02  1.97 1.27 2.96 1.60 -0.14 -0.04 0.88  24.35 12.61 29.35 -2.34 -0.15 0.02 0.96  14.07 34.74 16.56 1.36 0.01 -0.04 0.88  -14.32 18.99 -2.58 -2.97 974 910
-0.01 0.05 1.07  -42.70 -1.49 13.04 2.73 0.07 0.05 0.83  36.34 17.71 57.85 3.00 -0.09 0.12 0.93  -13.43 29.33 12.42 7.21 -0.03 0.12 0.93  13.86 11.03 18.19 6.96 470 966
-0.09 -0.79 1.09  -180.29 69.15 114.22 -35.72 0.12 -0.02 0.41  69.77 10.01 47.07 -2.19 -0.08 0.11 0.95  -67.12 -28.79 -17.13 7.13 -0.11 -0.05 0.96  -6.26 5.40 17.76 -2.27 245 838
-0.21 0.01 0.96  124.09 -54.76 -27.23 -2.82 0.32 -0.18 0.51  -88.65 29.04 -97.23 -20.01 0.06 -0.11 1.00  -41.48 16.63 -36.16 -5.67 -0.01 -0.00 0.90  -8.11 -2.57 1.99 -0.53 186 0
-0.40 -0.35 0.78  56.22 -91.47 51.36 -24.72 0.02 -0.09 0.83  -80.13 91.48 -74.61 -8.35 -0.16 -0.05 1.38  2.15 20.13 -8.51 -2.74 -0.04 0.03 0.87  -7.68 -5.45 -2.32 2.06 138 0
-0.17 -0.06 1.12  2.39 47.28 16.42 -5.72 0.10 0.08 0.81  21.55 -58.55 11.03 4.67 -0.04 -0.03 1.34  12.35 2.73 -5.80 -1.67 0.08 0.13 0.97  8.23 7.09 -18.20 8.01 974 782
-0.05 0.00 1.03  1.30 -3.96 -0.61 -0.33 -0.22 -0.01 0.88  7.48 7.79 0.62 0.01 -0.22 0.01 1.11  23.40 21.23 8.05 0.60 0.16 -0.01 0.98  -0.22 53.42 -2.26 0.01 989 945
-0.04 -0.00 1.02  -3.32 -16.81 -3.97 -0.08 -0.16 -0.01 0.87  -16.03 23.04 1.64 -0.65 -0.26 -0.00 1.04  4.94 24.23 20.59 0.05 0.15 -0.03 0.92  -7.55 55.36 10.58 -2.01 991 916
0.03 0.00 1.00  1.46 -6.05 -1.04 -0.00 -0.15 -0.00 0.94  -17.10 34.58 17.16 -0.37 -0.23 -0.02 1.07  -11.27 57.49 19.54 -0.86 0.08 0.02 0.90  1.24 88.33 11.67 1.18 992 831
-0.03 -0.11 1.07  29.82 -14.76 26.72 -6.04 0.19 0.05 0.84  -1.28 45.47 7.87 3.33 0.06 0.02 1.12  -21.31 62.35 7.44 0.71 -0.04 0.12 0.92  5.14 83.37 22.83 7.44 748 130
-0.01 -0.08 0.95  42.31 -78.68 211.57 -5.59 -0.04 -0.04 0.86  22.61 187.75 -10.63 -2.06 -0.07 -0.07 1.09  -14.34 119.83 26.82 -3.67 -0.10 0.01 0.88  8.94 70.32 21.07 1.59 231 0
0.19 0.01 0.96  20.65 -70.13 83.13 0.23 -0.32 -0.02 0.86  -2.81 125.75 -22.54 -1.85 -0.32 -0.05 1.25  -0.75 113.99 14.05 -2.86 -0.07 -0.00 0.91  -2.67 73.59 32.07 -0.03 774 0
-0.16 0.01 1.06  2.63 -2.16 -1.93 0.76 0.03 0.02 0.78  -1.68 5.08 -0.80 1.40 0.02 0.02 1.07  18.90 86.12 3.70 0.54 0.05 0.18 0.96  23.61 74.08 11.53 10.42 982 928
-0.03 0.00 1.02  -1.11 -1.83 -0.30 0.24 -0.10 0.00 0.77  -7.08 20.82 7.51 0.42 -0.16 -0.02 1.01  -0.70 54.68 18.17 -1.15 0.03 0.09 0.89  6.22 76.30 25.05 6.88 992 948
-0.02 0.00 1.02  -0.13 -4.20 -2.58 0.13 -0.08 -0.01 0.92  -8.77 22.18 19.27 -0.76 -0.13 -0.01 1.15  -1.40 18.12 18.25 -0.55 0.07 0.01 0.83  -0.13 95.75 16.92 1.50 991 918
-0.02 -0.09 1.02  40.22 -64.22 107.84 -4.86 0.35 0.00 0.70  27.58 77.15 -11.51 0.25 0.13 0.09 1.09  -37.65 34.63 20.62 4.60 -0.08 -0.05 0.91  8.15 68.46 19.18 -3.15 436 217
0.02 0.23 1.15  28.04 -57.65 90.39 10.83 -0.09 0.03 0.92  -5.12 99.07 -29.17 1.87 -0.33 -0.06 1.18  -41.93 44.86 13.28 -2.54 -0.12 0.03 0.93  10.69 44.74 10.07 1.67 235 0
-0.06 0.05 1.12  40.05 -30.28 -6.06 3.42 -0.07 0.02 0.99  -75.13 26.82 -33.39 1.28 -0.18 -0.11 1.40  -32.64 23.39 4.69 -4.68 -0.08 0.06 0.93  -1.30 14.33 7.04 4.10 169 0
0.02 -0.08 0.79  15.34 -20.63 1.26 -5.34 -0.24 -0.15 1.14  -11.58 10.32 -12.20 -7.20 -0.24 -0.22 1.47  12.13 1.70 -3.01 -9.04 -0.10 0.01 0.89  -2.69 -7.98 3.26 1.05 145 0
-0.07 -0.09 1.11  -11.82 53.10 28.26 -5.27 0.13 0.02 0.81  63.94 -6.60 19.29 0.76 0.15 -0.13 1.03  20.98 22.54 -15.90 -7.90 -0.06 0.06 0.87  18.53 14.55 -2.42 4.16 982 233
-0.05 0.03 1.04  0.20 -0.63 0.46 1.30 -0.16 0.01 0.84  23.39 2.55 8.67 0.93 -0.21 -0.02 1.04  47.10 14.36 15.64 -1.94 0.04 0.10 0.95  6.81 17.10 -0.79 6.71 992 774
-0.04 0.03 1.04  3.73 1.83 2.02 1.89 -0.11 -0.02 0.82  20.55 1.35 17.44 -1.18 -0.17 -0.00 0.94  33.56 14.07 17.90 -0.43 0.03 0.00 0.86  1.07 10.64 -0.87 0.69 981 882
-0.09 0.06 1.06  -12.98 -5.61 4.65 3.25 0.03 0.01 0.75  34.77 15.95 37.76 0.72 -0.05 0.01 0.88  18.48 32.73 21.25 0.78 0.00 0.02 0.86  -9.40 16.39 -2.63 1.13 694 950
0.08 0.01 1.04  -177.93 38.43 54.84 0.74 0.08 0.18 0.94  87.32 10.59 81.93 10.80 -0.07 0.13 1.31  -45.76 21.87 -5.93 5.62 0.02 0.10 0.98  2.49 6.70 23.94 5.93 181 982
0.14 0.20 0.81  63.97 6.50 -18.09 13.88 0.08 -0.29 0.41  -18.52 -1.86 -25.28 -34.59 0.00 -0.00 0.90  -75.65 -88.87 -41.59 0.36 -0.04 0.02 0.94  5.22 -24.79 -10.88 1.65 190 0
-0.46 -0.52 1.28  181.43 -90.84 -39.77 -20.59 0.36 -0.00 0.45  -192.54 34.93 -139.75 -3.93 -0.19 -0.26 1.01  -9.71 -18.51 -21.62 -14.41 -0.08 -0.04 0.85  -12.11 -21.87 -6.66 -2.43 126 0
0.13 -0.03 0.66  -49.99 60.35 -14.27 -4.51 -0.11 -0.10 0.97  53.11 6.20 22.06 -6.17 0.03 -0.30 1.25  -6.41 -58.36 -22.13 -14.98 -0.05 0.03 0.81  2.10 -31.70 -3.03 1.61 977 69
-0.10 0.01 1.06  -2.02 -2.35 1.71 0.17 -0.20 0.03 0.77  37.45 -44.59 15.35 1.49 -0.31 -0.01 1.01  51.87 26.06 19.42 -1.96 0.17 0.10 1.01  -14.29 40.27 -28.90 6.04 992 861
-0.06 0.02 1.03  1.94 0.63 0.65 1.01 -0.19 -0.02 0.82  11.37 12.57 14.74 -1.17 -0.28 -0.01 0.98  39.97 35.37 31.66 -0.50 0.06 -0.02 0.82  -11.43 38.59 5.48 -0.89 990 930
-0.05 0.05 1.04  -2.17 -7.26 2.63 2.60 -0.15 -0.04 0.88  40.44 22.40 51.65 -2.64 -0.27 0.01 1.05  11.13 59.97 18.11 0.36 0.03 -0.05 0.81  3.65 59.87 11.70 -3.71 957 962
0.06 -0.12 0.97  -221.48 39.75 90.07 -6.99 0.20 0.20 0.70  104.29 22.40 67.41 15.64 -0.17 0.19 1.17  -55.46 20.86 -18.20 9.08 0.03 -0.04 0.97  4.46 80.95 19.24 -2.47 192 978
-0.38 0.25 1.04  97.59 -167.91 25.72 12.96 0.31 -0.32 0.54  -37.66 91.53 -157.48 -29.20 0.30 -0.08 0.93  -76.14 85.03 -15.48 -4.29 -0.03 0.04 0.91  -2.34 46.52 7.30 2.21 166 44
-0.88 -0.32 1.25  150.45 -176.34 153.98 -13.05 0.24 -0.02 0.60  -154.84 238.09 -129.61 -5.05 -0.24 -0.16 1.20  -12.24 57.34 16.94 -7.80 -0.17 0.01 0.84  -8.63 39.76 17.60 0.81 145 82
-0.15 0.08 1.07  -46.73 32.64 56.52 2.73 -0.42 0.16 1.14  20.61 -29.83 14.40 7.32 -0.26 0.11 1.49  -32.57 -75.80 6.28 3.30 0.03 0.13 0.89  20.49 27.37 0.34 8.33 977 53
-0.11 0.03 1.07  -0.70 3.52 3.33 1.90 -0.31 -0.01 0.80  20.65 32.20 13.16 -0.14 -0.43 -0.01 1.06  30.68 45.91 15.55 0.00 0.11 -0.05 1.02  3.08 103.01 -14.88 -2.02 994 910
-0.11 0.02 1.05  -3.13 -6.13 0.73 1.33 -0.16 -0.01 0.80  -0.23 21.51 9.77 -0.82 -0.36 -0.02 1.00  20.10 57.32 27.82 -1.09 0.04 0.00 0.84  7.23 86.22 18.07 0.09 994 945
-0.15 0.03 1.05  2.14 -3.79 1.39 1.66 -0.13 -0.02 0.87  16.48 22.01 26.32 -1.60 -0.23 -0.03 1.06  27.37 54.29 36.77 -1.92 0.00 -0.01 0.78  -21.29 65.42 0.53 -0.56 994 967
0.11 0.09 1.11  -97.32 -14.67 30.44 4.56 0.12 0.14 0.90  86.87 42.23 73.94 8.98 -0.07 0.22 1.17  -39.56 93.21 -2.28 10.27 0.02 0.21 0.97  26.78 31.40 33.63 12.10 365 982
0.24 0.10 0.79  72.12 -60.48 96.08 7.72 0.53 -0.27 0.39  23.27 56.68 -53.17 -33.40 0.17 0.04 0.88  -75.00 -10.76 -17.17 3.74 -0.08 0.03 0.96  14.48 -12.69 -4.43 2.84 228 158
-0.72 -0.09 1.31  168.91 -91.43 69.54 -3.15 0.37 -0.09 0.59  -151.41 114.87 -147.88 -12.11 -0.09 -0.21 1.02  -13.67 85.29 -2.84 -11.48 -0.05 0.06 0.87  -8.36 41.43 20.23 4.11 161 71
-0.32 -0.38 0.35  33.01 -5.80 85.20 -47.08 -0.26 -0.29 1.10  -8.51 25.46 35.06 -16.21 -0.29 -0.00 1.50  -18.89 21.55 4.35 -1.28 -0.04 0.02 0.86  -1.68 23.64 10.36 1.97 942 0
-0.28 0.03 1.09  5.22 10.51 4.59 -3.04 -0.01 0.04 0.83  22.72 38.69 17.61 1.13 -0.42 0.01 1.04  42.40 96.28 19.36 0.37 0.11 -0.03 1.03  20.31 63.65 -2.64 -1.20 993 849
-0.10 0.04 1.05  -3.26 -11.64 -1.75 1.63 -0.15 -0.01 0.76  8.87 19.69 12.19 -0.71 -0.34 -0.02 0.94  31.88 90.16 23.96 -0.87 0.08 -0.01 0.92  -3.98 69.94 20.29 -0.73 993 934
-0.09 0.03 1.05  -2.02 -6.11 0.94 2.00 -0.15 -0.02 0.82  11.23 24.27 18.93 -1.78 -0.23 -0.01 0.93  11.34 90.85 20.04 -0.56 0.02 0.01 0.82  -11.29 94.40 17.52 0.86 991 962
-0.07 0.04 1.05  -11.61 -15.89 1.31 2.24 -0.03 -0.02 0.79  31.83 34.67 44.43 -1.75 -0.15 0.02 0.91  -7.61 80.92 8.59 1.21 0.08 -0.01 0.79  6.25 100.06 20.47 -0.34 902 982
-0.03 -0.17 0.94  -98.12 -3.21 85.74 -10.14 0.41 0.01 0.56  71.95 72.33 17.75 0.42 0.22 0.18 1.01  -52.04 66.82 -8.03 9.97 -0.05 -0.01 0.97  4.34 102.22 39.77 -0.50 218 991
-0.10 -0.08 0.84  23.46 -246.60 125.54 -6.50 0.20 -0.30 0.41  70.45 202.51 -145.48 -36.16 0.16 -0.08 0.86  -50.58 193.66 7.50 -4.31 -0.09 -0.01 0.86  6.48 123.56 22.07 -0.52 173 166
-0.52 0.12 1.24  89.99 -89.51 76.90 5.01 0.25 -0.01 0.72  -59.55 112.01 -86.46 -4.45 -0.26 -0.11 1.18  -42.45 68.88 34.94 -5.71 -0.16 -0.01 0.89  10.71 79.76 16.60 -0.98 169 117
-0.45 -0.37 1.34  73.19 -54.45 65.93 -14.93 -0.02 -0.00 0.85  -129.12 123.32 -50.93 -0.73 -0.19 -0.17 1.35  -53.23 95.56 36.55 -7.63 -0.10 0.05 0.89  -1.74 54.42 19.87 3.14 96 66
-0.05 -0.13 0.72  11.46 4.27 9.88 -11.89 -0.24 -0.20 1.21  -5.80 -0.21 13.64 -9.26 -0.16 -0.23 1.58  5.95 -1.56 12.91 -9.00 -0.15 0.11 0.89  -3.47 17.89 16.00 7.37 105 90
-0.10 -0.15 1.17  -31.38 29.35 37.27 -8.36 0.08 0.01 1.01  65.16 -25.97 13.53 -0.27 0.10 -0.10 1.14  43.81 2.37 -14.73 -5.78 -0.08 0.03 0.90  22.30 34.99 -8.12 2.90 989 52
-0.00 0.01 1.02  0.47 11.53 5.42 -0.11 -0.22 -0.02 0.91  38.39 -5.27 10.32 -1.11 -0.27 0.01 1.03  37.14 20.66 4.58 0.10 0.04 0.08 1.01  -3.72 21.83 -5.22 4.62 994 918
-0.07 0.02 1.04  1.64 1.15 2.20 1.27 -0.12 -0.02 0.90  17.11 1.52 15.68 -1.10 -0.17 -0.00 1.00  41.30 -6.43 17.92 -0.10 0.01 -0.02 0.90  -5.39 -7.21 -9.84 -1.04 982 966
-0.11 0.03 1.06  -33.76 -15.05 3.86 1.81 -0.02 -0.01 0.83  56.32 -0.03 55.68 -0.88 -0.24 0.01 1.01  -5.57 11.47 14.07 0.83 -0.05 -0.03 0.85  5.90 -1.44 -18.89 -2.33 434 992
0.13 -0.21 0.78  -217.71 60.68 47.31 -14.56 0.31 0.09 0.64  44.42 -9.47 78.41 7.87 -0.03 0.10 1.12  -29.21 -46.05 20.98 5.32 -0.01 -0.05 0.97  4.23 -48.59 -9.68 -3.40 150 983
-0.02 -0.19 0.60  27.46 79.81 -70.19 -18.54 0.07 -0.33 0.28  -28.76 -77.86 57.55 -48.80 -0.04 0.07 0.88  -48.51 -154.86 -28.52 4.90 -0.12 0.06 0.95  3.54 -69.53 -8.51 3.15 182 100
0.22 -0.22 0.67  98.37 53.73 -127.03 -20.24 0.22 -0.25 0.29  -137.52 -98.52 -31.78 -46.02 0.01 -0.06 0.96  -42.87 -86.83 -59.06 -2.85 -0.04 0.03 0.85  -2.15 -79.06 -11.00 2.04 142 31
-0.07 -0.31 0.98  108.20 4.49 -56.90 -19.83 0.19 -0.02 0.83  -142.47 -21.66 -59.35 -5.80 -0.01 -0.15 1.45  -65.33 -42.82 -21.04 -6.31 0.03 -0.00 0.83  -13.67 -58.41 -8.13 0.19 126 50
-0.19 0.98 1.68  -137.83 7.51 -67.19 28.21 -0.06 0.55 1.61  34.51 -74.60 10.62 18.43 0.05 0.22 1.28  36.26 -71.95 -20.92 9.09 -0.04 0.04 0.92  -7.37 -31.96 -1.39 2.50 981 116
0.08 0.01 1.02  -10.28 -26.11 -0.32 3.37 0.02 0.05 0.91  32.82 7.60 -12.14 5.07 -0.27 -0.04 1.08  51.25 19.52 -1.90 -1.33 0.11 0.02 0.98  -6.39 -9.47 -11.92 1.17 992 36
0.06 0.00 0.99  -5.53 -0.35 -3.23 0.61 -0.12 0.01 0.92  16.74 -15.33 -8.26 1.10 -0.20 0.00 1.05  41.48 -7.32 1.34 0.04 0.09 0.04 0.94  1.26 -16.82 0.76 2.41 994 746
0.02 0.00 1.00  0.13 16.33 3.92 0.10 -0.11 0.00 0.88  18.45 -2.89 7.02 0.33 -0.11 -0.01 1.00  13.34 16.55 7.61 -0.51 0.11 0.02 0.91  -4.04 -1.20 -2.67 1.67 993 933
0.00 -0.00 1.01  0.68 -0.64 -0.14 -0.22 -0.09 0.00 0.84  5.74 9.60 11.54 0.26 -0.10 -0.00 0.94  27.20 26.94 15.43 -0.09 0.10 0.00 0.89  1.80 26.36 2.10 0.43 991 960
0.02 0.01 1.01  -6.97 -5.83 2.93 0.50 -0.00 -0.02 0.89  26.45 9.69 41.89 -1.18 -0.01 0.04 0.93  -0.87 24.03 -4.39 2.71 -0.01 0.09 1.00  1.81 18.52 12.19 5.27 950 962
0.06 -0.10 0.95  -65.54 1.26 19.11 -6.19 0.21 -0.01 0.70  51.22 24.91 29.57 -0.61 0.09 0.06 0.97  -49.03 16.18 -2.24 3.67 -0.04 -0.04 1.00  -2.14 34.98 13.37 -1.63 266 913
0.00 -0.05 0.88  83.72 -42.50 83.50 -4.06 0.37 -0.14 0.56  -1.50 75.49 -33.33 -13.57 0.12 0.01 0.93  -25.91 52.12 10.91 0.75 -0.07 0.03 0.99  3.34 39.46 -1.34 1.73 186 37
-0.12 -0.05 1.04  83.72 -41.41 80.03 -2.87 0.25 -0.03 0.78  -40.89 101.56 -55.02 -3.34 0.07 -0.06 1.30  -58.49 61.12 4.90 -2.48 -0.07 0.01 0.96  -4.06 46.08 6.87 0.74 162 0
-0.01 0.12 1.08  43.62 -34.42 86.98 6.18 -0.12 -0.01 0.93  -36.31 102.17 -49.37 -0.94 -0.29 -0.16 1.28  -31.56 91.17 5.69 -7.18 -0.10 0.02 0.92  6.79 44.51 16.94 1.24 125 0
0.04 -0.23 0.87  -13.17 -41.02 4.81 -14.31 -0.12 -0.06 0.97  -7.84 28.26 -7.26 -3.90 -0.16 -0.17 1.44  12.97 15.21 4.43 -7.25 -0.14 0.07 0.93  -3.79 19.11 9.10 4.50 902 0
-0.02 -0.04 1.03  -4.11 18.77 11.64 -3.68 -0.11 -0.03 1.08  9.40 -1.81 -7.78 -1.94 -0.09 -0.07 1.38  28.74 -23.08 -9.89 -3.72 -0.08 0.01 0.96  -7.62 -9.77 -0.43 0.91 966 0
-0.02 -0.01 1.01  -0.39 0.93 1.81 -0.81 -0.21 -0.01 0.94  23.62 -3.16 -3.83 -0.69 -0.26 -0.04 1.20  24.33 -2.22 -8.92 -2.50 0.06 -0.00 1.03  -20.37 -6.44 1.52 0.02 982 912
-0.02 -0.01 1.01  0.57 1.54 -0.07 -0.58 -0.21 -0.02 0.88  20.51 -1.48 5.41 -1.27 -0.28 -0.03 1.15  7.32 -3.94 -7.68 -1.90 0.08 -0.08 1.09  -6.92 -9.34 0.64 -4.34 982 945
-0.02 -0.00 1.01  1.23 1.76 0.06 -0.27 -0.16 -0.01 0.79  13.03 0.19 6.41 -0.76 -0.27 -0.03 1.12  -2.63 0.71 -4.19 -1.94 0.09 -0.05 1.10  2.08 0.45 -0.12 -2.88 982 950
-0.02 0.00 1.01  0.47 1.14 -0.23 0.05 -0.14 -0.01 0.77  1.38 0.82 2.35 -0.75 -0.27 -0.04 1.14  -1.50 0.17 0.33 -2.25 0.05 -0.03 1.09  0.18 -1.88 -0.40 -1.70 982 950
-0.03 -0.00 1.01  -0.63 1.05 0.17 -0.08 -0.14 -0.01 0.80  -4.58 0.06 -0.48 -0.88 -0.25 -0.04 1.16  -0.59 -1.29 1.88 -2.26 0.04 -0.04 1.08  -0.81 -0.88 -1.61 -2.04 982 959
-0.03 -0.00 1.01  -0.96 2.26 0.34 -0.22 -0.17 -0.01 0.82  -5.55 -1.70 -0.68 -1.05 -0.25 -0.04 1.18  0.02 -4.40 1.94 -2.38 0.03 -0.04 1.08  -0.25 -3.77 -4.39 -2.20 982 966
-0.04 -0.00 1.02  0.08 2.71 -0.10 -0.27 -0.14 -0.01 0.84  -3.94 -2.22 1.30 -0.68 -0.22 -0.04 1.18  -2.63 -4.19 1.00 -2.37 0.02 -0.02 1.07  3.11 -5.78 -5.26 -1.51 982 966
-0.04 -0.01 1.02  -0.20 0.36 -0.45 -0.43 -0.15 -0.01 0.86  -2.71 -0.65 -0.13 -0.72 -0.22 -0.05 1.20  -1.97 -2.19 0.14 -2.41 0.01 -0.03 1.06  1.70 -3.15 -3.04 -1.65 982 966
-0.04 -0.01 1.01  -0.01 0.65 -0.21 -0.48 -0.16 -0.01 0.86  -1.04 0.23 -0.41 -0.87 -0.22 -0.05 1.20  -1.04 0.85 -0.42 -2.52 0.00 -0.02 1.05  1.60 -1.24 -1.17 -1.25 982 965
-0.05 -0.00 1.02  1.54 1.70 0.17 -0.14 -0.17 -0.02 0.89  6.44 -0.22 1.88 -1.30 -0.21 -0.05 1.25  -3.90 -0.89 -3.05 -2.58 -0.01 -0.03 1.04  3.32 -4.24 -0.37 -1.67 982 946
-0.06 0.00 1.03  -0.39 -3.71 -1.49 -0.01 -0.11 0.00 0.79  5.77 4.47 0.05 0.07 -0.24 -0.05 1.18  2.79 1.81 -3.02 -2.75 -0.01 0.04 1.04  -0.97 -12.18 -4.14 1.81 983 927
-0.02 0.00 1.02  -0.38 -5.88 -1.34 0.16 -0.18 -0.02 0.84  -6.41 7.20 -8.78 -1.13 -0.27 -0.04 1.19  10.87 12.82 -1.22 -2.36 0.10 -0.06 1.08  -13.61 -13.09 -0.42 -3.26 993 919
-0.04 0.00 1.02  -1.22 -0.61 0.05 0.21 -0.17 -0.01 0.84  3.04 4.39 -1.67 -0.80 -0.26 -0.02 1.18  -14.06 2.29 -3.43 -1.08 0.13 -0.02 1.08  14.58 22.94 -8.02 -1.40 993 945
-0.03 -0.01 1.02  -2.25 -10.23 -3.07 -0.27 -0.17 0.00 0.80  -11.30 0.90 -5.62 0.03 -0.29 -0.03 1.18  -23.87 -11.45 -5.15 -1.44 0.03 0.00 1.08  13.98 2.21 -4.77 0.02 993 913
0.01 0.00 1.00  0.03 3.14 -2.35 -0.01 -0.26 -0.04 0.94  -8.28 -7.18 -0.68 -2.59 -0.25 -0.15 1.43  -36.29 -28.91 2.26 -6.21 -0.06 0.01 0.90  13.03 -3.81 -7.98 0.81 981 609
0.01 -0.01 1.00  -9.96 22.16 -9.13 -0.32 -0.27 -0.02 0.93  21.90 -45.89 21.32 -1.69 -0.18 -0.23 1.60  -45.05 -25.29 2.23 -9.03 -0.13 -0.09 0.81  28.89 2.43 -14.54 -5.97 886 577
-0.03 -0.05 1.00  -8.63 25.78 -46.06 -3.18 -0.05 -0.06 0.77  21.43 -32.88 23.31 -4.62 -0.05 -0.30 1.62  -23.53 3.86 -14.91 -11.35 -0.19 0.12 0.75  13.93 4.37 -16.11 8.49 818 742
-0.12 0.00 1.04  4.27 10.92 5.10 -0.11 -0.09 -0.02 0.76  20.44 2.82 -3.18 -1.78 -0.25 -0.35 1.70  -14.91 14.80 -7.19 -12.79 -0.17 -0.00 0.75  -2.53 2.94 -13.07 0.84 951 854
-0.12 0.00 1.04  -0.77 10.14 4.99 0.09 -0.07 -0.03 0.65  24.61 2.08 -3.30 -3.23 -0.21 -0.37 1.71  -14.41 13.00 -1.83 -13.49 -0.25 0.00 0.76  4.09 3.12 -21.17 0.26 966 934
-0.12 -0.01 1.03  1.39 5.02 4.06 -0.57 -0.13 -0.06 0.54  19.48 -6.99 -4.30 -6.63 -0.29 -0.39 1.72  -24.91 6.53 -6.50 -14.28 -0.28 -0.02 0.75  5.95 4.89 -24.25 -1.77 966 966
-0.13 -0.01 1.04  5.23 -7.55 2.83 -0.42 -0.09 -0.09 0.50  3.19 7.91 -2.95 -11.12 -0.22 -0.46 1.79  -41.35 7.84 1.70 -16.00 -0.29 -0.03 0.64  13.88 24.59 -13.62 -3.03 974 934
-0.07 0.02 1.03  6.06 -5.09 -0.29 0.96 -0.16 -0.08 0.54  -21.41 -0.01 -0.77 -10.08 -0.31 -0.67 1.89  -46.06 -4.03 0.62 -21.20 -0.44 -0.03 0.61  15.77 37.41 -7.13 -3.16 978 790
-0.12 0.02 1.06  -0.25 3.62 -0.79 1.12 -0.18 -0.05 0.61  -23.64 4.43 -0.73 -5.26 -0.32 -0.84 1.93  -30.21 -2.77 6.06 -25.52 -0.50 -0.05 0.50  -13.07 17.60 -0.15 -6.19 974 678
-0.15 0.02 1.05  1.04 12.53 1.43 1.22 -0.12 -0.04 0.72  -9.22 -1.71 7.48 -3.43 -0.20 -0.94 1.96  -18.46 -11.09 -2.47 -28.17 -0.47 0.04 0.43  25.21 18.29 -2.59 4.39 966 698
-0.16 0.02 1.05  -2.41 -1.21 -0.35 0.99 -0.08 -0.06 0.73  5.91 2.21 -3.19 -4.80 -0.10 -0.99 1.96  -7.67 -4.71 7.89 -29.61 -0.43 -0.05 0.41  -2.14 -3.34 -0.52 -7.01 960 724
-0.14 0.01 1.05  0.43 1.16 -0.55 0.61 -0.08 -0.03 0.67  -3.21 -3.31 0.50 -2.96 -0.14 -0.92 1.96  -4.45 -2.13 -5.87 -28.06 -0.35 -0.08 0.43  -0.13 -8.77 6.25 -11.11 950 694
-0.15 0.01 1.05  1.69 -2.12 -1.11 0.64 -0.11 -0.02 0.67  -3.05 6.72 -3.64 -1.86 -0.19 -0.96 1.98  -8.76 7.62 5.63 -28.63 -0.38 -0.01 0.38  0.96 -5.47 8.26 -2.58 961 578
-0.12 0.01 1.04  -2.12 -2.55 -0.46 0.59 -0.11 -0.04 0.70  7.87 4.01 -5.01 -3.77 -0.15 -1.01 1.96  -2.34 2.07 7.98 -30.10 -0.42 -0.06 0.40  -0.85 -10.29 4.52 -8.06 954 662
-0.13 0.01 1.04  -0.33 0.12 -0.38 0.37 -0.10 -0.02 0.62  2.55 2.75 -1.68 -2.11 -0.19 -0.93 1.98  -3.54 3.16 1.30 -28.24 -0.32 -0.04 0.47  -2.13 -14.15 3.23 -5.71 950 642
-0.10 0.00 1.03  0.88 1.36 0.13 0.09 -0.12 -0.06 0.69  -6.57 -1.73 -0.39 -4.81 -0.15 -1.03 1.95  -3.09 1.96 -5.42 -30.69 -0.38 -0.02 0.50  -8.92 1.72 2.41 -3.28 950 646
-0.12 0.00 1.04  -0.45 1.65 0.17 0.27 -0.14 -0.03 0.67  3.79 -1.51 -0.83 -3.40 -0.20 -1.01 1.97  -1.32 0.16 0.01 -30.25 -0.37 0.01 0.49  -1.85 -7.02 -0.94 1.09 950 594
-0.13 0.00 1.04  0.02 0.12 -0.65 0.25 -0.11 -0.04 0.66  0.81 0.86 -1.43 -3.44 -0.18 -1.00 1.97  -1.34 1.29 -0.02 -29.90 -0.37 -0.00 0.50  -0.88 0.30 2.05 -0.24 950 610