0.42 -0.02 -0.54 -0.03 0.00 0.99  -0.80 0.29 -0.72 0.19 0.02 -0.01 1.01  0.31 0.49 -0.99 -0.35 942 930
-0.00 0.00 1.01  0.12 -0.00 -0.26 0.12 0.07 -0.01 0.85  -0.06 0.98 -0.09 -0.50 -0.02 0.00 0.99  -0.88 2.00 -0.93 0.09 0.01 -0.00 1.01  0.45 1.36 -0.59 -0.22 942 930
-0.00 0.00 1.01  0.11 -0.18 -0.33 0.15 0.07 -0.01 0.85  0.27 -0.51 -0.40 -0.58 -0.04 0.00 0.99  -1.42 -0.39 -1.54 0.12 0.01 -0.00 1.01  0.37 -0.03 -1.23 -0.22 942 929
-0.00 0.00 1.01  0.36 0.31 -0.30 0.13 0.06 -0.01 0.86  -0.36 -0.38 0.37 -0.57 -0.04 -0.00 1.00  -0.61 -2.48 -1.17 -0.02 0.01 -0.01 1.00  0.18 -2.34 -1.44 -0.39 945 929
-0.00 0.00 1.00  -0.18 -0.23 -0.19 0.04 0.07 -0.01 0.85  0.51 0.01 0.65 -0.57 -0.04 -0.00 0.99  -2.07 -2.07 -1.69 -0.05 0.02 0.00 1.00  1.91 -2.53 -2.50 -0.01 935 930
-0.00 0.00 1.01  0.67 0.40 -0.50 0.09 0.08 -0.01 0.85  -1.09 1.77 -0.43 -0.50 -0.02 -0.00 1.00  -2.19 2.66 -1.56 -0.01 0.03 0.01 0.99  0.31 7.30 3.68 0.45 945 927
-0.00 0.01 1.01  0.39 -0.17 -0.43 0.30 0.07 -0.00 0.86  -0.42 -0.27 -1.23 -0.31 -0.04 0.00 1.02  -1.74 3.75 -1.70 0.02 0.01 0.00 0.99  0.56 5.54 1.95 0.21 950 927
-0.00 0.00 1.01  -0.04 -0.24 -0.42 0.26 0.06 -0.01 0.86  -0.06 -0.73 -1.16 -0.40 -0.05 -0.00 1.02  -0.81 0.22 -1.57 -0.01 0.02 0.00 0.99  0.34 0.52 -0.77 0.15 950 927
0.00 0.00 1.01  -0.17 0.16 -0.34 0.26 0.06 -0.00 0.86  0.25 -1.15 -0.37 -0.28 -0.05 0.00 1.02  -0.87 -3.23 -1.44 0.09 0.02 0.01 0.99  -0.04 -2.79 -2.22 0.33 950 928
0.00 0.00 1.01  0.05 0.30 -0.21 0.26 0.06 -0.00 0.86  0.19 -0.62 0.19 -0.24 -0.04 0.00 1.02  -0.74 -1.77 -1.25 0.02 0.02 0.00 0.98  0.33 -1.94 -1.35 0.12 950 928
-0.00 0.00 1.01  0.23 -0.12 -0.32 0.19 0.06 -0.00 0.86  0.02 -0.03 -0.01 -0.34 -0.04 -0.00 1.02  -0.64 -0.35 -0.83 -0.01 0.03 0.00 0.98  -1.01 -0.09 -0.67 0.28 950 928
-0.00 0.00 1.01  -0.22 -0.22 -0.19 0.21 0.05 -0.01 0.87  0.01 -0.15 0.45 -0.43 -0.05 -0.00 1.02  -0.41 -1.20 -0.55 -0.08 0.02 -0.00 0.99  0.41 -1.17 -1.61 0.01 950 928
-0.00 0.00 1.01  0.19 -0.03 -0.28 0.23 0.06 -0.00 0.86  -0.02 0.26 0.19 -0.37 -0.04 0.00 1.02  0.05 0.50 -0.48 0.03 0.02 0.00 0.99  -0.73 1.08 -0.29 0.18 950 929
0.00 0.00 1.01  0.15 0.11 -0.16 0.21 0.06 -0.00 0.86  0.17 0.20 0.48 -0.34 -0.05 -0.00 1.02  -0.25 0.45 -0.57 -0.00 0.02 -0.00 0.99  -0.12 0.32 -1.03 -0.09 950 929
-0.00 0.00 1.01  0.33 -0.06 -0.39 0.15 0.05 -0.00 0.87  0.20 -0.43 -0.06 -0.28 -0.05 0.00 1.02  -0.05 -0.55 -0.69 0.01 0.02 0.00 0.99  -0.69 0.49 -0.55 0.11 950 929
0.00 0.00 1.01  -0.00 -0.27 -0.35 0.17 0.05 -0.01 0.86  0.10 -0.39 0.12 -0.47 -0.05 -0.00 1.02  0.02 -1.57 -0.54 -0.03 0.02 -0.01 0.99  -0.19 -1.64 -1.19 -0.31 950 929
-0.00 0.00 1.01  -0.09 0.03 -0.28 0.18 0.06 -0.01 0.86  0.75 0.05 0.04 -0.41 -0.04 -0.00 1.02  0.30 0.26 -0.51 -0.08 0.02 -0.00 0.99  -0.35 1.39 -0.38 -0.08 950 929
0.00 0.00 1.00  -0.23 -0.26 -0.10 0.10 0.06 -0.01 0.86  0.68 0.24 0.52 -0.38 -0.04 -0.00 1.01  0.03 1.14 -0.50 -0.05 0.02 0.00 1.00  0.18 1.01 -1.12 0.08 949 930
-0.00 0.00 1.00  0.12 0.29 -0.17 0.03 0.06 -0.00 0.86  0.05 -0.17 0.42 -0.36 -0.04 0.00 1.00  -1.02 -1.71 -0.87 0.04 0.02 0.00 1.00  0.85 -2.05 -2.31 0.21 946 930
-0.00 0.00 1.01  0.18 0.14 -0.41 0.06 0.06 -0.01 0.86  -0.40 0.11 -0.16 -0.43 -0.03 0.00 1.01  -1.58 -0.76 -1.16 0.02 0.02 0.00 0.99  -0.62 -0.30 -1.25 0.11 946 929
0.00 0.00 1.01  0.11 -0.06 -0.37 0.10 0.06 -0.00 0.86  -0.74 0.95 -0.45 -0.37 -0.04 0.00 1.02  -1.54 1.32 -1.06 0.02 0.01 -0.00 0.99  0.66 2.73 0.17 -0.02 950 926
0.00 0.00 1.00  0.08 0.05 -0.38 0.21 0.06 -0.00 0.87  0.08 0.37 -0.31 -0.18 -0.05 -0.00 1.02  -1.54 -0.38 -1.51 -0.03 0.01 0.01 0.99  1.28 2.59 0.02 0.38 950 918
0.00 0.00 1.00  0.35 -0.38 -0.40 0.17 0.05 -0.00 0.87  0.15 -0.49 -0.21 -0.19 -0.04 -0.00 1.02  -1.80 -2.18 -1.61 -0.06 0.01 0.00 0.98  0.83 0.21 -0.46 0.28 950 917
0.00 0.00 1.00  0.20 -0.47 -0.41 0.16 0.05 -0.00 0.87  0.33 -0.32 -0.41 -0.29 -0.05 -0.00 1.03  -1.08 -1.17 -1.61 -0.15 0.01 0.01 0.98  0.54 -0.10 -0.67 0.49 950 914
0.01 0.00 1.00  0.03 -0.22 -0.35 0.22 0.05 -0.00 0.86  0.13 -0.57 -0.30 -0.34 -0.06 -0.00 1.03  -0.23 -1.36 -1.19 -0.14 0.01 0.01 0.97  0.05 -1.00 -1.19 0.55 950 913
0.00 0.00 1.00  -0.25 -0.42 -0.28 0.13 0.05 -0.00 0.86  0.43 0.53 -0.11 -0.21 -0.05 -0.00 1.03  -0.32 0.66 -0.68 -0.18 0.02 0.01 0.97  -0.33 1.67 -1.33 0.51 950 914
0.01 0.00 1.00  0.01 0.07 -0.20 0.06 0.05 -0.00 0.86  0.26 0.37 0.48 -0.33 -0.05 -0.00 1.03  -0.08 0.43 -0.32 -0.11 0.01 0.01 0.98  -0.73 0.99 -0.77 0.49 950 916
0.01 0.00 1.00  0.14 0.38 -0.05 0.02 0.05 -0.00 0.86  0.29 0.34 1.00 -0.36 -0.05 -0.00 1.03  -0.16 0.58 -0.18 -0.11 0.01 0.01 0.98  -0.05 0.40 -0.54 0.39 950 918
0.01 0.00 1.00  0.10 0.19 -0.13 0.01 0.05 -0.00 0.86  -0.16 0.46 1.05 -0.29 -0.05 -0.00 1.02  -0.27 0.75 0.13 -0.10 0.02 0.01 0.98  -0.64 0.45 -0.76 0.35 949 918
0.00 0.00 1.00  -0.19 0.05 -0.22 0.04 0.06 -0.00 0.87  -0.74 0.75 1.00 -0.33 -0.04 0.00 1.02  -0.18 0.77 0.36 0.03 0.02 0.00 0.98  -0.59 0.83 -0.92 0.11 946 919
0.01 -0.00 1.00  -0.93 -1.61 -0.84 -0.10 0.06 -0.00 0.86  -2.95 -0.54 0.29 -0.16 -0.04 0.00 1.01  -1.55 1.53 2.48 0.25 0.05 0.01 0.98  0.89 5.15 -0.41 0.47 946 919
0.01 -0.00 1.00  -0.41 0.37 -0.05 -0.15 0.06 -0.00 0.89  -5.51 4.08 2.48 -0.04 -0.04 0.00 1.03  -8.32 7.97 0.56 0.27 0.05 -0.01 0.98  1.89 14.22 1.28 -0.26 945 913
0.02 -0.00 1.01  -6.13 7.01 4.11 -0.17 0.10 0.01 0.91  -4.54 6.31 -0.45 0.88 0.03 0.01 1.07  -14.82 14.27 -7.93 0.59 0.06 0.04 1.02  -11.96 39.10 7.43 2.45 730 850
-0.10 -0.06 1.04  38.72 -24.52 42.14 -3.08 0.09 -0.03 0.94  -7.65 57.00 -15.69 -1.48 0.00 -0.05 1.17  -11.51 32.96 2.88 -2.20 -0.08 -0.02 0.97  -5.62 54.48 8.00 -0.83 199 177
-0.11 -0.00 0.99  46.45 -71.06 151.55 -0.48 -0.05 -0.03 0.95  -7.00 157.56 -8.50 -2.04 -0.08 -0.07 1.13  -15.19 99.94 18.79 -3.61 -0.12 -0.00 1.00  -2.95 44.24 16.16 -0.35 178 154
-0.14 -0.07 1.11  -13.84 -6.44 20.19 -3.53 -0.22 -0.02 1.08  6.29 20.53 0.98 -1.11 -0.21 -0.03 1.23  15.05 33.06 0.66 -1.68 -0.14 -0.05 1.01  9.68 29.01 22.59 -2.61 918 82
-0.08 0.00 1.04  1.83 -2.27 -0.46 -0.25 0.05 0.03 0.83  19.28 1.15 -6.53 2.15 -0.07 0.00 0.96  25.29 38.20 -7.73 0.02 -0.01 0.06 1.04  13.62 40.03 18.73 2.80 977 886
-0.01 0.01 1.02  -2.48 -4.79 -0.80 0.43 -0.16 -0.01 0.88  2.72 4.56 -3.49 -0.19 -0.16 0.02 0.99  10.25 34.10 2.91 1.29 0.12 0.07 1.00  -9.30 20.16 24.17 4.04 982 901
0.01 -0.00 1.00  -0.88 -1.49 -0.57 -0.09 -0.15 0.01 0.83  -11.20 7.40 -0.23 0.60 -0.23 0.01 0.93  6.76 14.78 13.10 0.73 0.18 -0.04 0.99  -24.92 58.39 -0.06 -1.89 982 902
-0.02 -0.02 1.00  -3.77 2.15 0.71 -0.91 -0.01 0.01 0.86  -12.80 2.61 14.43 0.97 -0.07 -0.04 0.88  -8.66 -17.88 7.37 -2.23 -0.20 -0.16 1.13  -30.01 39.02 11.14 -8.06 918 790
0.01 -0.03 0.99  0.09 0.08 0.07 -1.57 -0.04 -0.02 0.96  -7.33 4.55 8.23 -1.03 -0.09 -0.02 0.99  -2.65 4.32 10.83 -1.33 -0.19 -0.15 1.20  -9.18 15.84 0.75 -7.72 794 801
0.00 -0.02 1.00  1.04 0.71 -0.53 -1.25 -0.03 -0.00 0.99  -2.66 0.14 2.97 -0.30 -0.05 -0.01 0.99  3.22 -1.71 3.75 -0.46 -0.18 -0.14 1.24  -8.56 -1.95 -2.06 -7.15 834 790
-0.01 -0.02 1.00  0.14 -0.33 -0.19 -1.01 -0.00 0.01 0.98  0.20 0.94 1.32 0.38 -0.05 0.00 0.96  3.96 3.07 0.51 0.11 -0.14 -0.13 1.26  -2.49 -0.38 -0.91 -6.69 850 806
-0.01 -0.02 1.00  -0.88 -1.80 -0.79 -1.00 -0.01 0.00 0.99  0.83 1.43 0.90 0.28 -0.05 0.00 0.97  -0.03 2.06 -0.18 0.13 -0.13 -0.13 1.26  -0.24 2.06 -0.96 -6.44 854 806
-0.00 -0.01 1.00  0.46 -0.60 -0.50 -0.95 -0.00 0.00 0.98  0.36 0.58 0.89 0.23 -0.04 0.00 0.96  -1.73 1.29 -0.42 0.26 -0.12 -0.12 1.26  0.18 1.30 -0.16 -6.31 863 814
-0.01 -0.02 1.00  -0.12 -0.99 -0.54 -0.97 -0.01 -0.00 0.99  -0.33 2.05 0.73 -0.02 -0.04 0.01 0.98  -2.26 2.02 -0.14 0.45 -0.13 -0.13 1.25  -0.01 1.31 -0.06 -6.39 863 802
-0.00 -0.01 1.00  -0.08 -0.06 -0.46 -0.87 -0.01 0.00 0.99  0.04 0.43 0.29 -0.00 -0.04 0.00 0.98  0.89 -0.94 -0.81 0.32 -0.13 -0.12 1.25  0.53 -0.55 -1.92 -6.24 865 799
-0.00 -0.01 1.00  -0.20 -0.30 -0.41 -0.92 -0.01 -0.00 0.99  0.97 -0.48 -0.11 -0.03 -0.04 0.00 0.97  -0.13 -1.67 -1.14 0.15 -0.13 -0.12 1.25  -0.36 -0.80 -2.29 -6.23 866 802
-0.00 -0.01 1.00  0.40 -0.17 -0.21 -0.93 0.00 0.00 0.98  0.65 1.11 0.10 0.23 -0.03 0.00 0.96  -0.32 1.55 -0.68 0.16 -0.11 -0.13 1.25  0.17 -1.74 -1.25 -6.38 868 806
-0.00 -0.02 0.99  -0.42 -0.08 -0.31 -1.13 -0.00 -0.01 0.98  2.64 0.32 1.06 -0.32 -0.03 -0.00 0.97  -1.01 -2.95 -0.86 -0.09 -0.14 -0.13 1.25  1.15 -1.23 -2.83 -6.52 833 813
-0.02 -0.01 1.01  1.23 6.03 0.98 -0.75 0.01 -0.01 0.99  21.23 -4.94 7.96 -0.59 -0.08 0.01 1.05  -4.13 -9.53 -10.20 0.57 -0.22 -0.15 1.23  16.23 -9.55 -1.13 -7.55 786 801
-0.01 -0.01 1.01  4.43 0.88 -0.88 -0.52 0.03 -0.01 0.86  25.12 -5.10 2.49 -0.86 -0.08 0.02 1.04  -16.12 -5.43 -17.51 0.90 -0.17 -0.09 1.14  33.05 -29.35 0.61 -5.18 898 758
-0.01 0.00 1.01  3.29 0.12 -0.26 0.18 0.05 0.01 0.71  5.50 -10.81 -11.14 1.05 -0.17 0.01 0.94  3.34 -2.09 -13.92 0.72 -0.06 0.03 1.08  23.78 -46.16 -6.06 0.88 966 831
-0.02 0.00 1.01  -0.35 -4.31 -1.48 0.25 -0.10 -0.01 0.79  -12.08 -6.90 -21.98 -0.59 -0.28 -0.01 1.02  5.53 -26.08 -3.93 -0.58 0.07 0.00 0.94  1.62 -73.72 -11.23 0.21 991 870
0.01 0.00 1.01  -1.45 -8.38 -4.51 0.07 -0.13 0.00 0.83  -12.15 -1.48 -5.51 -0.00 -0.26 -0.02 1.01  7.84 -15.25 2.96 -1.45 0.11 0.04 0.90  6.55 -48.84 -3.13 2.65 993 829
0.03 0.01 1.00  -2.52 15.69 2.16 0.43 -0.14 -0.01 0.92  -18.06 -12.54 2.35 -0.39 -0.13 0.02 1.00  -5.19 -46.65 2.93 0.71 0.12 -0.03 1.00  -22.75 -69.42 -28.74 -1.47 993 839
-0.03 -0.02 1.01  -6.06 6.53 2.17 -1.19 -0.17 -0.02 0.99  -13.62 0.34 5.33 -1.46 -0.13 -0.03 1.12  -17.00 -27.74 4.72 -1.60 0.07 -0.08 0.97  -5.06 -32.67 -7.20 -4.83 961 814
0.25 -0.13 0.94  -18.77 75.17 -119.62 -8.27 -0.14 0.00 0.92  -9.49 -74.73 13.15 -0.06 -0.06 -0.09 1.15  -16.67 -22.14 -0.12 -4.60 -0.07 0.04 0.99  4.71 -26.34 -27.10 1.69 311 101
-0.15 0.02 1.03  -21.73 52.28 -131.19 0.47 0.03 0.00 1.00  2.33 -130.84 10.22 0.04 0.07 -0.03 1.18  19.49 -75.13 -20.12 -1.96 -0.03 0.02 0.97  12.06 -35.41 -9.56 1.57 171 96
-0.24 -0.13 1.09  -11.72 2.65 12.14 -6.96 0.21 -0.01 0.93  -0.93 39.67 -5.19 -0.77 0.14 -0.01 1.11  6.37 -10.20 -0.28 -0.59 0.00 0.01 0.94  -6.18 -24.06 -2.24 0.90 257 500
-0.04 0.00 1.02  6.59 -10.70 -2.99 -0.50 -0.02 -0.00 1.01  1.79 10.50 -4.82 -0.10 -0.04 0.00 1.13  3.85 8.38 -0.54 0.02 -0.01 0.01 0.97  -1.75 3.53 3.14 0.38 894 486
-0.03 0.01 1.03  2.20 -5.80 -2.21 0.73 0.00 0.00 0.98  3.41 1.48 -4.15 0.10 -0.06 -0.01 1.10  6.18 4.81 -1.32 -0.44 0.03 0.01 0.97  0.82 5.05 3.04 0.51 950 590
-0.03 0.02 1.03  0.25 -1.09 -0.51 1.01 -0.00 0.00 0.97  3.75 0.20 -0.81 0.06 -0.07 -0.00 1.08  2.92 0.55 -1.77 -0.29 0.03 0.00 0.98  -0.67 1.78 1.07 0.28 951 645
-0.03 0.02 1.02  0.02 0.32 -0.15 0.94 -0.00 0.00 0.95  2.52 -1.29 1.35 0.22 -0.08 -0.01 1.06  2.62 -1.10 -0.56 -0.42 0.03 0.00 0.97  -1.06 -0.35 0.57 0.20 957 662
-0.03 0.01 1.02  -0.34 -0.14 0.02 0.90 0.01 0.00 0.94  0.50 -0.08 2.47 0.25 -0.05 -0.01 1.05  1.92 1.61 2.01 -0.38 0.03 0.00 0.99  -1.55 0.18 -0.65 0.22 957 702
-0.03 0.01 1.02  -0.41 -1.50 -0.27 0.87 0.02 0.01 0.94  -1.35 1.69 3.81 0.34 -0.05 -0.00 1.03  1.32 1.14 3.45 -0.22 0.04 0.00 0.99  -2.30 -1.61 -2.36 0.14 950 735
-0.01 0.01 1.01  -2.96 -4.74 -1.12 0.57 0.02 0.00 0.96  -4.33 4.85 5.64 0.08 -0.05 -0.01 1.03  2.58 -3.00 6.91 -0.32 0.04 -0.01 0.99  -4.74 -6.61 -4.97 -0.45 919 642
-0.00 0.00 1.01  -14.05 -5.46 0.72 0.14 0.02 -0.00 1.05  7.10 3.52 21.45 -0.21 -0.06 0.02 1.11  -8.46 -25.17 2.77 0.98 0.01 -0.01 0.99  -5.69 -13.64 -10.28 -0.41 336 493
0.14 -0.18 0.92  -17.32 58.69 17.73 -11.03 0.13 -0.02 0.75  22.79 -58.20 43.01 -1.63 -0.11 -0.04 1.07  -23.27 -52.23 -18.94 -1.91 -0.08 0.06 1.00  5.20 -36.84 -10.69 3.13 157 102
0.09 0.06 1.00  -8.52 11.87 -60.35 2.32 0.16 -0.01 0.72  8.69 -64.19 -21.80 -1.17 0.03 0.04 1.19  -24.77 -61.97 -55.15 1.49 -0.00 0.02 0.95  1.80 -21.18 -5.97 1.51 138 85
-0.08 0.09 1.19  69.20 -25.05 -6.49 4.43 0.10 0.02 0.81  -82.47 18.71 -101.23 0.96 -0.15 -0.09 1.20  -29.38 -15.62 -32.37 -3.98 -0.01 0.01 0.89  -1.61 -21.74 2.49 0.53 139 73
-0.26 -0.32 0.64  0.02 7.24 -8.47 -26.33 -0.11 -0.16 0.99  -7.58 -17.24 2.11 -9.12 -0.15 -0.22 1.46  26.11 -48.93 -0.87 -8.81 -0.02 0.07 0.87  -4.34 -11.58 2.81 4.65 657 77
-0.14 -0.01 1.08  3.48 13.27 7.33 -2.92 0.05 0.06 0.82  30.69 12.72 15.60 3.53 -0.16 -0.02 1.04  47.76 82.97 4.69 -2.15 0.07 0.03 0.98  15.34 16.71 -6.12 2.09 983 422
-0.02 0.04 1.03  -0.82 -5.18 0.81 1.71 -0.10 0.01 0.78  21.94 7.28 20.33 0.83 -0.19 -0.02 0.95  35.47 39.35 15.87 -1.15 0.06 0.07 0.96  3.95 16.91 9.37 4.49 982 605
-0.01 0.03 1.03  0.85 2.41 1.71 1.97 -0.11 -0.01 0.80  15.19 7.29 20.58 -0.88 -0.18 -0.00 0.93  33.00 16.96 20.12 -0.22 0.06 0.04 0.86  -3.81 19.91 2.40 2.80 959 775
-0.02 0.02 1.03  -24.97 -11.42 3.82 1.38 -0.02 -0.00 0.76  25.66 22.61 46.36 -0.38 -0.16 0.02 0.88  12.36 42.25 26.36 1.47 0.08 0.02 0.82  -5.27 32.71 -1.96 1.56 317 913
0.22 -0.20 0.86  -228.99 69.64 75.72 -13.16 0.03 0.10 0.72  68.85 -44.83 94.47 8.08 -0.25 0.10 1.06  -43.18 -16.36 -8.25 5.57 -0.07 -0.02 1.03  17.78 12.20 24.07 -0.89 101 965
0.06 0.14 0.80  74.36 -12.61 -34.94 8.92 0.25 -0.25 0.46  -26.95 -23.46 -58.74 -27.82 0.15 0.01 0.90  -64.05 -50.49 -41.38 1.36 -0.05 -0.01 0.99  6.41 -15.26 1.15 -0.41 118 0
-0.46 -0.38 1.19  160.65 -64.79 6.27 -16.61 0.41 -0.04 0.53  -144.69 80.69 -137.28 -6.99 -0.09 -0.20 1.09  -21.48 -13.52 -13.13 -10.14 -0.11 0.03 0.90  -8.27 -6.64 5.24 2.08 86 21
-0.13 -0.36 0.61  -39.70 31.09 2.31 -31.71 -0.12 -0.15 0.96  31.94 -3.21 23.44 -9.65 -0.12 -0.06 1.39  -5.66 -37.91 -2.72 -3.38 -0.06 0.02 0.88  2.29 -7.50 2.43 1.32 962 14
-0.05 0.02 1.05  0.35 -7.96 2.53 -2.04 -0.24 -0.01 0.83  29.72 -11.89 12.30 -1.44 -0.41 -0.01 1.08  49.18 55.51 11.78 -0.59 0.14 -0.04 1.02  7.44 38.69 -23.57 -1.87 991 738
-0.06 0.02 1.03  -2.00 -7.82 0.62 0.74 -0.13 -0.02 0.80  15.84 23.56 16.76 -1.25 -0.29 0.00 0.97  29.62 81.48 28.27 0.06 0.06 -0.06 0.87  -8.43 39.41 6.79 -4.08 982 917
-0.04 0.01 1.03  -11.45 -9.48 1.66 0.88 -0.03 -0.01 0.73  25.64 25.82 32.87 -0.66 -0.22 0.01 0.92  21.86 62.90 24.36 0.36 0.03 0.02 0.84  -8.25 40.84 -2.09 0.97 832 966
0.05 -0.09 0.98  -143.01 14.01 34.13 -5.04 0.19 0.12 0.64  83.31 26.00 67.14 11.00 -0.11 0.18 0.99  -34.84 14.37 1.88 10.10 -0.04 0.19 1.04  -1.24 9.90 19.94 10.54 109 981
0.15 -0.18 0.60  -35.91 -92.11 -25.51 -17.38 0.31 -0.28 0.32  69.94 4.77 -4.39 -40.43 0.05 0.06 0.97  -51.40 -27.10 -3.67 4.40 -0.08 0.03 0.98  -2.27 -16.45 -24.25 2.78 110 46
-0.24 -0.06 1.07  134.23 30.38 -26.45 -4.70 0.23 -0.22 0.50  -121.51 2.54 -71.26 -28.15 -0.25 -0.16 1.04  -43.39 16.06 -16.73 -8.36 -0.10 -0.02 0.93  -3.07 -30.79 -13.51 -1.05 118 25
0.19 -0.42 0.98  51.69 125.14 -95.78 -23.81 0.06 -0.06 0.79  -156.72 -99.89 23.67 -7.11 0.16 0.08 1.53  -44.61 -132.80 11.26 2.13 -0.18 0.03 0.90  1.79 -48.33 -12.95 2.05 97 32
0.15 -0.12 0.64  -32.99 -23.05 -59.62 -13.02 -0.02 -0.16 0.89  31.49 -45.81 -7.74 -10.78 0.09 -0.21 1.31  27.04 -10.23 -34.64 -8.81 -0.20 0.05 0.87  -10.92 -42.20 3.90 3.26 800 58
0.08 0.04 1.01  -4.83 0.28 1.54 0.82 0.05 0.06 0.77  23.90 -54.75 -25.64 3.41 -0.19 0.04 0.98  28.89 -122.45 -46.27 1.48 0.14 0.16 0.95  -22.34 -78.94 -6.85 9.99 994 837
0.01 0.03 1.01  -5.42 0.27 1.22 1.81 -0.15 -0.01 0.93  9.38 -10.86 -11.63 -0.45 -0.32 -0.04 1.20  13.44 6.95 -6.54 -1.93 0.16 -0.07 0.83  4.12 -35.52 -0.93 -3.87 993 903
-0.01 0.04 1.06  -29.80 -10.83 4.78 2.39 -0.06 0.09 0.92  39.44 -14.05 17.55 5.71 -0.11 0.08 1.17  -1.13 -56.77 -19.09 3.77 -0.07 0.06 1.05  -3.24 -45.90 -8.09 3.08 442 874
-0.26 0.07 1.03  0.72 130.62 -74.29 4.18 0.37 -0.12 0.63  -24.26 -122.06 77.94 -10.65 -0.10 -0.14 0.78  27.88 -94.99 3.06 -9.49 -0.12 0.02 0.94  0.36 -52.13 -11.32 1.52 202 78
0.15 -0.02 1.00  -30.86 48.23 -115.63 -1.02 0.27 -0.08 0.74  -28.83 -105.95 17.45 -7.43 0.10 0.08 1.13  32.21 -101.10 -12.69 2.89 -0.07 0.02 1.02  -0.31 -69.89 -6.19 1.16 142 604
0.01 0.02 1.02  3.15 -12.18 -6.74 1.26 0.08 -0.02 0.73  -11.32 7.92 -37.27 -2.69 -0.32 -0.05 0.92  13.91 -60.18 -15.77 -2.61 -0.02 0.01 0.93  -13.44 -46.00 -27.96 0.44 966 794
-0.03 0.03 1.03  -1.57 0.51 0.09 1.81 0.08 0.01 0.70  -4.38 -9.99 -13.71 0.78 -0.14 0.00 0.91  5.23 -7.78 -9.68 -0.03 0.16 0.09 0.88  10.82 -53.43 -6.33 5.90 981 918
0.00 0.03 1.02  0.24 -0.27 -4.31 1.78 -0.05 -0.01 0.78  -12.32 -6.33 -9.03 -0.30 -0.17 -0.00 0.94  7.58 -29.15 3.54 -0.21 0.10 0.05 0.91  -10.18 -36.07 -8.51 3.87 990 782
0.01 0.04 1.02  -0.04 2.23 -0.28 2.21 -0.12 -0.01 0.87  -11.13 -4.41 4.41 -0.95 -0.12 0.02 0.98  5.68 0.26 8.78 0.93 0.03 -0.00 0.98  -8.66 -13.17 -14.16 0.13 991 662
-0.00 0.03 1.02  -1.83 -4.46 -1.17 2.11 -0.07 -0.01 0.94  -4.32 18.76 19.21 -0.98 -0.12 0.00 1.05  9.52 15.74 17.69 0.11 0.01 -0.02 0.97  -5.21 -6.21 -9.98 -1.27 982 726
0.19 -0.06 1.09  -96.41 36.37 19.91 -3.21 -0.05 0.15 0.64  49.07 -28.18 79.16 13.55 -0.20 0.12 1.11  -67.16 -19.23 -4.09 6.21 -0.07 0.03 0.97  26.93 -23.31 0.01 1.55 278 797
0.06 0.13 0.93  -6.63 42.42 -57.09 7.86 0.22 -0.09 0.65  -32.69 -58.37 -5.48 -6.57 0.02 -0.02 1.12  -27.61 -100.25 -30.64 -0.20 -0.07 0.02 0.92  7.11 -34.61 -12.28 1.34 201 63
-0.02 0.05 1.03  56.24 14.29 -1.40 3.86 0.13 -0.01 0.71  -108.99 9.21 -91.83 -1.75 -0.13 -0.08 1.12  -16.75 25.73 -23.74 -4.02 -0.07 0.02 0.87  -5.67 -23.30 4.98 1.56 107 16
-0.07 -0.12 0.91  49.44 -87.17 33.71 -7.20 -0.16 -0.08 1.10  -20.55 81.93 -48.81 -4.42 -0.21 -0.20 1.44  -6.38 51.60 -18.34 -8.49 -0.01 0.06 0.86  -14.47 -8.09 13.42 4.14 91 27
-0.57 0.09 1.26  -49.19 48.25 61.17 3.56 -0.51 0.14 1.31  18.78 -67.03 7.30 5.50 -0.26 0.09 1.49  46.57 -33.33 3.37 2.80 0.07 0.06 0.90  5.13 7.61 0.40 4.12 974 87
-0.11 0.02 1.06  1.95 0.45 6.06 1.32 -0.28 -0.00 0.88  26.63 16.31 14.54 0.35 -0.41 0.01 1.08  37.83 80.04 18.07 0.82 0.13 -0.12 1.08  9.37 52.71 -12.48 -6.16 997 945
-0.09 0.03 1.04  1.33 6.30 2.59 1.55 -0.19 -0.00 0.85  9.38 14.01 15.12 -0.24 -0.30 -0.02 1.00  38.37 42.77 23.06 -0.79 -0.01 -0.01 0.90  10.59 37.81 11.75 -1.54 994 961
-0.13 0.02 1.06  1.70 -8.52 -1.89 1.36 -0.07 0.01 0.75  22.77 13.55 31.39 0.64 -0.21 -0.02 0.83  28.02 36.95 27.93 -1.66 -0.03 0.08 0.80  -9.80 30.58 -0.90 5.45 990 978
-0.04 0.04 1.07  -58.19 -32.35 6.66 2.04 -0.09 0.01 0.85  52.45 28.37 63.26 0.66 -0.25 0.06 0.99  0.55 40.03 22.36 3.19 0.06 -0.03 0.83  1.96 13.94 -8.24 -1.84 337 982
-0.14 -1.38 1.79  -214.02 62.09 79.61 -37.37 -0.16 -0.09 0.22  65.08 -57.73 88.03 -23.22 -0.26 0.25 0.78  -70.87 -6.84 -28.11 18.38 -0.16 -0.06 1.06  8.97 -23.48 35.81 -3.19 170 541
-0.04 -0.10 0.95  184.75 -8.57 -110.02 -9.49 0.32 -0.26 0.42  -160.26 -96.06 -126.05 -33.73 0.17 -0.21 0.81  -48.94 -33.58 -52.38 -12.42 -0.02 -0.03 0.88  -16.32 -41.17 2.36 -2.01 121 53
-0.45 -1.01 0.18  30.63 -52.57 -29.62 -81.03 -0.23 -0.28 1.03  -24.83 8.63 -38.16 -18.73 -0.26 -0.06 1.76  1.95 -19.73 -10.95 -3.08 -0.00 0.04 0.87  -12.32 -14.98 -1.80 2.60 678 91
-0.23 0.02 1.10  -0.10 -10.71 1.31 -7.24 0.10 0.05 0.89  31.86 38.82 11.43 1.66 -0.14 0.05 1.04  65.77 56.02 12.47 2.74 0.11 0.00 1.04  1.72 7.15 -25.84 0.36 992 718
-0.04 0.03 1.04  -3.91 -4.81 1.18 0.69 -0.09 -0.00 0.81  14.49 25.82 18.46 0.04 -0.23 0.02 0.92  44.07 64.13 30.86 1.67 0.04 -0.07 0.91  -11.32 3.87 -0.64 -4.21 982 886
-0.01 -0.01 1.01  -7.59 0.27 4.85 -0.61 -0.13 -0.04 0.80  21.10 25.17 42.16 -2.57 -0.18 -0.02 0.89  13.07 46.40 23.42 -0.79 0.05 0.07 0.88  -29.85 29.45 13.91 4.26 610 966
0.08 -0.00 1.08  -136.89 12.88 47.96 -0.18 -0.03 0.18 1.10  82.17 18.04 96.35 9.21 -0.10 0.19 1.45  -44.51 6.84 -17.15 7.40 -0.06 0.04 1.05  -2.55 18.86 22.33 2.88 145 978
-0.04 0.19 0.93  67.12 1.56 0.50 11.84 0.32 -0.24 0.49  -8.35 19.42 -35.04 -25.09 0.04 0.00 0.96  -57.46 -89.33 -27.91 0.92 0.00 -0.02 0.98  -0.23 -12.02 -15.59 -0.95 150 89
-0.35 -0.13 1.31  164.12 -41.19 -13.12 -4.46 0.31 0.02 0.59  -168.47 47.64 -126.02 -0.64 -0.26 -0.22 0.98  -6.16 1.94 -13.26 -12.40 -0.09 0.05 0.90  -17.07 -7.36 -2.96 3.37 114 97
-0.23 0.06 0.61  -92.94 21.01 -50.23 5.59 -0.17 -0.07 1.01  63.47 -35.44 34.90 -3.78 -0.07 -0.04 1.40  -16.75 -65.81 -16.87 -2.82 -0.06 -0.04 0.89  5.02 -16.29 -3.83 -2.54 974 100
-0.08 0.01 1.06  0.30 -8.41 1.32 1.14 -0.25 -0.01 0.84  35.75 5.42 10.23 -1.09 -0.30 -0.03 1.05  55.18 42.55 22.09 -1.89 0.12 0.03 1.03  -3.20 26.21 -27.85 1.48 993 918
-0.14 0.03 1.06  2.61 0.61 1.12 1.49 -0.04 0.01 0.80  11.28 -2.94 15.16 0.68 -0.15 -0.01 0.91  50.87 -7.06 28.30 -0.93 0.05 -0.02 0.88  -19.79 -4.00 -7.83 -1.44 991 966
-0.10 0.05 1.07  -11.89 -16.56 -0.52 2.96 -0.14 -0.03 0.90  38.97 26.58 63.37 -1.57 -0.21 0.03 1.00  19.55 38.90 25.05 1.58 0.03 -0.06 0.77  6.04 20.57 -0.38 -4.84 826 981
0.09 -0.63 0.97  -251.14 123.46 131.52 -32.90 -0.03 0.13 0.56  83.60 -28.84 98.10 13.11 -0.22 0.13 0.91  -59.31 -2.71 -21.22 8.34 -0.22 -0.00 1.07  16.69 -7.47 30.14 -0.72 185 927
-0.16 0.01 0.80  119.22 -52.53 -73.66 -2.57 0.25 -0.35 0.47  -65.48 -18.76 -79.27 -35.18 0.16 -0.08 0.89  -63.22 -0.85 -42.38 -4.41 -0.01 -0.02 0.93  -10.23 -26.82 0.70 -1.24 109 75
-0.41 -0.55 1.19  151.62 -101.61 7.56 -24.96 0.12 0.07 0.67  -185.34 105.08 -124.80 2.48 -0.09 -0.02 1.16  13.99 -15.31 -12.86 -1.21 -0.07 0.05 0.92  -29.46 -22.74 5.42 3.25 74 80
0.08 -0.28 1.17  -43.20 38.35 58.36 -15.79 0.09 -0.04 0.94  74.24 -38.86 26.42 -2.00 -0.15 -0.21 1.31  3.66 -46.67 -24.93 -9.42 0.08 0.18 0.97  16.35 5.63 -31.90 10.67 982 52
-0.06 0.02 1.05  -0.83 -7.02 -0.12 -0.25 -0.16 0.01 0.84  31.61 10.64 18.75 0.17 -0.27 -0.02 1.03  52.97 84.83 16.38 -1.83 0.01 -0.05 1.02  4.85 13.22 -2.86 -1.73 991 775
-0.05 0.01 1.03  -4.67 -1.67 3.77 0.30 -0.09 -0.01 0.77  16.53 19.79 20.08 -0.38 -0.18 0.00 0.87  43.57 34.45 22.04 0.13 0.06 0.05 0.91  1.29 12.52 3.03 3.23 894 927
-0.05 -0.02 1.02  -33.42 -6.48 6.01 -1.01 -0.02 -0.01 0.75  33.31 9.85 50.19 -0.77 -0.16 0.01 0.87  4.76 31.16 16.65 1.00 -0.01 -0.04 0.85  0.75 32.47 6.39 -2.12 202 978
0.09 -0.18 0.84  -242.49 70.19 86.56 -12.13 0.18 0.22 0.77  81.05 -5.61 91.54 16.11 -0.22 0.13 1.14  -54.71 -23.97 -13.54 6.52 -0.01 -0.11 0.98  16.37 29.04 29.16 -6.52 64 977
-0.16 0.07 0.72  138.11 -57.55 -14.81 4.55 0.35 -0.47 0.39  -47.68 18.18 -92.38 -48.44 0.30 -0.05 0.83  -66.62 -18.87 -22.83 -2.73 -0.04 0.06 0.97  3.64 16.24 4.13 2.82 118 65
-0.78 -0.44 0.96  152.98 -206.36 213.16 -24.23 0.30 -0.20 0.37  -50.69 250.82 -161.36 -33.01 -0.01 -0.11 1.00  -12.66 69.96 14.03 -6.51 -0.04 0.01 0.93  -4.58 40.59 15.72 1.13 110 108
-0.12 -0.06 1.06  1.69 7.78 4.22 -5.66 0.21 -0.05 0.45  -6.21 -30.24 4.16 -9.96 -0.31 -0.07 1.00  -1.35 64.02 7.45 -4.73 0.01 0.12 0.92  40.41 94.66 8.90 7.33 961 933
-0.13 0.02 1.06  0.94 0.77 0.95 0.47 -0.18 -0.02 0.69  -10.87 -8.24 0.14 -2.78 -0.30 -0.00 0.96  11.04 42.05 16.68 -0.47 0.13 0.11 0.92  6.47 106.13 26.11 7.55 989 967
-0.10 0.01 1.05  -2.42 -19.98 -1.34 0.74 -0.16 -0.01 0.81  -23.27 39.68 5.69 -1.10 -0.28 -0.01 0.98  -2.62 79.45 31.63 -0.71 0.08 0.02 0.82  1.64 128.48 25.53 2.48 991 977
-0.09 0.01 1.05  -3.15 -23.93 -6.25 0.38 -0.04 -0.04 1.03  -0.66 53.23 41.68 -2.25 -0.17 -0.01 1.15  -28.14 94.38 16.04 -0.49 0.05 0.01 0.88  7.45 127.88 20.38 0.59 982 917
-0.01 -0.60 0.66  151.83 -119.41 249.98 -42.38 0.27 -0.14 0.53  25.22 250.82 -39.66 -15.18 0.14 -0.03 1.07  -28.99 144.94 28.11 -1.57 -0.15 0.13 0.90  5.70 104.69 21.31 8.05 262 169
0.29 0.34 1.14  48.33 -72.11 109.11 12.54 -0.32 0.10 0.86  -15.13 141.05 -27.73 5.07 -0.29 -0.02 1.07  7.14 104.29 39.76 -1.12 -0.11 0.01 0.94  4.70 72.57 29.17 1.20 797 54
0.15 0.42 1.20  24.70 -15.61 95.72 20.61 -0.08 0.09 0.94  7.08 93.31 -11.92 5.83 -0.09 -0.01 1.15  -40.74 -28.36 -0.86 -0.71 -0.12 0.09 0.95  9.57 27.47 11.04 5.46 189 77
-0.12 0.09 1.14  58.42 -59.53 34.58 6.39 -0.04 -0.03 0.95  -92.78 73.94 -59.65 -1.43 -0.08 -0.17 1.31  -42.86 26.09 5.62 -7.64 -0.08 0.04 0.92  -0.23 14.52 9.35 2.89 165 83
-0.07 -0.16 1.25  -90.52 30.27 31.53 -6.89 -0.28 0.12 1.22  42.01 -55.61 21.26 5.57 -0.33 0.20 1.52  14.33 -50.00 -15.56 6.92 -0.01 0.05 0.94  40.22 7.28 -14.47 3.52 978 77
0.03 0.05 1.03  -2.03 -8.73 -0.99 1.91 -0.23 -0.01 0.87  25.11 -10.45 3.64 0.13 -0.49 -0.03 1.01  54.91 18.00 16.64 -0.71 0.05 -0.13 1.00  -8.38 15.29 -12.25 -7.24 991 226
-0.06 0.05 1.05  0.56 1.06 1.71 2.91 -0.18 -0.02 0.87  16.46 9.01 14.63 -1.33 -0.31 -0.00 0.95  37.67 43.13 26.22 -0.05 0.03 0.01 0.89  -16.79 8.66 5.95 -0.15 983 802
-0.07 0.07 1.07  -9.63 -8.62 4.54 3.96 -0.10 -0.00 0.84  38.88 17.21 45.56 -0.19 -0.17 0.04 0.92  20.81 48.04 17.39 2.40 0.03 -0.03 0.88  -5.79 15.42 -4.81 -2.03 898 948
0.04 0.00 1.02  -200.49 21.77 59.15 0.47 0.14 0.21 0.89  85.62 10.01 88.16 13.47 -0.15 0.15 1.22  -44.93 -0.53 -4.09 7.00 -0.02 0.07 0.97  3.68 13.31 6.69 3.64 169 982
0.11 0.14 0.81  76.91 12.36 -9.37 9.52 0.20 -0.31 0.42  -31.95 -14.60 -21.58 -34.90 0.05 0.01 0.82  -63.80 -90.66 -31.70 1.15 -0.06 -0.01 0.98  5.72 -7.17 -13.03 -0.03 143 93
-0.42 -0.44 1.23  172.16 -45.16 -28.67 -18.57 0.37 0.01 0.53  -174.06 34.08 -126.96 -2.41 -0.15 -0.19 0.98  -4.42 -12.16 -18.34 -10.94 -0.09 0.02 0.88  -13.51 -15.44 -0.60 1.43 98 77
0.03 -0.03 1.41  -127.35 43.17 7.70 -3.10 -0.11 0.30 1.35  55.81 -50.59 30.59 12.18 -0.08 0.24 1.40  -25.48 -59.91 -13.92 8.62 -0.04 0.00 0.92  9.21 -18.17 -10.96 0.32 967 74
0.00 0.03 1.03  0.36 -7.45 1.07 1.20 -0.23 -0.02 0.87  34.55 2.22 9.41 0.24 -0.26 -0.06 1.07  53.72 31.65 12.81 -2.21 0.11 -0.04 0.99  -3.37 14.79 -11.45 -2.55 989 738
-0.08 0.03 1.05  1.12 -0.28 1.82 1.83 -0.07 0.00 0.78  22.68 6.99 20.30 0.32 -0.23 0.00 0.93  37.84 29.69 21.80 -0.03 0.08 -0.02 0.92  -10.80 0.90 -0.59 -1.36 974 930
-0.08 0.04 1.06  -14.69 4.40 7.88 2.58 -0.07 -0.00 0.79  32.68 12.97 38.32 -0.02 -0.18 0.03 0.91  18.25 33.73 20.61 1.68 0.02 -0.01 0.88  -12.66 16.84 -0.25 -0.82 621 966
-0.02 0.02 1.06  -172.59 24.97 47.25 1.02 0.08 0.22 0.92  73.08 6.69 89.80 13.38 -0.18 0.19 1.24  -34.50 2.92 -4.20 9.02 0.04 0.13 0.94  10.72 11.81 11.94 7.85 129 983
0.17 0.14 0.77  85.03 -17.83 -8.48 10.48 0.25 -0.27 0.44  -17.35 -11.90 -33.48 -30.84 -0.04 0.03 0.84  -72.07 -89.97 -34.78 3.19 -0.04 0.02 0.99  1.59 -4.12 -14.16 2.16 125 53
-0.51 -0.39 1.26  164.34 -68.21 -24.10 -15.97 0.38 -0.01 0.53  -165.86 33.36 -131.10 -4.28 -0.08 -0.19 0.95  0.62 -17.45 -23.42 -11.19 -0.09 0.03 0.90  -15.67 -13.47 4.97 1.85 83 50
-0.47 -0.55 0.51  -63.19 33.01 -67.89 -48.87 -0.11 -0.27 0.95  60.97 -68.27 35.05 -16.05 -0.10 -0.00 1.50  -30.41 -61.40 -10.96 -1.31 -0.07 0.01 0.86  -9.14 -28.26 1.00 0.70 962 94
-0.06 0.00 1.07  -3.52 -17.16 4.06 -4.67 -0.09 0.01 0.87  38.57 7.41 18.51 -0.62 -0.19 -0.02 1.03  56.34 28.81 12.68 -1.35 0.10 -0.02 1.02  16.69 9.94 -23.19 -1.05 991 0
0.01 0.03 1.02  -3.15 3.03 5.27 1.18 -0.14 -0.01 0.83  17.16 21.01 17.52 -0.83 -0.25 0.02 0.95  45.37 62.64 28.13 1.05 0.10 -0.02 0.91  -5.63 9.47 1.61 -1.23 966 217
-0.05 0.02 1.03  -2.91 11.78 10.17 0.97 -0.05 -0.01 0.77  26.80 13.63 33.43 -0.99 -0.17 0.00 0.88  17.33 42.38 19.87 0.25 0.04 0.01 0.86  -25.13 20.23 -1.33 0.38 598 870
-0.02 0.00 1.06  -70.22 13.00 24.89 0.10 0.01 0.09 0.78  41.97 14.98 69.87 6.25 -0.26 0.12 1.00  -9.37 41.46 19.25 6.76 -0.04 0.09 0.87  31.34 20.98 18.01 5.94 154 974
0.16 -0.45 1.20  -25.73 51.00 60.54 -20.49 0.20 -0.24 0.29  56.87 -78.70 64.69 -38.35 -0.07 0.16 0.70  -52.19 -49.89 -29.92 13.20 -0.14 0.05 0.98  -2.23 -4.52 29.23 3.74 98 186
-0.45 -0.19 1.11  165.07 -79.14 -38.45 -11.85 0.35 -0.15 0.49  -120.16 33.68 -141.51 -20.63 0.14 -0.13 0.91  -44.48 55.02 -41.53 -6.91 0.01 0.00 0.92  -8.22 2.43 4.01 0.61 90 57
-0.55 -0.40 0.84  97.68 -163.87 144.75 -26.53 -0.25 -0.07 0.92  -68.72 153.63 -91.90 -6.59 -0.18 -0.12 1.52  -28.46 33.53 -9.44 -5.28 0.02 0.05 0.93  -11.96 3.59 10.71 3.19 106 76
-0.15 -0.09 1.08  5.45 73.84 19.03 -7.20 -0.07 0.01 0.62  32.14 -38.85 34.17 0.02 -0.18 -0.13 0.98  25.98 45.23 -6.12 -8.29 -0.03 0.16 0.97  33.24 70.84 -5.16 9.48 990 477
-0.20 0.04 1.08  -0.98 6.07 1.18 1.42 -0.12 0.01 0.77  6.88 9.73 11.49 0.64 -0.18 -0.01 0.95  34.77 53.92 18.88 -1.47 0.13 0.03 0.94  8.60 62.15 24.52 2.94 994 935
-0.13 0.03 1.06  1.74 -8.97 0.01 1.68 -0.20 -0.03 0.82  3.85 23.52 16.58 -1.88 -0.25 -0.00 0.93  30.65 72.26 29.10 -0.33 0.02 0.04 0.86  -7.16 77.80 12.82 3.01 992 950
-0.09 0.05 1.06  -9.80 -16.56 1.95 2.64 -0.13 -0.03 0.84  34.30 28.68 47.97 -2.26 -0.20 0.02 0.93  3.21 64.39 11.60 1.00 0.02 -0.03 0.84  4.39 59.87 7.37 -1.53 934 982
-0.05 -0.02 1.03  -188.39 3.20 45.91 -0.76 0.26 0.17 0.81  90.17 27.08 61.67 11.86 0.00 0.17 1.21  -47.30 24.61 -6.50 7.96 0.06 0.07 0.95  5.41 44.13 8.27 4.24 159 991
0.34 0.04 0.54  54.55 -101.26 39.87 4.29 0.33 -0.33 0.43  3.56 54.71 -52.74 -36.43 0.08 -0.03 0.89  -67.10 6.63 -12.73 -1.25 -0.05 0.10 0.95  10.79 20.28 -14.51 6.47 133 179
-0.49 -0.29 1.24  171.83 -70.67 12.46 -12.90 0.23 -0.02 0.58  -140.83 77.12 -136.65 -6.00 -0.19 -0.15 1.02  -8.21 33.27 -13.16 -8.75 -0.05 -0.00 0.90  -12.16 8.13 7.26 0.57 78 87
-0.52 -0.40 0.55  5.71 32.30 -43.24 -37.14 -0.17 -0.19 1.14  -14.25 -68.43 0.16 -10.27 -0.21 -0.10 1.51  9.57 -49.30 -9.73 -4.57 -0.07 0.06 0.89  -6.47 -7.45 4.15 3.81 654 44
-0.17 -0.03 1.09  -0.91 7.20 4.94 -5.04 0.04 0.03 0.82  45.75 -1.83 21.39 0.94 -0.09 -0.12 0.99  29.30 66.99 -2.20 -7.34 -0.02 0.05 0.93  10.05 18.00 -0.69 3.21 983 445
-0.05 0.03 1.05  -0.57 -6.62 -0.06 1.31 -0.19 0.00 0.83  21.34 9.37 13.67 0.21 -0.16 0.01 0.99  37.03 28.35 12.29 -0.27 0.08 0.11 0.96  7.46 24.43 5.52 6.83 991 465
-0.05 0.03 1.04  3.34 3.33 2.43 1.90 -0.12 -0.01 0.80  16.24 5.58 18.24 -0.54 -0.17 -0.00 0.90  27.14 18.75 11.47 -0.26 -0.00 0.01 0.86  5.34 24.30 2.60 1.55 982 735
-0.08 0.03 1.05  -10.47 -0.53 5.81 1.93 -0.02 -0.00 0.72  27.07 12.01 36.53 -0.22 -0.17 0.00 0.83  8.96 25.38 16.45 0.21 0.02 0.03 0.87  -5.45 18.87 -3.79 1.83 706 912
-0.03 -0.04 1.03  -111.43 13.20 28.33 -2.19 0.09 0.08 0.77  47.72 0.65 70.26 5.60 -0.10 0.08 1.04  -18.93 1.94 9.74 4.62 0.02 0.06 0.86  6.62 3.74 6.42 4.28 154 982
0.00 -0.67 1.18  -12.70 2.10 47.61 -29.91 0.14 -0.30 0.30  36.33 -52.79 47.88 -44.25 -0.09 0.08 0.75  -53.69 -72.46 -14.12 6.67 -0.07 0.03 0.97  -0.07 -7.37 1.47 2.08 124 213
-0.16 -0.23 1.00  169.64 -23.11 -68.12 -15.92 0.26 -0.14 0.49  -130.73 -14.23 -106.22 -20.14 0.00 -0.10 0.94  -41.23 -5.69 -39.45 -5.31 -0.02 0.02 0.92  -9.79 -19.78 -1.47 1.34 122 27
-0.24 -0.69 0.61  42.50 -85.93 -94.98 -50.22 0.01 -0.12 0.96  -71.94 -24.66 -67.38 -9.32 0.00 -0.06 1.46  -13.29 -48.68 -14.72 -2.95 -0.05 0.03 0.91  -13.20 -37.26 -0.03 2.02 90 80
-0.07 -0.06 1.08  -2.33 17.88 12.07 -8.38 0.00 0.04 0.82  50.06 7.74 15.28 2.08 0.09 -0.11 0.91  22.45 -14.04 -11.74 -7.17 -0.03 -0.02 0.93  -0.87 -18.71 -14.16 -0.95 982 98
-0.08 0.03 1.05  0.56 1.81 0.44 1.00 -0.15 0.01 0.90  19.20 -7.68 2.48 1.11 -0.18 0.02 1.01  38.08 3.92 9.11 0.36 0.15 0.05 1.00  -0.82 -19.16 0.78 2.69 982 422
-0.07 0.03 1.05  3.31 8.19 2.53 1.76 -0.11 0.00 0.84  12.90 -0.95 12.52 0.44 -0.17 -0.00 0.94  11.52 0.32 6.44 -0.15 0.14 -0.03 0.95  -10.92 -3.94 -0.16 -1.76 966 684
-0.08 0.03 1.05  -3.31 -0.66 1.04 1.54 -0.05 -0.00 0.83  8.62 4.71 18.64 -0.23 -0.14 0.00 0.89  -3.24 4.34 6.33 0.13 0.09 0.01 1.00  4.58 1.68 -0.93 0.58 914 750
-0.07 0.03 1.04  1.22 -1.34 -1.31 1.57 -0.01 -0.00 0.84  -5.68 4.88 6.52 -0.20 -0.08 0.01 0.90  4.13 10.55 8.12 0.44 0.04 0.00 1.02  -6.95 3.94 4.41 0.17 929 614
-0.08 0.03 1.05  0.36 0.87 0.29 1.82 0.03 0.00 0.87  -1.63 4.66 4.79 0.05 -0.05 0.01 0.92  -1.03 12.15 2.65 0.71 -0.01 0.00 1.04  -3.40 11.81 5.14 0.14 933 662
-0.08 0.03 1.05  -0.27 0.28 0.04 1.62 0.05 -0.01 0.86  1.33 1.41 3.05 -0.37 -0.01 -0.01 0.92  -1.23 -0.55 0.33 -0.39 -0.01 -0.02 1.02  -3.37 -3.99 -2.57 -1.35 917 686
-0.09 0.03 1.05  1.14 0.50 -0.54 1.78 0.04 -0.00 0.86  3.30 -4.53 -0.65 -0.27 -0.03 0.00 0.92  2.12 -8.52 -1.51 0.21 -0.00 -0.01 1.03  -1.11 -15.74 -6.96 -0.64 928 701
-0.09 0.03 1.05  0.94 0.04 -1.01 1.99 0.03 -0.00 0.84  4.91 -8.86 -2.62 -0.29 -0.05 0.00 0.90  5.20 -23.04 -3.00 0.08 -0.00 -0.00 1.02  -4.34 -30.48 -13.98 -0.22 942 642
-0.08 0.03 1.05  0.15 0.73 -0.44 2.10 0.01 -0.01 0.81  6.23 -9.06 -1.82 -0.51 -0.06 0.01 0.87  3.98 -20.16 -4.33 0.37 0.05 -0.01 1.01  -1.68 -28.27 -12.27 -0.76 945 657
-0.09 0.04 1.05  0.82 0.65 -0.20 2.25 0.01 -0.00 0.78  4.74 -2.30 -0.50 -0.22 -0.07 0.01 0.85  -0.26 -8.65 -4.39 0.60 0.07 -0.00 1.01  1.31 -12.90 -3.79 -0.18 950 690
-0.09 0.04 1.05  0.27 -0.44 -0.28 2.27 0.00 -0.01 0.77  2.88 0.92 -1.07 -0.49 -0.09 0.00 0.86  -1.45 0.50 -4.27 0.36 0.05 -0.01 1.01  0.99 1.22 1.36 -0.64 950 695
-0.09 0.04 1.05  0.32 -0.17 -0.29 2.37 -0.01 -0.01 0.78  0.35 1.68 -1.17 -0.74 -0.10 0.00 0.87  -1.97 3.82 -2.45 0.34 0.05 -0.01 1.00  1.95 5.71 1.10 -0.45 957 676
-0.09 0.04 1.05  0.28 -0.16 -0.48 2.33 -0.01 -0.01 0.78  -0.69 0.56 -0.66 -0.78 -0.10 0.00 0.87  -1.80 1.75 -1.40 0.23 0.04 -0.00 1.00  1.18 3.35 -0.09 -0.10 961 644
-0.08 0.04 1.05  0.23 0.08 -0.54 2.44 -0.01 -0.01 0.78  -1.18 -0.86 -0.23 -0.61 -0.10 0.00 0.87  -1.08 -0.87 -0.39 0.29 0.03 0.00 1.00  0.50 0.41 -1.34 0.00 965 580
-0.08 0.04 1.06  -0.14 -0.01 -0.42 2.45 -0.02 -0.01 0.79  -1.74 0.08 0.19 -0.66 -0.10 0.00 0.88  0.18 -0.06 0.37 0.22 0.03 -0.00 1.00  -0.87 -0.47 -0.93 -0.13 966 593
-0.08 0.04 1.06  0.07 0.42 -0.22 2.40 -0.01 -0.01 0.79  -0.77 0.48 1.41 -0.46 -0.09 0.00 0.87  -0.64 -0.03 0.33 0.14 0.03 0.00 1.00  -0.77 0.03 -0.96 0.06 966 618
-0.09 0.04 1.06  0.37 0.62 -0.10 2.47 -0.00 -0.01 0.80  -0.31 -0.20 1.54 -0.57 -0.08 0.00 0.88  -0.67 -0.26 0.12 0.08 0.03 -0.01 1.01  -0.98 0.00 -0.62 -0.33 966 642
-0.09 0.04 1.06  0.05 -0.14 -0.31 2.48 0.00 -0.01 0.80  -0.18 0.03 0.48 -0.43 -0.08 0.01 0.88  0.21 -0.37 -0.23 0.41 0.03 -0.00 1.01  -0.98 0.32 -0.12 -0.24 966 661
-0.09 0.04 1.06  0.04 0.10 -0.24 2.44 -0.00 -0.01 0.80  0.20 0.25 0.35 -0.49 -0.08 0.00 0.88  0.76 -0.32 -0.53 0.26 0.04 -0.01 1.01  -0.63 -0.51 -0.05 -0.37 966 662
-0.09 0.04 1.06  -0.01 -0.00 -0.21 2.44 0.00 -0.01 0.80  0.70 0.02 0.28 -0.55 -0.08 0.00 0.87  0.06 -0.79 -0.83 0.27 0.04 -0.01 1.01  -0.21 -0.77 -0.47 -0.45 965 646
-0.09 0.04 1.05  -0.10 -0.04 -0.32 2.30 0.01 -0.01 0.79  -0.18 0.59 -0.67 -0.46 -0.08 -0.00 0.85  0.39 0.29 -0.56 -0.01 0.04 -0.01 1.01  0.05 -0.64 -1.01 -0.51 962 658
-0.09 0.04 1.05  0.25 -0.12 -0.35 2.29 -0.00 -0.01 0.80  0.12 0.46 -0.56 -0.56 -0.08 -0.00 0.87  -0.66 0.90 -1.31 -0.00 0.04 -0.01 1.01  0.45 0.84 -0.67 -0.59 965 658