-0.03 0.01 1.01  -0.01 0.14 -0.33 0.43 0.03 -0.01 0.97  1.67 -0.63 -0.82 -0.39 0.02 -0.00 1.02  -1.01 -0.99 -1.10 -0.06 0.01 0.00 0.99  -0.69 0.35 -1.32 0.27 966 877
-0.03 0.00 1.01  -0.24 -0.02 -0.01 0.30 0.03 -0.00 0.95  0.91 1.52 0.16 -0.32 0.03 0.00 1.00  0.87 1.88 -0.54 0.12 0.01 -0.00 1.00  0.79 -1.88 -1.43 -0.02 962 885
-0.03 0.00 1.01  -0.34 -0.34 -0.18 0.27 0.03 -0.01 0.96  0.60 -2.11 -0.54 -0.49 0.01 0.00 1.01  0.74 -1.91 -0.78 0.04 0.00 -0.01 1.01  -2.14 -2.37 -1.88 -0.60 959 887
-0.03 0.00 1.01  0.15 -0.00 -0.22 0.20 0.05 -0.00 0.93  1.56 -0.29 -1.22 -0.18 0.04 0.00 0.98  -2.73 2.01 -1.29 0.19 0.02 0.01 1.01  3.95 1.88 0.35 0.60 950 902
-0.03 0.01 1.01  0.13 -0.05 -0.30 0.39 0.03 -0.01 0.96  -0.13 0.23 -1.19 -0.48 0.02 0.00 1.02  -1.06 0.25 -1.52 0.12 0.02 -0.00 1.00  0.01 1.48 -0.59 -0.05 959 902
-0.03 0.01 1.01  0.18 -0.39 -0.30 0.33 0.04 -0.01 0.95  -0.68 0.99 -1.63 -0.48 0.02 0.00 1.02  -0.89 3.45 -1.76 0.05 0.00 -0.00 1.00  -0.27 4.09 1.43 -0.26 961 901
-0.03 0.00 1.01  -0.23 -0.36 -0.40 0.28 0.03 -0.01 0.95  0.09 -1.75 -1.52 -0.49 0.02 -0.00 1.01  0.04 -3.03 -1.69 -0.09 0.02 -0.00 1.00  -0.66 -1.94 -2.21 -0.25 961 902
-0.03 0.00 1.01  -0.37 -0.17 -0.41 0.30 0.03 -0.00 0.94  -0.59 -0.31 -1.93 -0.26 0.02 -0.00 1.00  0.47 -0.87 -1.49 -0.08 0.01 0.01 1.00  -1.17 -2.54 -2.52 0.39 962 894
-0.05 0.01 0.99  -1.53 -7.89 -3.89 0.45 0.04 -0.01 0.94  3.48 -7.88 -6.14 -0.34 0.08 -0.01 1.03  2.15 -13.93 -5.45 -0.33 -0.06 -0.01 0.99  -2.93 -6.11 0.17 -0.81 961 0
-0.02 -0.00 1.01  7.21 -1.76 -4.59 0.00 0.01 -0.01 0.96  -3.52 -9.16 -11.93 -0.66 0.03 -0.00 0.95  16.87 1.93 -7.90 -0.28 0.02 -0.00 1.02  5.15 0.58 -8.14 -0.14 981 805
-0.01 0.01 1.01  0.97 -0.80 0.72 0.60 -0.05 -0.01 0.93  7.15 12.66 0.97 -0.94 -0.16 -0.02 0.94  12.24 38.09 1.43 -1.27 0.09 0.03 0.93  -4.84 16.42 17.00 2.12 982 836
0.04 0.02 1.01  -11.66 -21.67 1.80 1.26 -0.09 -0.01 1.04  26.16 22.24 13.97 -0.74 -0.09 0.04 1.07  22.89 30.29 11.19 1.93 0.11 -0.03 0.96  -17.52 18.80 -2.53 -1.49 918 871
0.08 -0.07 0.98  -164.40 30.81 38.65 -4.04 0.11 0.08 0.89  85.70 -0.84 35.01 5.00 0.06 0.10 1.08  -32.13 -10.30 18.35 5.45 0.07 0.02 1.06  15.95 4.74 -6.22 1.03 74 977
0.33 0.30 0.90  95.40 -5.34 -22.78 18.21 0.01 -0.09 0.74  -49.76 -6.87 -22.54 -6.60 0.11 0.02 0.92  -61.59 -87.98 -16.07 1.94 -0.12 -0.05 1.06  13.45 -8.38 -20.18 -2.62 0 0
-0.03 -0.19 0.86  78.68 -14.53 -55.69 -10.71 0.11 -0.07 0.62  -127.20 -17.62 -22.19 -6.88 0.00 -0.14 1.12  -56.79 -35.33 -16.34 -7.17 -0.08 -0.03 0.94  13.70 -20.38 -4.17 -2.11 0 0
-0.09 -0.57 0.54  -13.65 -23.24 13.25 -47.69 0.05 -0.13 0.98  -22.89 7.65 -1.91 -8.51 0.15 0.02 1.45  22.95 -18.54 -8.56 0.16 -0.03 0.07 0.87  -5.97 -25.91 -6.99 4.15 566 0
0.03 -0.03 0.99  7.25 28.73 8.04 -6.57 0.01 0.01 1.01  46.62 -29.33 -10.77 -0.04 -0.12 -0.05 1.02  64.68 10.96 -13.13 -2.58 -0.05 -0.11 1.04  -13.22 -12.94 -14.14 -5.55 982 0
0.03 -0.01 1.00  -6.09 -1.27 2.77 -1.05 -0.10 -0.01 1.02  29.85 -2.93 -0.28 -0.73 -0.17 -0.00 0.94  52.48 32.67 3.34 -0.51 0.08 -0.00 1.05  -18.41 2.10 13.37 -0.70 903 784
-0.01 -0.06 1.00  -49.95 13.90 10.58 -3.71 -0.02 0.02 0.86  53.14 8.72 0.36 1.05 -0.05 0.04 0.93  18.16 30.83 7.65 2.21 0.06 0.03 0.92  4.20 24.57 -14.85 2.00 34 978
0.03 -0.14 0.92  -201.71 35.98 70.89 -9.06 -0.08 0.18 1.05  116.38 24.38 4.33 9.99 -0.20 0.12 1.29  -39.77 23.38 8.96 5.48 -0.09 0.08 1.00  1.33 19.04 27.39 4.49 0 983
0.05 0.02 0.97  195.05 -32.25 -41.48 0.59 0.04 -0.06 0.60  -111.89 -13.12 -8.96 -4.71 0.19 0.10 0.96  -80.92 -81.31 -7.36 6.18 -0.12 -0.00 1.03  3.35 -3.52 -0.40 0.38 0 0
-0.02 -0.47 0.84  25.50 29.76 -67.97 -29.02 0.03 -0.08 0.56  -174.21 -34.67 12.38 -8.83 -0.04 -0.19 1.09  -33.31 -23.51 -16.94 -9.34 -0.05 -0.01 0.88  4.17 -16.24 -8.89 -0.61 0 0
-0.09 -0.13 0.81  -124.39 -32.84 20.68 -12.30 -0.03 0.14 1.20  48.62 1.65 -0.58 5.96 0.05 0.10 1.40  34.24 16.46 -14.71 3.34 0.01 0.13 0.90  -13.86 -13.79 -8.46 7.99 977 0
0.00 -0.02 1.01  -2.76 -18.49 -5.08 -2.58 -0.12 0.01 1.07  34.19 14.22 -11.03 0.96 -0.11 -0.01 1.05  62.68 20.71 -6.03 -0.27 0.16 -0.12 1.09  -27.89 -9.59 -22.30 -5.48 989 0
0.01 -0.01 1.00  -9.63 -13.46 2.09 -0.82 -0.06 0.00 0.98  42.44 11.81 2.21 0.28 -0.02 0.00 0.95  34.27 28.68 1.78 0.20 0.05 -0.07 1.03  -16.79 20.06 8.81 -4.40 918 618
0.01 -0.09 0.97  -62.24 7.31 18.52 -5.33 -0.07 0.00 0.87  67.47 14.22 10.46 0.19 -0.07 0.01 0.99  13.12 37.48 12.77 0.48 -0.02 0.04 0.90  17.38 33.08 -3.63 2.41 50 967
0.22 -0.58 1.59  -193.67 -53.37 56.37 -20.58 -0.23 0.04 0.66  110.61 11.04 29.05 3.59 -0.12 0.08 0.80  -85.06 -28.04 -8.06 5.76 -0.04 -0.14 1.18  19.70 -7.42 28.69 -6.46 0 394
-0.06 -0.39 0.85  171.15 -28.22 -51.02 -26.93 -0.06 -0.10 0.53  -152.47 1.60 -21.34 -10.55 0.19 -0.08 1.12  -77.57 -9.43 -8.74 -3.49 0.03 -0.05 1.01  5.75 -10.74 -6.39 -3.66 0 0
-0.07 -0.63 0.80  40.60 -42.01 -19.30 -40.57 0.08 -0.08 0.83  -115.84 16.24 -13.76 -6.70 0.09 -0.06 1.33  -0.63 -23.82 -16.89 -3.14 -0.04 0.06 0.94  2.60 -19.92 -3.15 3.36 0 0
-0.19 -0.22 1.12  -16.25 58.76 31.84 -15.27 0.33 -0.00 1.07  75.86 -32.45 -4.06 -0.84 0.16 0.00 1.22  34.53 -41.13 -21.66 -0.15 0.00 0.07 1.00  6.11 7.11 -21.54 4.58 982 0
-0.08 0.01 1.04  7.02 7.43 3.43 -0.76 -0.07 0.01 1.01  40.82 -9.85 -0.14 0.74 -0.03 -0.01 0.99  48.50 32.52 -1.40 -0.48 0.04 -0.04 1.08  -0.85 2.11 11.73 -1.79 966 854
-0.03 -0.05 1.00  -39.17 5.44 5.89 -2.86 -0.06 -0.01 0.93  44.63 9.59 3.82 -0.22 -0.07 0.03 0.98  20.22 31.29 9.00 1.48 -0.01 -0.01 0.98  -4.92 23.75 1.33 -0.53 46 978
-0.01 -0.16 0.94  -119.20 15.10 30.60 -9.78 -0.05 -0.01 0.86  89.12 28.47 6.28 -0.48 -0.00 0.00 1.13  -11.78 16.83 17.89 0.21 -0.02 0.01 0.92  7.33 16.73 -6.91 0.66 0 983
-0.00 0.13 0.91  97.20 -11.01 -48.98 7.04 0.01 -0.16 0.64  -25.51 -14.17 13.56 -14.41 0.11 0.10 0.92  -48.16 -51.21 -0.41 5.91 -0.14 0.06 1.12  -2.77 -9.07 -2.95 3.14 0 0
-0.03 -0.34 0.90  102.19 25.09 -69.94 -20.18 0.05 -0.11 0.55  -125.67 -41.19 30.19 -12.65 0.10 -0.05 1.12  -43.69 -40.94 -0.30 -1.92 -0.08 -0.00 0.95  16.81 -28.52 -23.58 0.06 0 0
0.14 -0.39 0.76  -6.21 39.31 -125.82 -29.37 0.00 -0.08 0.87  -85.48 -95.09 15.24 -6.35 0.03 -0.05 1.25  -2.69 -70.10 -18.30 -2.36 -0.12 0.01 0.94  -4.88 -54.87 -14.83 0.47 0 0
-0.22 -0.56 0.97  -70.89 88.34 -53.42 -33.18 0.14 -0.07 0.89  34.37 -115.37 -15.84 -5.14 0.13 -0.02 1.17  34.68 -124.38 -31.76 -0.96 -0.12 0.02 0.92  -5.39 -91.61 -24.98 1.02 301 0
0.06 -0.04 0.97  2.48 9.82 1.67 -5.76 0.10 0.03 0.95  3.11 -16.70 -28.27 1.12 -0.07 -0.01 0.93  33.11 -42.52 -18.65 -0.44 -0.04 -0.00 1.00  -28.14 -98.97 -34.86 0.04 981 0
0.09 -0.02 0.97  -0.69 13.44 3.15 -1.91 -0.08 0.00 1.07  20.48 -39.99 -7.41 0.29 -0.23 0.01 1.00  10.33 -83.88 -4.08 0.51 0.05 -0.00 0.99  -13.10 -133.42 -44.73 -0.20 982 0
0.03 -0.03 0.98  2.48 15.30 2.09 -2.18 -0.04 -0.00 1.00  4.07 -17.93 3.75 -0.13 -0.03 0.00 0.95  7.12 -46.53 -2.42 0.28 0.20 -0.03 1.06  -3.48 -85.08 -34.42 -1.60 978 919
-0.05 -0.01 1.01  2.29 14.95 3.69 -1.04 0.04 -0.01 1.06  0.11 -11.06 14.43 -0.44 0.02 0.03 1.03  -3.41 -36.81 12.73 1.50 0.16 -0.03 1.09  3.37 -16.56 -26.95 -1.90 981 913
0.09 -0.32 0.99  -54.92 87.97 -17.87 -17.89 -0.18 0.01 0.84  49.56 -62.64 43.35 0.95 -0.16 0.02 1.26  -53.14 -70.11 41.06 1.16 -0.27 -0.03 1.05  4.63 -54.48 -37.59 -1.97 86 0
0.16 0.02 0.89  -4.04 129.86 -251.21 -0.25 0.03 -0.09 0.65  -28.96 -249.99 87.11 -7.59 -0.00 0.07 0.77  -15.69 -235.21 -49.99 5.16 -0.07 -0.03 0.99  11.32 -110.76 -36.62 -1.87 0 0
0.04 -0.22 0.90  1.16 54.24 -147.94 -13.92 0.10 -0.05 0.71  -70.94 -124.76 27.97 -4.61 0.03 0.00 1.10  -28.00 -110.30 -26.50 0.57 -0.01 0.01 0.98  10.49 -81.39 -29.95 0.65 0 0
0.07 -0.32 0.70  -19.54 -8.55 -24.57 -26.24 0.01 -0.10 0.83  -18.26 -23.71 -14.54 -7.03 0.11 -0.04 1.22  -2.19 -37.51 -19.87 -2.01 -0.02 0.03 0.95  -8.48 -42.07 -9.83 1.89 0 0
0.07 -0.07 0.98  1.41 25.31 10.38 -6.59 -0.11 0.02 0.89  40.44 1.46 -10.99 0.41 0.09 -0.16 1.01  35.72 7.57 -19.08 -8.96 -0.12 0.01 0.98  5.58 -27.03 -7.63 0.89 974 0
0.04 -0.01 0.99  -8.24 -7.76 -2.06 -1.38 -0.08 -0.01 1.03  24.03 -1.98 -2.98 -0.52 -0.03 0.02 1.07  42.81 30.41 1.45 0.36 0.14 0.02 1.09  0.76 -11.17 7.89 0.96 934 0
0.08 -0.08 0.95  -20.88 -0.19 11.11 -5.19 -0.03 -0.02 0.86  24.56 1.84 -0.70 -1.13 0.02 -0.00 0.93  30.22 32.65 9.45 -0.06 0.09 -0.02 1.00  -4.75 20.85 -2.46 -0.78 30 913
0.05 -0.15 0.93  -87.95 12.72 28.06 -9.73 -0.05 0.01 0.96  64.51 15.84 17.91 0.73 -0.03 0.06 1.14  4.19 32.12 18.55 2.90 0.05 0.02 0.90  15.06 22.93 3.59 1.49 0 973
0.72 0.05 1.19  67.53 -55.70 68.83 1.63 -0.32 0.07 0.74  45.72 35.91 -12.19 5.82 -0.04 0.28 0.71  -94.72 -64.53 -15.26 21.98 -0.04 0.17 1.10  24.06 -21.43 10.31 9.20 0 0
-0.16 -0.50 0.95  164.90 -23.37 -112.53 -27.51 0.12 -0.01 0.50  -199.65 -63.09 -19.29 -0.22 0.15 -0.16 1.15  -49.02 -23.04 -21.11 -5.97 -0.06 0.02 0.93  5.56 -15.15 0.86 1.85 0 0
-0.21 -0.70 0.41  -1.00 -20.59 -28.07 -62.37 0.04 -0.23 0.84  -15.12 -0.28 -3.49 -15.61 0.20 -0.09 1.40  17.47 -27.14 -10.40 -4.26 -0.04 0.04 0.84  -7.86 -15.13 -8.93 3.20 0 0
0.08 -0.07 0.98  -1.59 2.35 7.03 -10.57 -0.14 0.06 0.92  58.08 -15.87 -8.93 2.08 -0.29 -0.04 0.85  65.90 51.76 -5.86 -2.82 -0.10 -0.10 1.12  -18.31 -16.75 -11.95 -4.83 982 0
0.08 -0.07 0.96  -38.55 -15.66 7.38 -5.37 -0.08 0.01 0.98  45.71 25.42 4.82 1.10 -0.08 0.02 0.96  32.43 43.02 8.37 0.98 0.08 -0.00 1.05  -5.41 14.24 5.00 -0.65 101 871
0.04 -0.17 0.89  -46.24 5.90 16.44 -11.33 -0.06 -0.02 0.91  50.94 8.80 7.91 -1.19 -0.07 0.01 1.00  34.56 38.77 17.83 0.47 0.06 -0.01 0.93  -6.59 32.91 -15.56 -0.89 0 965
0.02 -0.49 1.15  -248.50 10.14 68.32 -24.12 -0.04 0.25 1.11  128.86 38.16 28.65 12.67 -0.08 0.12 1.16  -73.30 -2.65 3.05 5.79 -0.03 -0.10 1.16  17.18 0.20 32.44 -5.14 0 870
-0.07 -0.15 0.80  176.80 -67.32 -37.98 -12.97 0.10 -0.18 0.47  -140.53 -2.07 -46.74 -19.49 0.22 -0.03 0.98  -115.16 -10.24 -1.53 -1.22 -0.07 -0.09 1.02  -4.33 -12.97 -6.29 -5.53 0 0
-0.13 -0.84 0.80  72.53 -6.82 -81.57 -47.93 0.10 -0.07 0.65  -150.94 -27.53 -6.98 -7.90 0.20 -0.09 1.27  31.74 -28.11 -28.93 -4.31 -0.03 0.07 0.90  0.43 -23.25 2.16 3.97 0 0
-0.16 -0.26 1.10  -18.38 55.66 31.41 -18.17 0.42 -0.00 1.04  78.02 -49.90 -10.32 -0.96 0.19 0.09 1.26  37.05 -63.93 -23.41 3.48 -0.04 -0.01 1.09  4.71 5.88 -29.25 -0.16 982 0
-0.01 -0.02 1.00  -16.10 -17.05 -1.76 -2.93 -0.09 0.03 1.03  40.96 21.05 -0.80 1.59 0.01 0.03 1.06  45.38 37.77 0.81 1.74 0.12 -0.02 1.10  8.16 9.32 12.36 -1.17 901 447
0.01 -0.14 0.93  -31.24 6.76 11.41 -8.69 -0.04 -0.01 0.87  41.70 15.04 2.70 -0.64 0.01 -0.01 0.91  25.50 43.47 9.26 -0.50 0.03 -0.02 1.00  -3.10 26.75 -1.15 -1.38 1 961
0.07 -0.18 0.90  -101.50 -10.98 29.14 -12.31 -0.09 -0.01 0.95  88.56 24.87 9.12 -0.51 -0.08 0.01 1.19  -3.34 26.69 13.46 0.40 -0.01 0.00 0.92  -1.46 21.09 1.09 -0.05 0 981
0.27 -0.03 0.99  143.78 -35.34 37.25 -3.00 0.07 -0.10 0.69  -23.05 -14.45 -17.97 -8.65 0.01 0.15 0.88  -74.13 -23.77 6.97 9.60 -0.07 0.11 1.10  7.50 4.97 3.02 5.65 0 0
-0.11 -0.33 0.74  129.55 -12.45 -71.36 -24.46 0.10 -0.13 0.49  -169.21 -37.69 -12.80 -15.41 0.12 -0.18 1.07  -47.78 3.55 -10.02 -8.43 -0.10 -0.00 0.92  10.47 -11.55 -5.88 0.29 0 0
-0.24 -0.60 0.36  33.34 -34.45 -10.55 -61.56 0.06 -0.17 0.96  -39.63 18.72 -18.89 -11.62 0.10 -0.09 1.44  17.63 -27.78 -20.68 -4.24 -0.03 0.04 0.87  -15.11 -27.18 -0.14 2.95 0 0
-0.06 -0.09 0.99  7.89 18.69 10.79 -11.36 0.01 0.03 0.87  50.53 -39.28 -9.38 0.63 0.05 -0.17 0.82  57.18 25.44 -12.68 -11.97 -0.14 -0.01 1.03  -14.07 -27.65 -29.19 -0.15 978 0
-0.07 -0.02 1.01  2.15 3.41 3.13 -2.03 -0.09 -0.01 1.07  29.93 6.52 1.69 -0.22 -0.05 -0.01 0.99  28.55 52.00 -3.29 -1.62 0.10 -0.02 1.06  0.52 -2.18 11.41 -1.35 977 703
-0.06 0.01 1.02  -6.52 -6.37 2.09 0.31 -0.08 0.00 1.07  29.66 19.21 10.21 0.01 -0.10 0.03 1.07  33.86 30.78 7.79 1.62 0.06 -0.06 0.97  -2.86 5.58 -0.30 -3.51 910 950
-0.01 0.05 1.19  -167.47 28.04 52.02 2.16 0.10 0.40 0.86  147.74 17.14 15.68 24.64 -0.08 0.23 1.10  -89.77 -131.01 11.22 12.09 -0.02 0.04 1.14  21.32 -42.81 4.93 1.89 11 950
0.28 -0.07 0.84  92.78 118.68 -179.51 -4.44 -0.25 -0.21 0.54  -94.81 -171.71 103.10 -18.45 -0.31 -0.04 0.74  -23.86 -177.42 -15.80 -2.05 -0.01 -0.03 1.03  -7.53 -95.31 -33.42 -1.54 0 0
0.33 -0.29 0.80  16.14 75.20 -174.72 -20.28 -0.16 -0.08 0.67  -78.81 -141.06 49.06 -8.71 0.02 -0.04 1.02  -5.79 -138.66 -16.14 -2.58 -0.01 0.01 0.96  -6.96 -110.61 -40.83 0.50 0 0
0.12 -0.23 0.77  -46.04 26.77 -136.55 -18.56 0.05 -0.09 0.77  -12.66 -126.00 1.69 -7.72 0.06 -0.07 0.98  22.82 -103.43 -33.03 -4.32 -0.07 -0.01 0.97  -10.82 -112.96 -37.86 -0.36 0 0
0.10 -0.07 1.00  -1.75 -25.86 0.57 -5.96 0.04 0.01 0.94  -1.32 -14.57 -17.77 -0.23 0.09 0.11 1.14  11.34 -69.37 -14.68 5.26 0.08 0.04 1.07  -5.50 -104.09 -42.25 2.23 966 0
-0.03 -0.03 1.00  6.39 26.24 2.31 -2.14 0.04 0.01 0.99  -5.21 -36.83 -11.84 0.69 0.01 0.06 0.98  6.77 -103.01 -7.46 3.81 0.15 -0.04 0.99  -19.29 -114.71 -40.76 -2.26 983 0
0.02 -0.03 0.98  0.37 4.05 -1.02 -2.19 -0.10 -0.01 1.01  0.67 -14.58 0.87 -0.43 -0.11 -0.01 0.99  8.18 -50.24 -0.91 -0.06 0.17 -0.02 1.01  -7.72 -63.64 -29.50 -1.34 990 0
-0.03 -0.02 1.00  1.63 4.40 1.54 -1.61 -0.03 0.01 0.94  4.73 -5.57 9.20 0.38 -0.03 -0.02 0.94  3.81 -21.27 7.44 -1.08 0.16 -0.05 1.05  -2.11 -14.03 -16.89 -2.80 983 0
-0.03 -0.02 1.00  -4.04 -7.76 4.44 -1.20 0.03 -0.01 1.04  9.30 22.16 13.33 -0.78 0.03 0.01 1.00  -3.78 -0.90 16.32 0.62 0.05 -0.05 1.10  2.28 2.46 -6.56 -2.79 951 0
-0.06 -0.09 0.97  -29.50 32.27 -0.14 -5.22 0.08 -0.01 0.87  25.67 -6.80 14.91 -0.84 0.05 0.02 0.99  -24.38 -23.55 18.35 1.02 -0.03 -0.01 1.09  3.48 -8.63 -14.98 -0.98 64 59
-0.07 -0.10 0.95  14.96 25.40 -10.27 -6.74 0.06 -0.03 0.83  -10.89 -36.60 14.10 -2.38 0.06 0.02 0.99  12.73 -18.01 -0.92 1.12 -0.03 -0.03 1.10  1.80 -15.87 -6.34 -1.69 0 0
-0.12 -0.09 0.99  -11.81 23.53 -1.77 -5.86 0.12 -0.02 0.95  10.30 -16.64 10.22 -1.61 0.12 0.02 1.08  -8.14 -10.79 8.88 1.20 0.00 -0.04 1.07  3.67 -6.90 -8.56 -2.33 0 802
-0.06 -0.09 0.91  12.83 35.76 -70.79 -6.26 0.05 -0.05 0.71  17.00 -88.29 13.55 -4.50 -0.11 0.02 1.02  -27.90 -19.17 -19.31 1.25 -0.04 0.02 1.07  8.54 -4.52 0.11 0.94 0 0
-0.02 0.09 1.10  -0.50 37.39 -119.86 3.98 0.11 0.06 0.86  -20.57 -116.60 16.52 3.84 0.17 0.09 1.21  -33.63 -99.51 -24.00 4.22 -0.05 0.03 1.01  -3.26 -16.21 -3.38 1.55 0 0
0.00 -0.04 0.81  -25.43 -13.19 -85.40 -2.47 -0.01 -0.08 0.75  -90.47 -34.26 -14.33 -5.65 0.07 -0.15 1.20  -29.94 -10.11 -9.09 -6.83 -0.06 -0.03 0.98  3.04 -28.42 -8.01 -1.76 0 0
0.23 -0.04 0.97  23.57 -10.73 -3.33 -2.78 -0.01 0.07 1.12  -1.65 -5.80 -2.87 3.26 -0.07 0.18 1.34  40.86 -4.95 -11.79 6.92 0.01 0.02 1.08  0.25 -6.08 -8.66 0.93 885 0
0.07 -0.02 0.97  1.03 3.05 -1.40 -1.75 0.00 0.01 1.12  6.35 -6.70 -6.08 0.83 -0.01 0.01 1.12  24.77 0.38 -6.77 1.46 -0.02 -0.02 1.07  -6.56 -4.65 -0.99 -1.25 978 0
0.10 -0.03 0.96  -1.37 -4.41 -2.62 -2.08 -0.04 0.01 1.04  5.66 -4.20 -6.27 0.50 -0.04 0.00 1.01  12.42 -0.34 -5.77 0.20 0.01 -0.02 1.08  -7.27 -11.96 -2.27 -1.17 981 0
0.10 -0.02 0.97  2.64 3.60 0.37 -1.59 -0.07 0.01 1.06  3.19 -6.76 -6.48 0.34 -0.08 -0.00 1.02  4.02 -1.04 -5.06 0.02 0.05 -0.03 1.07  -3.37 -14.58 -4.15 -1.73 983 0
0.10 -0.02 0.97  0.35 0.66 0.48 -1.50 -0.08 0.00 1.06  -1.63 6.62 3.08 0.15 -0.10 -0.01 1.01  7.84 -1.73 -0.82 -0.47 0.11 -0.05 1.03  -4.56 -2.46 3.86 -2.74 983 0
0.10 -0.03 0.97  -2.14 -3.63 -0.46 -1.73 -0.06 0.00 1.04  1.86 8.62 6.64 0.20 -0.10 0.00 0.96  5.15 14.32 3.06 0.19 0.02 -0.01 1.10  2.84 15.26 0.26 -0.81 981 0
0.09 -0.02 0.97  2.93 6.98 3.02 -1.51 -0.00 0.01 1.03  1.57 -1.25 3.70 0.49 -0.05 0.01 0.97  -1.52 9.00 1.02 0.89 -0.02 -0.01 1.08  3.81 15.84 0.61 -0.78 978 0
0.09 -0.02 0.97  0.31 0.91 0.35 -1.58 -0.01 0.00 1.05  0.75 1.35 2.04 0.23 -0.02 0.00 1.00  -1.15 4.06 2.03 0.18 -0.03 -0.02 1.05  3.10 3.27 -2.34 -1.26 978 0
0.09 -0.02 0.97  0.15 0.15 -0.17 -1.58 0.00 0.00 1.03  0.89 0.80 0.03 0.16 -0.00 0.00 0.99  -1.36 1.05 -0.09 0.10 -0.02 -0.03 1.05  0.51 4.19 -0.17 -1.50 977 0
0.09 -0.02 0.97  0.47 0.51 0.06 -1.58 0.00 0.00 1.03  0.51 -0.21 -0.74 0.28 -0.01 -0.00 0.98  -1.19 1.25 -1.03 -0.19 -0.01 -0.01 1.04  -1.76 4.80 1.44 -0.86 977 0
0.09 -0.02 0.97  0.21 1.14 0.44 -1.57 0.00 0.00 1.03  0.37 -0.28 0.09 0.22 -0.01 -0.00 0.99  -0.30 1.53 -0.57 -0.21 -0.02 -0.01 1.04  -0.05 1.71 0.25 -0.52 977 0
0.09 -0.02 0.97  -1.42 -5.32 -1.87 -1.62 0.01 0.00 1.04  -1.18 5.11 -0.66 0.11 0.01 0.00 0.99  1.03 4.87 0.05 0.18 0.02 -0.02 1.06  -2.08 3.78 -0.19 -1.35 977 0
0.10 -0.02 0.97  0.59 0.43 0.16 -1.62 0.01 0.00 1.04  -0.52 1.26 -0.98 0.13 -0.02 -0.00 1.00  -1.41 7.02 -1.20 -0.16 -0.03 -0.02 1.04  1.44 7.50 2.22 -1.22 976 0
0.09 -0.02 0.97  0.05 1.24 0.22 -1.55 0.01 0.00 1.04  1.31 -3.13 -0.54 0.23 0.00 0.00 1.00  0.23 -6.75 -0.64 0.14 0.00 -0.01 1.05  1.74 -5.75 -3.27 -0.94 974 0
0.09 -0.03 0.97  0.28 0.76 -0.01 -1.65 0.00 0.00 1.03  0.47 -1.25 -0.97 0.16 -0.02 -0.00 0.99  0.68 -3.08 -1.10 -0.26 -0.01 -0.01 1.04  -1.27 -2.85 -2.42 -0.88 974 0
0.08 -0.02 0.97  0.49 1.37 0.17 -1.54 0.01 0.00 1.02  -0.15 -0.64 -0.83 0.28 0.01 -0.00 0.98  -0.24 -1.53 -1.01 -0.13 0.00 -0.01 1.04  -0.82 -2.28 -1.75 -0.47 974 0
0.08 -0.02 0.97  -0.04 1.71 -0.27 -1.41 0.01 0.00 1.03  -0.19 0.18 -0.86 0.25 -0.00 -0.00 1.00  -0.52 -1.43 -1.05 -0.06 -0.01 -0.02 1.04  -1.35 -1.71 -1.99 -0.90 976 0
0.07 -0.02 0.98  0.27 0.74 -0.06 -1.45 0.02 0.00 1.03  0.41 -0.25 -0.93 0.26 0.00 -0.00 0.99  -0.67 0.03 -1.09 -0.04 -0.00 -0.00 1.04  -1.08 -0.03 -1.46 -0.32 976 0
0.07 -0.02 0.98  0.23 1.81 0.20 -1.38 0.01 0.00 1.03  0.76 -1.68 -0.81 0.26 -0.01 -0.00 0.99  0.06 -1.88 -0.98 -0.18 -0.01 -0.01 1.04  -2.13 -2.75 -3.08 -0.36 978 0
0.06 -0.02 0.98  -0.38 -0.92 -0.11 -1.34 0.02 0.01 1.03  0.63 1.47 -0.39 0.38 0.02 0.01 1.00  -0.07 1.32 -0.32 0.31 -0.00 -0.02 1.05  3.50 2.52 -0.13 -1.30 974 0
0.07 -0.02 0.97  -0.20 -0.38 -0.01 -1.59 0.01 0.00 1.02  2.39 0.55 -0.56 0.13 -0.00 -0.01 0.98  -0.20 2.35 -0.38 -0.39 -0.01 0.00 1.03  4.60 -1.36 -2.56 0.15 966 0
0.06 -0.02 0.98  0.26 0.02 -0.07 -1.40 0.02 0.00 1.02  1.34 1.11 -0.74 0.26 0.01 0.00 0.99  0.12 2.54 -0.89 0.16 -0.00 -0.01 1.03  1.23 -2.41 -2.39 -0.76 966 0
0.08 -0.02 0.97  0.28 -1.92 -0.15 -1.61 0.01 0.00 1.01  1.54 -0.54 -1.32 0.10 -0.01 0.00 0.99  1.04 1.61 -0.68 0.03 -0.03 -0.01 1.02  0.66 -0.31 -1.42 -0.44 962 0
0.07 -0.03 0.97  -0.40 -1.11 -0.46 -1.70 0.02 0.00 1.00  0.66 0.98 -1.60 0.12 0.01 0.00 0.97  -0.28 5.07 -1.73 0.09 0.00 0.00 1.03  -1.35 6.73 1.54 0.00 962 0
0.08 -0.02 0.97  -0.40 -0.36 -0.58 -1.61 0.02 0.00 1.01  0.26 -0.93 -1.50 0.19 -0.01 0.00 0.99  -0.78 -2.20 -1.79 0.12 -0.02 -0.00 1.03  -1.37 -0.03 -1.14 -0.25 962 0
0.08 -0.02 0.97  0.06 0.80 -0.20 -1.63 0.01 0.00 1.00  0.16 -2.56 -0.83 0.15 0.00 -0.00 0.98  -0.79 -5.44 -1.15 -0.14 0.01 -0.01 1.03  -0.11 -5.02 -2.77 -0.65 965 0
0.07 -0.02 0.98  1.08 2.18 0.04 -1.41 0.02 0.00 1.01  -1.11 -0.95 -0.55 0.21 -0.00 0.00 0.99  -1.63 -0.98 -1.23 0.24 -0.02 0.01 1.03  2.16 -3.33 -1.37 0.71 967 0
0.07 -0.02 0.98  0.96 3.74 0.66 -1.41 0.02 0.00 1.02  -0.72 -2.46 -0.88 0.06 0.01 0.00 0.99  -1.73 -3.97 -1.59 0.08 -0.00 -0.02 1.03  0.95 -2.87 -1.59 -0.80 974 0
0.06 -0.02 0.98  0.51 1.71 -0.05 -1.18 0.02 0.00 1.02  0.81 0.61 -0.75 0.26 0.01 0.00 1.01  -2.85 -4.81 -0.95 0.05 -0.01 -0.01 1.02  -1.04 -3.12 -1.25 -0.55 978 0
0.06 -0.02 0.98  0.21 1.90 0.01 -1.18 0.02 -0.00 1.04  -0.67 -2.23 -0.54 -0.11 0.01 0.00 1.01  -0.86 -4.16 -0.97 0.14 -0.01 -0.02 1.03  1.81 -4.37 -1.61 -1.25 978 0
0.04 -0.02 0.99  0.05 0.95 -0.20 -1.07 0.03 0.01 1.02  0.11 -0.99 -1.26 0.29 0.00 0.00 1.01  -0.65 -3.38 -1.25 0.10 0.00 -0.01 1.01  -1.56 -3.42 -2.45 -0.78 978 0
0.05 -0.02 0.98  0.10 -0.27 -0.21 -1.07 0.02 0.00 1.02  0.18 0.74 -1.01 0.30 0.01 0.00 1.00  -1.01 1.99 -1.21 0.02 0.00 -0.01 1.02  0.37 2.74 0.48 -0.49 978 0
0.05 -0.02 0.98  -0.05 -0.67 -0.49 -1.18 0.02 0.00 1.02  0.20 0.26 -1.43 0.21 -0.00 -0.00 1.02  0.21 2.53 -1.59 -0.00 -0.02 -0.01 1.02  -2.01 2.88 -0.07 -0.39 978 0
0.05 -0.02 0.98  0.08 -0.43 -0.37 -1.14 0.02 0.00 1.03  0.35 -0.48 -1.26 0.19 0.01 0.00 1.01  1.60 2.63 -1.55 0.04 0.01 -0.01 1.03  0.80 2.12 -0.85 -0.47 978 0
0.05 -0.02 0.98  -0.12 -0.21 -0.40 -1.08 0.01 0.00 1.03  0.54 -1.97 -0.86 0.06 -0.00 0.00 1.01  0.90 1.83 -0.81 0.08 0.00 -0.01 1.02  2.04 2.10 -1.41 -0.65 978 0
0.05 -0.02 0.99  0.28 0.04 0.32 -1.10 0.01 -0.00 1.03  0.79 2.10 -1.10 -0.14 0.00 0.00 1.00  -1.08 4.70 -0.94 0.08 0.01 -0.01 1.03  -2.08 8.16 1.53 -0.87 977 0
0.04 -0.01 0.99  -0.24 -0.32 -0.04 -0.97 0.01 0.00 1.03  0.60 0.77 -0.54 0.03 -0.01 0.00 1.01  0.09 3.35 -0.68 0.13 -0.02 -0.01 1.03  0.49 3.48 -1.17 -0.82 977 289
0.05 -0.02 0.99  1.96 3.92 1.59 -1.11 0.01 0.01 1.01  -1.07 -2.67 -0.95 0.30 0.00 -0.00 0.98  0.11 3.00 -0.76 -0.17 -0.01 -0.01 1.04  1.48 1.52 -0.01 -0.60 974 461
0.03 -0.01 0.99  -0.19 -0.69 -0.60 -0.82 0.02 0.00 1.04  -2.72 -0.09 -1.25 0.04 -0.00 0.00 1.00  -0.33 -1.37 -1.54 0.15 -0.03 -0.02 1.05  -2.01 -2.21 -1.79 -0.88 974 397
0.03 -0.01 0.99  0.56 1.29 -0.05 -0.93 0.02 0.01 1.02  -2.89 -0.80 -0.98 0.42 0.01 -0.01 0.99  -2.52 -5.29 -1.68 -0.46 0.01 -0.01 1.03  -3.85 -3.67 0.36 -0.81 977 204
0.03 -0.01 0.99  -0.39 -0.40 -0.47 -0.71 0.03 0.01 1.05  -1.77 0.15 -0.97 0.38 0.01 0.00 1.01  -0.34 -1.60 -0.78 0.14 -0.00 -0.03 1.06  1.73 -3.57 -2.02 -1.51 977 170
0.04 -0.01 0.99  -0.27 -1.13 -0.59 -0.92 0.03 0.01 1.05  -2.42 2.04 -0.90 0.43 0.02 0.00 1.00  -1.30 1.73 -1.13 0.09 0.02 -0.03 1.06  -2.08 3.38 1.92 -1.97 977 0
0.05 -0.02 0.99  -0.51 -1.29 -1.13 -1.00 0.01 0.01 1.06  -2.02 -2.82 -0.75 0.34 -0.01 0.01 1.00  -1.14 2.04 -0.37 0.30 0.02 -0.02 1.06  5.47 2.77 1.22 -1.21 978 0