=~=~=~=~=~=~=~=~=~=~=~= PuTTY log 2021.09.16 19:56:35 =~=~=~=~=~=~=~=~=~=~=~=
8 -0.40 -0.36 0.17 -0.01 0.00 1.00  -0.06 -0.12 -1.80 0.03 -0.01 -0.00 1.01  -0.74 0.26 -1.70 -0.02 0.01 -0.01 1.01  -0.24 0.40 -1.08 -0.37 978 865
-0.01 0.00 1.01  -0.06 -0.56 -0.38 0.23 -0.02 -0.00 1.00  0.02 0.14 -1.67 -0.02 -0.02 -0.00 1.01  -0.84 0.61 -1.91 -0.01 0.01 -0.01 1.01  -1.92 1.75 -0.25 -0.38 981 861
-0.01 0.00 1.01  -0.12 -0.52 -0.29 0.16 -0.01 -0.00 1.00  0.70 0.04 -1.48 -0.11 -0.01 0.00 1.02  0.11 -0.61 -1.44 0.02 0.01 -0.01 1.02  -1.98 -0.35 -1.56 -0.37 980 865
-0.01 0.00 1.01  -0.14 -0.46 -0.44 0.10 -0.02 0.00 0.99  0.84 -0.96 -1.12 -0.00 -0.02 -0.00 1.00  0.73 -1.18 -1.29 -0.06 0.01 -0.01 1.02  0.77 -1.90 -1.62 -0.40 978 868
-0.01 0.00 1.01  -0.30 -0.72 -0.43 0.12 -0.01 -0.00 0.99  0.88 0.04 -1.24 -0.04 -0.01 0.00 1.00  0.50 0.15 -1.17 -0.00 0.01 0.00 1.02  0.41 -0.55 -1.21 -0.03 978 870
-0.01 0.00 1.01  -0.12 -0.63 -0.44 0.03 -0.01 0.00 0.98  0.72 -0.52 -1.33 0.02 -0.02 -0.00 0.99  -0.18 1.18 -1.26 -0.13 0.01 -0.00 1.01  2.45 0.29 -0.79 -0.11 978 870
-0.01 0.00 1.01  -0.10 -0.47 -0.44 0.05 -0.02 -0.00 0.99  0.07 -0.18 -1.43 -0.08 -0.02 0.00 1.00  0.11 -0.23 -1.38 0.09 0.01 0.00 1.01  0.29 0.13 -0.61 0.21 978 870
-0.01 -0.00 1.00  -0.04 -0.27 -0.33 -0.02 -0.02 -0.00 0.99  0.07 0.24 -1.34 -0.13 -0.02 -0.00 1.00  -0.55 0.47 -1.44 -0.07 0.02 -0.01 1.01  -1.17 0.70 -0.84 -0.64 978 866
-0.01 0.00 1.00  -0.11 -0.02 -0.32 0.04 -0.02 -0.00 0.99  0.31 -0.88 -0.90 -0.08 -0.01 -0.00 1.00  -0.53 -0.60 -1.16 -0.03 0.02 -0.01 1.01  1.57 -0.16 -1.34 -0.46 978 869
-0.01 0.00 1.00  0.03 -0.15 -0.33 0.03 -0.02 -0.00 0.99  -0.44 0.11 -1.10 -0.07 -0.02 -0.00 1.00  -0.61 1.44 -1.17 -0.03 0.02 -0.00 1.01  0.49 1.81 -0.69 -0.24 980 866
-0.01 0.00 1.00  0.69 1.21 0.12 0.06 -0.02 -0.00 1.00  0.43 0.81 -0.76 -0.10 -0.01 -0.00 1.01  -2.27 -1.14 -0.91 -0.25 0.01 -0.01 1.00  1.50 -0.06 -1.08 -0.34 981 854
-0.01 0.00 1.01  -3.80 5.74 -0.74 0.01 -0.03 -0.01 1.01  0.27 -4.68 -1.33 -0.48 -0.02 0.00 1.00  2.34 0.87 -1.07 0.01 0.01 0.00 0.99  2.88 -1.26 -1.32 0.07 981 822
-0.03 -0.00 1.01  0.98 -5.15 -0.08 -0.09 -0.02 0.00 0.99  1.56 -1.12 -2.38 -0.04 -0.01 -0.00 1.01  2.11 0.84 -2.17 -0.28 -0.01 0.01 0.98  2.09 -0.72 0.21 0.83 982 791
-0.02 0.00 1.00  0.89 -3.88 -1.76 0.08 -0.02 0.01 0.96  3.83 -1.61 -6.89 0.33 0.00 0.00 0.99  2.86 3.43 -7.18 0.08 -0.00 -0.02 1.01  -3.90 4.76 3.12 -0.86 982 769
-0.00 0.01 1.01  0.41 -6.21 -2.10 0.49 -0.08 -0.01 0.98  1.10 5.87 -7.77 -0.29 -0.05 -0.01 1.02  5.15 13.54 -5.32 -0.81 0.12 0.02 0.95  -1.51 4.26 0.64 1.33 983 721
0.03 0.00 1.00  0.41 -10.44 -1.50 0.19 -0.06 -0.02 1.00  12.56 3.89 0.53 -1.22 -0.04 -0.01 1.04  12.46 9.47 -2.45 -0.53 0.04 -0.02 0.96  -11.17 12.22 1.15 -1.16 983 674
0.04 0.01 1.00  -8.29 -9.98 0.12 0.47 -0.06 -0.02 0.93  24.92 17.07 9.69 -1.06 -0.07 -0.02 0.97  23.76 29.41 11.59 -0.95 0.06 0.02 0.92  -3.05 19.66 -0.04 1.42 951 836
0.12 -0.01 1.03  -88.72 -9.31 19.07 -0.74 0.05 0.08 0.96  62.69 23.79 30.49 4.78 0.05 0.15 1.07  -6.14 15.91 21.53 7.82 0.12 0.01 1.02  4.91 -14.41 0.41 0.99 206 934
0.59 0.13 0.99  37.24 30.10 31.06 7.43 -0.19 0.00 0.70  36.96 -42.84 -8.69 0.90 -0.10 0.15 0.82  -82.52 -52.69 -16.58 11.26 -0.03 0.07 1.08  11.41 -1.71 -6.71 3.83 84 0
0.07 -0.28 0.94  112.72 7.44 -103.23 -15.62 0.09 -0.10 0.55  -147.94 -65.15 -12.75 -10.17 0.10 -0.14 1.15  -55.55 -33.40 -20.44 -5.69 -0.04 -0.01 0.93  4.95 -14.71 -9.87 -0.36 47 0
-0.02 -0.50 0.77  1.79 -0.04 -37.23 -34.27 0.03 -0.10 0.83  -72.86 -21.65 -3.96 -7.84 0.03 -0.12 1.28  30.83 -23.71 -18.18 -5.75 -0.07 0.07 0.88  -1.43 -26.06 -11.01 4.22 290 0
0.01 -0.07 1.02  0.61 26.13 10.93 -7.46 0.03 0.07 0.91  43.60 -17.48 -7.85 3.45 -0.01 -0.03 0.96  65.87 25.03 -11.46 -2.47 -0.11 0.05 1.02  -14.94 -14.57 -12.01 3.20 982 0
0.06 -0.01 0.99  -10.18 -15.36 0.44 -1.45 -0.07 0.00 1.06  22.43 12.74 2.62 0.45 -0.05 0.00 1.04  51.52 53.76 2.13 -0.03 0.10 0.02 1.01  -6.56 5.55 17.57 1.31 966 916
0.10 -0.05 0.98  -28.63 -6.53 6.17 -3.00 -0.04 0.01 0.99  40.70 14.68 6.92 0.59 -0.06 0.06 0.99  20.93 34.91 8.84 3.31 0.07 0.00 0.98  -8.03 26.50 -3.49 0.31 105 967
0.07 -0.13 0.95  -86.31 11.66 28.38 -8.25 -0.08 0.03 0.95  75.02 7.76 19.86 1.80 -0.12 0.06 1.15  2.59 21.86 15.02 3.39 0.04 0.00 0.91  8.71 15.84 4.14 0.28 21 982
0.46 -0.06 1.22  52.18 13.35 70.09 -3.76 -0.01 -0.09 0.59  46.84 -100.47 9.60 -8.12 0.02 0.25 0.72  -88.39 -49.40 -7.25 19.10 -0.01 0.20 1.09  8.70 -5.66 8.49 10.36 0 0
-0.01 -0.40 0.68  153.56 -27.64 -71.61 -30.73 -0.04 -0.16 0.51  -161.21 -11.77 -37.37 -18.66 -0.02 -0.18 1.11  -61.04 15.45 -12.00 -7.44 -0.09 -0.00 0.92  5.79 -2.62 -4.03 0.89 0 0
-0.14 -0.66 0.50  78.32 -17.21 -11.75 -55.98 0.12 -0.15 0.97  -92.22 20.02 -7.32 -10.70 0.17 -0.01 1.55  25.97 -2.00 -18.81 -1.01 -0.04 0.03 0.90  -11.65 -22.79 1.56 2.14 0 0
-0.04 -0.14 1.05  -11.31 39.26 24.07 -13.03 0.20 0.06 1.00  67.85 -9.81 -2.57 2.53 0.32 -0.21 0.99  37.50 -21.18 -15.71 -11.99 -0.10 0.02 0.95  4.29 2.62 -16.29 1.42 982 0
0.02 -0.02 0.99  -0.96 -1.17 2.16 -2.50 -0.09 0.02 0.99  31.23 9.10 3.04 1.59 -0.04 -0.01 1.02  51.44 57.72 2.33 -1.73 0.07 0.05 1.02  4.60 8.65 17.44 2.93 982 913
0.03 -0.00 1.00  -7.22 -3.56 6.59 -0.45 -0.06 -0.01 1.03  44.71 5.44 6.46 -0.62 -0.06 0.02 1.02  21.78 46.35 7.73 0.82 0.10 -0.04 0.98  3.79 37.79 14.69 -2.08 758 934
0.07 -0.04 1.04  -108.97 13.86 22.54 -2.51 -0.04 0.07 1.03  92.11 19.40 23.68 3.99 -0.10 0.11 1.25  -6.99 30.29 19.42 5.29 0.04 0.04 0.92  11.67 15.15 3.65 2.31 52 982
0.55 0.28 0.86  75.30 14.77 -8.72 17.56 -0.14 -0.13 0.67  -7.89 26.68 6.14 -10.85 0.15 0.13 0.89  -60.40 -62.61 -14.89 8.89 -0.07 0.14 1.08  6.37 -8.20 -8.21 7.44 0 0
-0.08 -0.38 0.94  103.63 -15.10 -102.53 -20.30 0.08 -0.09 0.50  -161.97 -50.74 -12.72 -11.85 -0.05 -0.16 1.13  -48.58 -6.62 -14.55 -7.09 -0.08 -0.10 0.95  -0.45 -16.31 -10.42 -5.32 0 0
-0.15 -0.52 0.69  30.80 -31.89 -6.23 -39.34 0.10 -0.12 0.98  -72.59 35.47 -17.54 -7.97 0.13 -0.04 1.41  13.83 0.41 -16.36 -2.52 -0.03 0.01 0.90  -8.62 -12.65 0.51 0.37 0 0
-0.30 -0.15 1.16  -11.89 96.93 42.58 -11.34 0.38 0.05 1.13  66.34 -56.46 -7.21 1.55 0.15 0.05 1.31  38.52 -32.79 -20.02 2.04 0.01 0.04 1.03  -2.81 5.82 -18.62 2.33 982 0
0.03 -0.02 1.00  4.84 10.36 1.41 -2.08 -0.11 0.01 0.99  39.29 -1.87 0.80 1.03 -0.13 -0.02 0.98  45.47 20.77 -5.64 -1.17 0.03 -0.00 1.04  7.45 -2.54 11.98 0.19 991 850
-0.02 0.02 1.02  -8.17 -4.34 4.90 0.80 -0.05 0.01 0.97  47.95 2.81 3.75 0.52 -0.05 0.02 0.95  27.43 39.02 7.35 0.91 -0.02 -0.04 0.99  -5.81 23.34 12.01 -2.25 678 966
0.02 -0.08 0.99  -91.50 16.83 20.71 -4.72 -0.09 -0.01 0.98  81.82 15.90 11.04 -0.21 -0.10 0.02 1.13  -2.48 29.25 9.26 0.89 -0.00 0.00 0.93  9.47 19.42 3.97 0.04 31 982
0.63 0.14 1.23  75.50 -22.97 16.18 6.08 -0.17 0.05 0.81  -0.70 32.97 11.42 3.44 -0.07 0.21 0.77  -51.46 -18.72 0.70 15.58 -0.01 0.20 1.18  6.36 -4.39 9.60 9.51 0 0
-0.08 -0.21 0.92  115.48 -8.64 -67.33 -12.15 0.10 -0.05 0.56  -146.50 -31.81 -10.09 -4.49 0.16 -0.07 1.06  -80.69 -1.69 -2.36 -2.56 -0.06 -0.01 0.98  -3.11 -10.10 -7.93 0.34 0 0
-0.16 -0.63 0.62  51.93 -10.33 -26.68 -46.82 0.18 -0.19 0.81  -85.37 0.88 3.21 -13.82 0.25 -0.13 1.43  4.84 -61.32 -7.59 -5.64 -0.06 -0.02 0.95  -3.66 -28.43 -10.57 -0.95 0 0
0.02 -0.21 1.13  -24.21 103.53 53.42 -15.13 0.01 0.07 1.24  59.95 -32.93 -21.96 2.08 0.08 -0.04 1.31  26.30 -53.05 -34.30 -2.18 -0.07 -0.07 1.02  -7.11 5.14 -19.48 -4.24 977 0
-0.01 0.00 1.00  1.70 -2.17 -0.04 -1.27 0.01 0.01 1.03  26.32 -12.19 -13.50 0.50 -0.01 0.00 1.01  34.33 -15.11 -7.52 -0.11 0.07 -0.07 1.13  -9.17 -46.80 -13.49 -3.88 966 950
-0.01 -0.00 1.01  -8.98 -4.62 -0.25 -0.41 -0.02 0.02 0.99  9.42 -3.80 -0.24 1.40 -0.06 0.00 0.97  25.95 -53.63 0.72 0.11 0.04 -0.03 1.03  -1.23 -62.79 -19.74 -2.27 854 966
0.07 -0.07 0.95  -18.15 -8.50 -0.42 -4.18 -0.06 -0.01 0.96  19.67 4.88 15.97 -0.22 -0.13 -0.00 0.95  6.08 -19.42 9.01 -0.03 0.12 -0.00 1.00  8.73 -42.36 -29.63 -0.26 33 950
0.03 -0.13 0.95  -39.34 70.32 13.69 -8.08 0.09 0.02 0.95  47.65 -41.15 23.33 1.45 0.21 0.01 1.13  -38.28 -82.62 34.29 0.49 -0.05 -0.12 1.07  6.54 -39.48 -21.88 -6.26 0 962
0.14 -0.04 0.85  47.47 114.46 -194.93 -3.66 -0.11 -0.10 0.72  -32.92 -197.12 62.91 -7.99 -0.29 -0.07 0.91  -7.54 -141.02 -30.17 -4.47 -0.20 0.00 1.00  2.07 -77.63 -32.37 -0.58 0 0
0.14 -0.13 0.88  -22.59 82.60 -193.42 -8.82 0.08 -0.08 0.68  -40.19 -175.19 50.21 -7.20 0.18 -0.01 0.97  -5.92 -130.27 -30.58 -1.04 -0.09 -0.01 0.99  -5.58 -105.36 -34.53 -0.52 0 0
-0.25 -0.27 0.93  -51.40 21.63 -42.59 -17.20 0.31 -0.08 0.68  2.21 -62.09 9.88 -7.78 0.22 -0.06 0.97  19.59 -78.50 -11.23 -3.38 -0.01 -0.02 1.02  -5.51 -81.33 -16.54 -1.20 0 0
0.11 -0.02 0.97  7.40 -1.66 -5.25 -3.12 0.10 0.01 0.97  -20.50 -0.76 -13.72 -0.41 0.08 0.04 1.01  24.38 -54.30 -6.65 1.78 -0.01 0.03 1.08  -16.53 -75.37 -30.82 1.36 981 0
0.06 -0.03 0.98  0.73 12.93 1.81 -1.82 -0.02 0.00 1.01  6.14 -20.93 -0.03 0.16 -0.02 0.00 0.99  6.90 -63.72 1.92 0.21 0.07 0.01 1.01  -5.13 -87.16 -39.66 0.66 982 0
0.08 -0.04 0.96  -2.44 -4.50 -3.20 -2.74 -0.00 -0.01 0.93  4.31 -5.07 14.42 -0.39 -0.05 -0.02 0.89  13.27 -43.25 10.41 -1.42 0.22 -0.02 1.04  -10.81 -41.09 -26.66 -1.27 977 0
0.14 0.01 1.01  1.95 39.81 17.64 0.25 0.04 -0.04 1.17  42.56 -15.28 32.00 -1.81 0.02 0.04 1.22  -15.79 -18.60 28.76 1.85 0.08 -0.09 1.06  8.41 -20.57 -10.57 -4.71 806 0
0.13 0.39 1.08  -51.25 71.00 -117.95 19.90 -0.02 0.04 0.80  27.69 -131.96 26.66 2.49 -0.15 0.06 0.91  -71.71 -141.41 -30.78 3.71 -0.12 -0.05 1.04  22.93 -40.10 -25.08 -3.28 28 0
0.17 -0.11 0.99  62.27 -3.73 -115.03 -4.53 0.02 0.02 0.70  -147.45 -70.16 -10.19 2.07 0.12 -0.08 1.14  -34.60 -36.33 -29.05 -3.75 -0.02 0.05 0.96  12.27 -32.61 -4.46 2.52 0 0
-0.11 -0.48 0.56  -16.14 0.31 -12.64 -41.20 0.03 -0.19 0.96  -2.11 -18.24 -5.59 -10.91 0.17 -0.14 1.35  21.32 -18.02 -14.00 -6.10 -0.01 0.03 0.83  -1.97 -6.95 -4.24 2.46 498 0
0.02 -0.07 1.01  7.34 21.59 11.96 -7.81 -0.04 0.05 0.91  55.82 -13.91 -9.84 2.34 -0.19 -0.04 0.82  54.86 25.77 -6.70 -3.33 -0.03 -0.01 1.14  -19.17 -21.34 -23.56 -0.47 983 497
0.00 0.01 1.01  -3.70 -6.41 5.05 -0.16 -0.08 -0.00 1.04  48.33 4.91 4.20 0.08 -0.13 0.01 1.00  30.45 46.61 5.37 0.05 0.07 -0.05 1.03  -6.21 7.21 15.67 -3.07 869 959
-0.01 -0.09 0.99  -68.77 25.41 8.60 -5.05 -0.08 0.00 0.92  59.83 11.10 9.26 0.31 -0.08 0.02 1.01  22.94 42.75 19.74 1.41 -0.02 0.01 0.89  2.53 33.79 -16.08 0.46 18 983
-0.10 -1.14 0.85  -248.50 3.67 82.52 -53.86 -0.03 0.16 0.71  148.72 60.30 1.66 12.56 0.07 0.14 1.23  -99.34 15.34 -0.72 6.42 -0.09 -0.08 1.24  13.02 9.26 42.15 -3.73 0 735
-0.11 -0.04 0.77  181.26 -60.11 -76.86 -8.29 -0.06 -0.39 0.46  -169.30 -10.13 -36.39 -38.81 0.05 -0.18 0.86  -83.14 -50.59 -19.20 -11.27 -0.01 -0.03 0.98  10.47 -17.01 -10.30 -1.93 0 0
-0.18 -0.81 0.80  74.52 -21.69 -34.75 -46.41 0.14 -0.05 0.79  -138.67 -0.49 3.23 -7.38 0.24 0.05 1.41  14.46 -34.72 -18.30 0.87 -0.03 0.07 0.92  -2.70 -28.26 -2.25 4.24 0 0
0.31 -0.26 1.02  -34.26 43.83 38.29 -18.94 0.08 0.03 1.27  58.50 -51.86 -6.43 0.57 0.06 0.22 1.48  51.76 -19.27 -16.72 8.64 0.13 0.12 1.06  -17.26 11.55 -24.56 6.67 982 0
-0.00 -0.02 1.00  -3.06 0.77 3.24 -3.12 -0.09 0.02 1.02  43.96 -1.93 0.71 1.36 -0.12 0.01 0.98  50.12 13.79 1.22 1.71 0.05 -0.05 1.10  -6.05 -4.11 -2.73 -1.86 961 881
0.04 -0.10 0.94  -43.68 8.27 12.85 -6.54 -0.04 -0.00 0.86  38.89 13.96 3.77 -0.13 -0.02 -0.02 0.86  28.73 42.60 10.01 -1.33 0.05 0.02 0.98  -1.08 13.11 -4.46 1.12 22 982
-0.01 -0.22 0.87  -85.90 13.01 26.90 -14.51 -0.04 -0.06 1.04  77.02 12.81 17.00 -3.28 -0.06 -0.01 1.16  4.08 33.15 16.70 -0.44 -0.03 0.01 0.87  3.77 25.87 -6.73 1.01 0 994
0.52 0.03 0.99  36.21 16.44 -2.71 0.18 -0.13 -0.13 0.62  45.85 -19.67 21.34 -12.09 -0.06 0.20 0.85  -67.34 -52.28 -18.36 13.19 -0.06 0.15 1.11  6.94 -9.16 4.65 7.88 0 158
-0.05 -0.46 1.25  169.13 -35.79 -73.78 -20.12 0.04 0.01 0.46  -216.76 3.43 -26.22 0.53 0.08 -0.09 1.01  -63.18 27.65 -0.63 -3.73 -0.05 0.01 0.96  -12.04 5.10 -2.08 1.17 0 0
-0.18 -0.66 0.38  52.96 -42.54 -5.28 -62.23 0.06 -0.23 0.89  -62.50 27.03 -16.09 -14.52 0.22 -0.16 1.45  -3.12 -43.52 -16.30 -6.84 -0.03 0.03 0.88  2.51 -24.94 1.19 2.00 0 0
-0.24 -0.21 1.17  -25.08 83.64 42.14 -16.39 0.30 0.12 1.20  71.98 -78.05 -4.60 4.14 0.25 0.07 1.30  33.41 -21.93 -26.88 2.27 0.05 0.07 1.03  2.50 11.42 -21.17 4.25 982 0
0.01 -0.03 0.99  1.15 -4.39 1.09 -3.57 -0.09 0.02 1.04  35.92 11.97 -1.33 1.68 -0.01 -0.01 1.02  43.14 39.40 -3.16 -0.58 0.07 -0.01 1.05  5.84 6.84 17.09 -0.24 982 0
0.02 -0.03 0.99  -10.68 3.05 7.63 -2.25 -0.05 0.00 1.01  40.25 6.99 5.24 0.45 -0.03 0.02 0.95  27.74 36.92 6.64 1.03 0.04 0.01 1.01  -3.05 17.21 4.06 0.40 546 950
0.01 -0.12 0.96  -65.81 8.50 11.42 -7.19 -0.07 -0.00 0.99  63.89 6.84 17.80 -0.19 -0.12 0.05 1.05  8.47 20.51 13.56 2.69 -0.06 0.04 0.94  2.41 21.90 -7.02 2.36 0 982
0.30 -0.36 1.44  -62.27 -32.06 79.68 -14.71 -0.23 -0.14 0.65  82.51 36.38 23.08 -11.85 -0.15 0.07 0.67  -70.01 -10.45 9.03 6.05 -0.05 0.03 1.09  18.77 -8.29 15.31 1.66 0 150
0.02 -0.25 0.86  137.04 -17.98 -48.08 -17.49 -0.01 -0.06 0.60  -130.98 -5.70 -22.66 -7.10 0.14 -0.04 1.10  -61.99 -1.21 -1.07 -1.34 -0.08 0.03 0.98  4.56 -8.25 -5.07 2.09 0 0
-0.04 -0.41 0.89  62.68 21.59 -83.61 -26.36 0.05 -0.04 0.84  -117.02 -50.31 0.61 -3.72 0.06 -0.09 1.35  -14.09 -40.92 -12.78 -4.12 -0.09 0.01 0.94  -1.84 -26.99 -5.07 0.56 0 0
-0.18 -0.13 0.67  -80.40 2.07 -75.23 -13.49 0.13 -0.05 1.09  23.38 -87.80 -6.63 -3.19 0.09 -0.08 1.21  37.68 -76.67 -17.66 -4.26 -0.09 0.03 0.90  -6.24 -47.63 -7.85 2.05 959 0
0.15 -0.10 0.96  -3.57 31.19 28.74 -7.14 -0.12 0.01 1.18  24.74 13.66 -27.77 -0.01 -0.08 -0.01 1.13  38.47 -7.88 -18.24 -0.97 0.04 -0.05 1.06  -15.35 -36.68 -34.04 -2.36 990 0
0.01 -0.01 0.99  10.76 17.63 5.58 -1.05 -0.03 0.01 1.08  25.81 -32.87 -9.03 0.40 -0.05 -0.01 1.02  24.24 -56.49 -7.78 -0.60 -0.01 -0.05 1.02  -8.92 -88.87 -28.28 -2.90 982 946
-0.05 -0.00 1.01  -4.71 7.87 -0.99 -0.13 -0.09 0.01 1.04  19.47 -32.33 0.45 0.34 -0.11 0.02 0.96  20.02 -84.27 -0.60 0.89 0.10 -0.01 1.02  -0.79 -100.00 -38.67 -0.91 925 977
-0.03 -0.05 0.99  -16.36 16.32 -9.06 -3.13 -0.05 -0.01 0.95  14.14 -18.60 16.49 -0.70 -0.12 0.02 0.88  -14.60 -61.59 11.22 1.25 0.17 -0.00 1.07  4.30 -62.75 -31.04 -0.16 53 982
-0.13 -0.14 0.96  -82.96 54.38 27.09 -8.49 -0.01 0.04 0.92  41.29 2.63 14.59 2.24 0.03 -0.00 1.25  -62.88 -28.59 43.93 -0.11 -0.14 -0.08 0.98  7.60 -45.52 -25.58 -4.76 0 934
0.19 -0.28 0.81  75.70 141.37 -251.21 -19.74 -0.31 -0.07 0.68  -33.64 -247.16 87.37 -5.86 -0.24 0.03 1.06  -0.95 -169.24 -56.19 1.51 -0.11 0.01 1.02  1.08 -70.26 -27.97 0.23 0 0
0.01 -0.05 0.81  -32.21 59.69 -241.89 -5.42 0.11 -0.10 0.72  -54.51 -183.26 53.20 -8.79 0.29 -0.11 1.06  4.88 -123.69 -37.17 -5.76 -0.06 -0.03 0.92  -4.97 -103.28 -35.89 -1.57 0 0
0.08 -0.42 0.85  -64.20 8.33 -43.36 -27.05 0.20 -0.06 0.83  -5.94 -42.78 10.68 -4.83 0.19 0.03 1.18  27.41 -56.03 -0.77 1.00 -0.08 -0.01 1.00  8.85 -77.37 -11.84 -0.98 0 0
0.11 -0.03 0.98  42.53 18.51 -7.65 -4.56 0.09 0.13 1.00  -3.70 -5.49 -19.17 6.95 0.07 0.08 0.95  31.01 -31.72 -18.01 5.17 -0.02 0.03 1.06  -6.53 -81.87 -8.15 1.39 950 0
0.14 -0.03 0.95  -0.18 11.86 -1.26 -2.04 -0.04 -0.02 1.13  -5.19 -24.84 -20.58 -0.35 -0.06 0.04 1.13  3.23 -36.59 -10.19 2.66 0.20 0.00 1.01  -7.72 -45.59 -14.43 0.30 989 0
0.04 -0.04 0.99  8.12 -12.45 -9.84 -2.77 -0.06 0.00 1.06  4.08 -23.29 -4.41 0.14 -0.13 0.01 1.09  0.39 -25.36 -9.36 0.92 0.11 0.01 0.97  -1.71 -34.99 -10.26 0.37 994 0
0.06 -0.02 1.00  3.57 7.50 -2.76 -1.39 0.00 0.00 1.01  4.98 -15.03 2.44 0.14 0.03 0.03 1.00  4.75 -25.36 0.37 1.82 0.14 -0.02 1.06  -14.10 -21.01 -8.17 -1.00 994 0
0.16 0.00 0.96  -1.36 -13.61 -1.55 -0.08 -0.07 -0.00 1.00  2.87 20.07 4.79 -0.21 -0.08 -0.02 1.02  9.00 26.60 4.22 -0.93 0.08 -0.01 1.01  -10.39 17.40 5.11 -0.84 994 0
0.32 0.06 0.91  -6.28 7.53 13.96 4.01 -0.16 -0.11 1.36  49.30 13.69 21.58 -4.50 -0.13 0.10 1.33  -8.14 19.89 15.14 4.32 -0.05 -0.03 1.09  17.28 -0.17 -2.87 -1.76 942 0
0.33 0.51 1.08  4.37 25.89 -5.46 25.68 -0.04 0.06 0.86  4.02 -20.67 1.52 3.83 0.04 0.07 1.01  -76.63 -36.98 0.95 4.26 -0.06 0.04 1.03  15.50 -14.76 -22.56 2.01 108 0
0.17 -0.14 0.99  46.06 -4.52 -83.41 -5.55 0.00 -0.06 0.73  -135.77 -34.57 -7.52 -4.61 0.10 -0.21 1.26  -32.82 -31.88 -17.08 -9.15 -0.04 -0.01 0.94  9.35 -16.52 -8.79 -0.35 27 0
-0.09 -0.39 0.66  -14.66 14.69 -7.58 -31.27 0.03 -0.13 1.03  0.21 -9.76 -3.70 -7.60 0.13 -0.11 1.37  37.56 1.07 -14.66 -5.64 -0.06 0.07 0.85  -8.81 -19.10 -5.92 4.96 615 0
-0.01 -0.09 1.04  -2.08 50.93 22.10 -8.05 -0.03 0.03 1.07  48.89 10.81 -13.47 1.06 -0.06 -0.04 0.98  50.80 43.48 -11.50 -2.60 -0.10 0.01 1.06  -18.95 -5.93 -10.28 0.94 983 0
-0.01 0.01 1.00  7.59 6.46 3.88 -0.33 -0.05 0.00 1.00  38.85 -3.42 2.50 0.31 -0.12 -0.04 0.92  38.64 47.37 -1.22 -2.76 0.07 -0.03 1.01  2.48 -0.29 23.54 -1.86 982 861
0.01 0.02 1.04  -43.93 -14.96 4.88 0.89 -0.02 0.06 0.88  57.13 -3.96 7.13 3.84 -0.05 0.09 0.90  18.98 23.77 10.04 5.25 0.11 0.02 0.99  -3.21 19.00 0.91 1.22 214 982
0.06 -0.10 0.94  -190.67 42.73 66.77 -5.86 -0.05 0.16 1.08  115.34 33.99 8.64 8.86 -0.08 0.10 1.39  -36.40 14.26 7.51 4.50 0.07 -0.02 0.96  15.82 12.84 8.02 -1.21 14 989
0.31 0.28 0.90  124.89 5.41 -82.08 16.69 -0.13 -0.23 0.73  -48.69 -15.25 9.15 -16.68 0.08 0.06 0.90  -71.72 -48.99 -16.20 3.97 -0.16 0.05 1.08  15.39 0.64 -6.55 2.52 0 0
-0.28 -0.71 1.02  163.02 -19.94 -98.33 -33.01 0.19 -0.04 0.50  -205.02 -28.41 -4.56 -6.44 -0.04 -0.17 1.16  -34.91 3.99 -12.04 -7.91 -0.07 -0.06 0.96  -0.18 -14.98 -5.82 -3.08 0 0
-0.20 -0.11 0.74  -90.79 -26.29 30.37 -11.91 0.07 0.09 1.16  47.34 17.46 0.64 3.77 0.20 -0.06 1.41  36.31 4.63 -12.10 -3.38 -0.01 0.05 0.92  -3.24 -13.36 -5.42 2.98 978 0
-0.06 -0.02 1.02  7.25 11.53 6.11 -2.30 0.02 0.02 0.95  45.26 -12.84 -11.60 1.40 -0.07 -0.02 0.97  63.93 -7.40 -6.54 -1.40 0.08 -0.07 1.09  -21.11 -19.42 -30.20 -3.18 982 790
-0.01 -0.02 1.01  -34.66 -11.73 5.22 -1.39 -0.04 0.02 0.90  46.98 6.05 0.59 1.24 -0.04 0.02 0.91  26.97 27.02 5.10 0.89 0.07 -0.04 1.05  5.05 15.55 4.15 -2.55 117 974
0.02 -0.14 0.94  -76.77 11.11 13.45 -8.61 -0.07 -0.01 0.95  64.15 12.65 10.64 -0.68 -0.09 0.03 1.07  12.85 28.64 12.99 1.56 -0.03 0.01 0.88  9.12 26.28 -0.26 0.40 0 982
-0.07 -1.02 1.69  -136.94 3.87 69.00 -32.09 -0.35 -0.01 0.49  129.54 32.42 31.74 -0.92 -0.15 0.15 0.81  -90.53 -9.43 -10.37 10.31 -0.05 -0.10 1.09  17.05 -5.00 35.92 -5.33 0 226
-0.06 -0.27 0.94  187.95 -67.69 -9.26 -19.15 -0.01 -0.08 0.56  -188.37 74.76 -35.89 -8.73 0.18 -0.13 1.09  -69.63 -20.03 -8.56 -5.70 -0.09 -0.03 1.01  -2.34 -16.26 -11.98 -2.02 0 0
-0.15 -0.79 0.67  63.23 -42.48 -33.28 -51.78 0.06 -0.11 0.87  -110.69 13.07 -22.25 -8.07 0.17 -0.01 1.42  -4.24 -35.92 -16.52 -0.85 -0.02 0.06 0.94  5.41 -27.39 1.12 3.44 0 0
-0.08 -0.27 1.11  -35.78 62.59 36.15 -18.98 0.01 0.02 1.06  71.16 -60.83 -6.32 0.39 -0.00 0.04 1.28  38.15 -46.80 -28.95 1.92 0.05 0.00 1.02  4.94 13.71 -26.98 0.39 983 0
0.01 -0.01 1.00  5.18 9.44 5.77 -2.71 -0.05 0.01 1.01  33.64 0.69 -5.06 0.72 -0.03 -0.01 1.02  55.91 44.28 -2.63 -0.19 0.09 -0.04 1.09  0.02 12.84 11.43 -1.94 982 218
-0.04 -0.01 1.02  -21.88 -6.90 5.12 -0.86 -0.04 0.02 0.92  39.50 8.06 1.21 1.31 -0.02 0.02 0.92  25.69 40.67 7.18 1.54 0.06 0.04 1.02  -0.16 22.90 0.35 2.13 130 973
0.00 -0.12 0.95  -81.39 -0.88 16.16 -7.43 -0.04 -0.03 0.96  67.91 23.90 7.46 -1.42 -0.05 0.02 1.11  -1.02 27.48 13.84 1.30 -0.04 0.02 0.94  2.05 35.55 -8.67 1.50 0 982
0.06 -0.38 1.31  -31.17 0.97 29.56 -16.77 -0.18 -0.11 0.66  58.50 -13.96 33.78 -9.38 -0.09 0.05 0.71  -35.84 9.48 9.68 4.45 -0.10 0.03 1.16  2.07 0.47 20.79 1.47 0 214
0.01 -0.25 0.91  134.30 -20.21 -42.91 -17.00 0.02 -0.03 0.66  -115.88 -1.74 -15.98 -3.84 0.04 0.01 1.12  -56.44 -21.95 -8.06 0.78 -0.12 -0.03 1.05  4.41 -20.19 -9.62 -1.64 0 0
0.03 -0.46 1.01  28.29 -8.21 -67.14 -26.12 0.11 -0.02 0.81  -117.85 -28.06 5.75 -1.66 0.19 -0.07 1.19  -27.69 -34.99 -8.77 -3.40 -0.14 -0.00 0.99  5.44 -30.81 -13.54 -0.21 0 0
-0.01 -0.21 0.70  -61.63 29.71 -97.48 -18.97 0.12 -0.08 1.13  -7.76 -68.77 -5.82 -4.45 0.12 -0.07 1.24  3.91 -48.82 -13.07 -3.77 -0.10 0.03 0.93  0.16 -42.70 -11.60 1.90 0 0
0.06 -0.04 1.05  5.17 36.15 15.97 -4.27 0.13 0.07 1.30  35.02 -41.56 -28.32 2.69 -0.01 0.38 1.45  37.08 -43.15 -31.42 14.16 0.09 0.19 1.12  -21.63 -26.71 -24.53 10.06 977 0
0.10 -0.02 0.97  8.20 5.44 3.99 -1.59 -0.06 0.01 1.11  18.41 -21.99 -18.11 0.85 -0.06 0.01 1.08  24.79 -11.61 -11.05 2.01 0.08 -0.04 1.07  -8.79 -37.45 -12.88 -0.92 991 886
0.02 0.01 1.00  7.69 17.83 4.75 0.28 -0.04 0.00 1.08  19.40 -25.62 -6.26 0.31 -0.03 0.00 1.04  16.34 -54.35 -4.36 0.47 -0.01 -0.03 1.04  -3.72 -61.96 -24.63 -1.66 982 965
-0.00 0.00 1.01  -4.40 -0.69 -0.94 0.29 -0.07 0.01 0.99  14.18 -15.41 9.78 0.64 -0.08 0.00 0.92  20.95 -42.20 3.66 0.29 0.10 -0.01 1.05  -0.88 -71.20 -28.21 -0.56 950 978
-0.02 -0.00 1.02  -17.14 -2.15 1.13 -0.21 0.04 -0.01 1.05  15.40 6.36 22.59 -0.62 0.01 0.03 0.90  -7.13 -59.33 20.07 1.96 0.09 -0.01 1.12  -4.01 -52.00 -28.85 -0.59 178 977
0.19 -0.33 0.95  -26.43 131.76 -70.72 -18.97 -0.41 -0.02 0.61  63.07 -144.80 77.49 -2.10 -0.36 0.09 0.97  -72.39 -29.76 -2.01 5.25 -0.23 0.01 1.08  10.50 -85.42 -36.68 0.66 0 50
0.21 -0.19 0.84  0.81 128.15 -246.82 -14.87 -0.07 -0.12 0.58  -78.33 -240.29 80.25 -11.94 0.26 -0.01 0.95  -11.18 -166.36 -40.62 -0.09 -0.06 -0.00 1.03  0.25 -99.58 -32.44 -0.11 0 0
0.14 -0.34 0.78  -17.63 66.44 -138.40 -24.81 0.04 -0.07 0.69  -50.12 -140.57 33.42 -6.85 0.10 -0.01 1.04  0.88 -120.79 -22.77 -0.71 -0.04 0.03 0.98  1.26 -94.54 -34.26 1.46 0 0
-0.21 -0.25 0.92  -26.94 62.61 -2.16 -17.56 0.29 -0.09 0.80  2.48 -38.54 -5.81 -6.79 0.16 -0.04 1.04  24.49 -66.49 -15.56 -2.43 -0.02 -0.05 1.02  -2.34 -80.94 -21.69 -2.62 0 0
0.12 -0.06 0.96  2.57 -10.09 -5.20 -5.07 -0.00 -0.01 1.05  -5.65 -8.87 -14.12 -1.31 0.01 -0.02 1.01  17.20 -34.06 -5.81 -1.54 0.01 -0.03 1.08  -7.60 -58.72 -25.47 -2.13 981 0
0.07 -0.05 0.96  0.85 4.95 0.32 -3.31 -0.04 -0.00 0.99  8.63 -9.41 -3.02 -0.20 -0.05 -0.01 0.98  4.36 -13.95 -5.86 -0.87 0.15 -0.00 1.00  -0.98 -32.03 -5.73 -0.29 991 0
0.06 -0.04 0.97  2.80 -4.99 2.18 -2.67 -0.03 -0.01 1.00  5.46 0.52 7.48 -0.58 -0.01 -0.00 1.00  16.65 -8.17 6.13 -0.15 0.14 -0.03 1.03  -10.18 -8.35 -10.01 -1.82 982 0
0.13 -0.00 0.99  -29.01 0.85 7.56 -0.42 0.02 -0.03 1.18  56.29 17.86 29.81 -1.35 -0.03 0.06 1.14  -19.93 2.92 15.29 2.95 0.00 -0.03 1.08  12.29 -4.52 -0.84 -1.96 450 0
0.38 0.28 0.98  -9.08 53.09 -36.23 15.78 -0.14 -0.02 0.76  16.71 -83.76 19.24 -1.47 -0.11 0.06 0.83  -61.61 -49.82 -15.53 4.61 -0.08 0.05 1.08  17.28 -16.49 -15.71 2.29 26 0
0.07 -0.24 1.02  69.09 20.73 -125.73 -11.75 0.07 0.02 0.72  -132.26 -93.96 -5.82 0.98 0.12 -0.08 1.21  -29.01 -14.61 -21.21 -3.49 -0.01 0.03 0.95  -1.30 -18.71 -7.87 1.89 0 0
-0.08 -0.50 0.78  -9.36 -27.73 -28.49 -33.87 0.11 -0.12 0.98  -42.84 4.19 -15.41 -7.09 0.15 -0.09 1.33  17.50 -17.66 -13.76 -4.23 -0.07 0.06 0.89  -13.22 -23.10 -11.88 3.98 0 0
0.05 -0.11 0.99  -5.33 26.56 12.79 -9.81 -0.05 0.01 1.02  54.42 -1.33 -7.96 0.04 0.12 -0.15 1.02  43.38 32.39 -15.96 -8.87 -0.13 0.00 1.01  -1.40 -9.48 -0.72 0.65 982 0
0.07 -0.03 0.97  -1.73 -6.92 -0.42 -2.75 -0.08 0.01 1.02  31.57 5.89 0.30 0.54 -0.05 -0.00 0.97  38.54 46.99 -1.71 -0.98 0.10 0.01 1.07  -0.12 5.13 18.12 0.63 978 749
0.06 -0.06 0.97  -33.04 -13.76 12.49 -3.52 -0.00 0.00 0.93  46.01 -6.12 1.66 0.30 -0.01 0.04 0.97  7.41 34.55 6.71 2.52 0.07 -0.00 1.00  7.49 24.69 -5.15 -0.04 96 870
0.10 -0.17 0.91  -65.03 14.80 19.84 -10.74 -0.11 -0.03 0.90  67.40 18.14 13.23 -2.01 -0.06 -0.03 1.08  7.22 25.17 11.86 -1.41 0.02 -0.01 0.90  -5.07 19.84 -0.47 -0.50 0 962
0.48 0.16 1.22  55.55 -32.69 36.30 6.26 -0.09 0.07 0.82  23.74 56.20 2.30 4.50 0.01 0.21 0.76  -46.04 0.48 1.82 15.33 -0.07 0.10 1.19  -1.34 9.47 16.93 4.63 0 0
-0.01 -0.22 1.01  109.97 -24.46 -42.40 -11.69 0.03 0.01 0.65  -118.71 -7.04 -21.04 1.22 0.15 -0.01 1.18  -80.63 -6.93 -7.15 0.92 -0.06 -0.01 0.98  12.29 -3.44 -2.21 -0.03 0 0
-0.25 -0.59 0.94  5.16 -5.84 -69.19 -33.34 0.11 -0.15 0.69  -104.49 -36.76 -2.84 -12.00 0.16 -0.23 1.19  -9.64 -42.76 -13.67 -10.77 -0.08 0.05 0.91  9.92 -20.52 -15.58 3.28 0 0
0.43 -0.30 0.99  -50.92 19.19 34.47 -20.24 -0.11 0.05 1.28  48.15 -56.04 -8.15 1.23 -0.12 0.40 1.64  54.09 -17.39 -10.74 12.82 0.09 0.16 1.10  -13.66 17.64 -12.59 8.52 982 0
-0.01 -0.01 1.01  7.06 8.22 3.34 -2.52 -0.09 0.01 1.01  34.58 -19.77 -2.39 0.76 -0.07 0.01 0.99  52.02 5.02 -3.49 2.15 0.08 -0.06 1.07  -8.11 -5.72 -2.29 -2.40 978 918
0.02 -0.04 1.00  -38.15 2.21 5.09 -2.69 -0.04 0.02 0.90  40.13 -3.27 5.81 1.06 0.00 0.02 0.90  23.29 22.41 8.46 1.62 0.04 0.02 1.02  1.44 7.57 -1.44 0.75 62 983
-0.04 -0.18 0.89  -76.00 16.70 24.25 -11.68 -0.06 -0.04 0.90  57.40 19.72 11.45 -2.48 -0.08 -0.02 1.01  13.71 25.77 12.66 -1.15 -0.02 0.00 0.89  -13.36 30.48 -6.24 0.25 0 993
0.45 -0.03 1.37  11.04 -13.76 41.18 -2.46 -0.24 -0.01 0.76  56.91 14.07 2.82 -1.18 -0.15 0.16 0.61  -51.40 -2.38 -7.49 14.60 -0.02 0.05 1.17  11.80 -15.05 15.83 2.60 0 154
0.03 -0.31 0.93  128.83 -44.64 -41.80 -18.42 -0.15 0.05 0.60  -130.43 3.84 -28.23 4.74 0.23 0.04 1.14  -89.43 7.60 -8.64 3.54 -0.01 -0.03 1.09  -2.92 -16.44 -2.99 -1.33 0 0
-0.20 -0.59 0.75  52.63 -39.44 -59.12 -39.69 0.07 -0.11 0.76  -108.40 -13.22 -11.43 -8.00 0.05 -0.15 1.27  8.86 -15.74 -20.14 -6.29 -0.05 -0.01 0.96  0.25 -21.62 -3.66 -0.81 0 0
0.06 -0.16 1.07  -33.04 75.98 39.77 -12.51 0.09 0.03 1.07  56.97 -32.20 -11.02 1.06 0.07 -0.21 0.98  53.23 10.33 -18.78 -12.57 -0.07 -0.08 1.00  7.42 -5.70 -17.04 -4.73 990 0
-0.05 0.00 1.02  4.01 -8.92 2.28 -0.99 -0.05 -0.05 1.11  50.47 0.41 0.32 -2.41 -0.02 -0.02 1.08  22.89 34.34 1.46 -2.33 0.13 -0.12 1.11  -9.21 16.16 10.61 -6.43 959 918
0.01 -0.04 1.01  -45.59 9.24 3.13 -2.46 -0.04 0.03 0.92  44.27 6.18 5.61 1.78 -0.08 0.09 1.04  26.39 19.44 12.69 4.66 0.12 -0.04 1.03  -4.95 28.06 -6.31 -2.67 37 980
-0.02 -0.12 0.93  -248.50 44.22 103.42 -7.80 0.02 0.35 1.00  133.71 79.23 -12.69 19.40 -0.05 0.17 1.31  -69.77 -8.66 10.51 7.83 -0.09 -0.00 1.11  23.92 4.81 31.22 -0.44 0 982
-0.26 -0.25 0.83  160.43 -65.44 -36.27 -17.40 0.28 -0.18 0.50  -121.46 33.23 -17.82 -17.76 0.17 -0.01 1.02  -50.56 -62.66 -1.21 0.31 -0.03 -0.05 1.01  -0.02 1.70 -3.23 -2.67 0 0
-0.09 -0.31 0.91  86.83 -7.50 -64.28 -20.65 0.11 -0.00 0.75  -135.25 -31.91 2.99 -1.89 -0.01 -0.09 1.12  1.38 -33.33 -10.07 -4.43 -0.09 0.02 0.97  -0.21 -22.67 -9.79 0.93 0 0
-0.04 -0.40 0.54  -29.72 -27.82 4.14 -38.78 0.06 -0.14 0.96  21.27 23.64 -8.33 -8.53 0.05 -0.13 1.22  19.02 17.08 -11.84 -6.68 -0.07 0.02 0.91  -6.69 -19.78 -2.30 1.10 870 0
0.07 -0.06 0.97  4.34 9.50 4.15 -7.43 -0.07 0.02 1.04  26.72 -0.32 -15.48 0.16 -0.16 0.02 1.00  48.96 10.79 -14.26 0.61 0.01 -0.08 1.13  -22.07 -41.41 -27.11 -3.83 982 0
0.04 -0.04 0.97  -1.93 -4.91 -1.20 -3.15 -0.07 -0.00 1.05  18.42 4.62 -2.51 0.01 -0.12 -0.01 0.99  28.56 24.25 -2.48 -0.56 0.10 -0.03 1.05  -9.70 -11.00 3.89 -2.05 978 0
0.07 -0.04 0.97  -5.68 -11.06 1.07 -2.78 -0.07 -0.01 0.99  29.05 11.20 2.64 -0.46 -0.10 -0.02 0.96  19.96 18.86 3.22 -1.02 0.07 -0.03 0.99  1.25 8.51 -7.68 -1.82 930 0
0.08 -0.04 1.01  -40.37 -15.28 4.15 -2.47 -0.03 0.04 0.97  64.09 19.10 18.82 2.15 -0.16 0.09 1.07  -11.51 -8.82 8.72 4.84 0.02 0.07 1.05  6.74 -7.31 0.41 3.81 98 174
0.14 0.03 1.15  -27.19 71.37 34.02 1.03 -0.10 -0.11 0.69  49.53 -42.02 37.61 -8.94 -0.13 0.03 0.85  -47.56 -28.40 9.47 2.40 -0.14 0.00 1.09  2.89 -35.16 -9.08 0.62 0 0
0.27 -0.28 0.82  52.00 88.14 -167.08 -18.56 -0.16 -0.06 0.64  -91.25 -149.93 74.21 -6.65 0.09 0.02 1.11  -26.20 -127.85 -12.40 1.02 -0.08 -0.04 1.05  -4.21 -74.36 -26.38 -2.19 0 0
0.02 -0.31 0.83  -11.91 77.84 -158.80 -22.49 0.03 -0.08 0.70  -48.43 -165.91 43.78 -7.26 0.06 -0.01 1.06  -5.21 -123.43 -23.29 -0.55 -0.03 0.01 1.00  -9.84 -89.09 -30.07 0.38 0 0
-0.16 -0.25 0.97  -22.26 22.97 -42.72 -16.41 0.19 -0.07 0.76  5.39 -43.58 -6.45 -6.14 0.29 -0.09 0.91  27.03 -86.40 -14.71 -5.80 -0.01 -0.05 1.03  -5.27 -86.97 -25.25 -2.93 454 0
0.14 -0.06 0.93  1.57 -2.05 0.04 -5.56 0.00 0.01 0.94  -5.21 -1.51 -20.28 -0.08 -0.01 -0.02 0.97  8.46 -22.66 -16.58 -1.63 0.00 -0.04 1.09  -15.23 -65.10 -18.40 -2.22 978 0
0.13 -0.05 0.94  1.63 4.02 -0.36 -3.48 -0.08 -0.01 1.06  7.67 -27.65 -10.42 -0.35 -0.15 -0.00 1.06  2.52 -51.28 -5.23 -0.34 0.08 -0.06 1.02  -11.36 -99.13 -44.30 -3.80 982 0
0.06 -0.05 0.97  -4.51 -11.46 -2.13 -3.44 -0.03 -0.00 0.99  8.89 -22.42 2.96 -0.18 -0.03 -0.01 0.97  9.83 -54.36 0.53 -0.33 0.24 -0.04 1.05  -2.79 -68.93 -39.69 -2.69 982 0
0.07 -0.05 0.96  -2.63 -1.24 -0.94 -3.43 0.01 0.01 0.97  0.95 2.56 11.09 0.33 -0.00 0.01 0.97  4.28 -26.32 7.77 0.74 0.15 -0.01 1.06  2.50 -33.19 -24.65 -0.56 978 0
0.10 -0.04 1.00  -25.33 34.47 11.59 -2.47 0.06 0.04 1.02  40.04 -14.13 16.74 2.32 0.13 0.02 1.16  -38.04 -22.61 32.93 1.10 -0.07 -0.07 1.08  7.93 -20.31 -10.26 -3.97 228 0
0.15 -0.04 0.88  5.58 92.53 -101.72 -3.08 -0.12 -0.09 0.74  -1.02 -137.23 41.99 -6.97 -0.14 -0.03 0.97  -17.18 -59.88 -16.42 -1.48 -0.07 -0.02 1.10  3.76 -40.56 -23.71 -1.29 0 0
0.00 -0.13 0.95  0.49 69.95 -151.56 -7.96 0.11 -0.02 0.80  -44.42 -151.28 32.75 -2.09 0.30 0.00 1.14  -12.11 -97.82 -24.59 -0.03 -0.04 -0.02 1.05  3.70 -42.47 -17.80 -1.00 0 0
-0.01 -0.22 0.88  -0.68 28.06 -59.48 -15.07 0.03 -0.05 0.85  -29.24 -54.23 6.91 -3.45 0.02 -0.01 1.15  -4.06 -35.07 -12.55 -0.41 -0.05 -0.01 1.04  0.80 -29.86 -11.15 -0.70 0 0
-0.06 -0.08 0.99  -8.83 -3.21 -8.59 -6.02 0.14 -0.01 0.98  3.95 -4.78 -3.03 -0.77 0.11 -0.02 1.16  16.84 -14.28 -7.60 -0.93 -0.05 -0.00 1.03  -4.59 -19.42 -8.08 -0.14 0 0
0.01 -0.03 1.01  -4.14 -5.95 -3.33 -2.06 0.06 0.04 1.04  12.94 -6.17 -5.33 1.95 0.15 0.02 1.14  16.23 -11.39 -8.36 0.91 -0.04 -0.02 1.06  -0.95 -21.13 1.05 -1.27 929 0
0.08 -0.04 0.97  -8.01 -13.11 0.63 -2.48 -0.04 -0.01 0.97  8.58 -10.57 -12.17 -0.23 -0.05 0.01 1.03  17.69 -5.30 -10.52 0.88 0.07 -0.03 1.08  0.33 -7.62 -1.92 -1.46 834 0
0.12 -0.05 0.95  -2.72 -2.73 -2.91 -3.41 -0.06 -0.01 0.90  6.95 -0.71 -4.81 -0.69 -0.07 -0.00 0.95  4.12 -7.32 -6.70 -0.20 0.03 -0.01 1.08  2.08 -9.62 -1.30 -0.68 822 0
0.11 -0.04 0.95  6.47 7.50 -1.44 -2.79 -0.05 -0.01 0.93  -6.62 -9.60 -5.62 -0.77 -0.06 -0.00 0.95  8.29 -4.69 -3.45 -0.25 0.05 -0.04 1.07  -4.63 -7.02 0.18 -1.99 928 0
0.09 -0.03 0.97  1.84 4.10 0.61 -1.86 -0.06 -0.00 0.96  -6.40 -4.06 -0.65 -0.30 -0.07 0.01 0.92  2.96 1.15 -1.92 0.48 0.09 -0.04 1.07  -3.98 -0.78 1.59 -2.09 959 0
0.08 -0.03 0.97  0.13 -0.79 1.23 -1.90 -0.05 0.00 0.95  -6.24 12.80 3.48 0.23 -0.07 -0.00 0.89  -5.00 9.80 2.36 0.02 0.04 -0.04 1.08  6.12 9.36 -4.92 -2.29 961 0
0.13 -0.02 0.96  -2.53 -6.10 -2.84 -1.68 -0.06 0.01 0.98  -2.48 6.82 3.07 0.77 -0.04 -0.02 0.96  -11.16 -6.78 0.93 -1.25 -0.03 -0.03 1.04  -0.85 -2.39 -0.03 -1.81 966 0
0.10 -0.03 0.96  -1.01 8.02 3.03 -1.70 -0.03 -0.00 1.03  -2.08 -1.35 2.38 -0.12 -0.01 -0.01 1.00  -3.58 -2.90 0.67 -0.89 -0.02 -0.02 1.03  -1.13 -3.78 -4.48 -1.36 966 0
0.07 -0.04 0.97  -0.64 1.71 1.29 -2.32 0.02 0.01 1.02  2.16 -1.57 1.36 0.42 0.01 0.01 1.00  -2.80 -3.21 0.87 0.25 -0.03 -0.02 1.05  3.08 -0.91 -2.50 -1.05 962 288
0.09 -0.04 0.96  1.05 -2.18 0.09 -2.48 -0.01 -0.00 1.02  1.95 -3.88 -1.76 0.01 -0.01 -0.01 0.98  1.63 -3.99 -1.84 -0.31 -0.04 -0.01 1.06  -1.44 -3.55 -2.69 -0.82 962 654
0.08 -0.03 0.97  3.50 3.04 0.68 -2.00 -0.02 -0.00 1.03  1.99 0.62 -2.99 -0.05 -0.03 0.00 0.99  1.73 -5.51 -2.97 0.13 -0.00 -0.01 1.06  2.05 -10.86 -2.20 -0.74 965 770
0.08 -0.02 0.97  0.31 -0.63 -1.03 -1.45 -0.03 -0.00 1.03  -1.15 0.91 -2.28 -0.04 -0.08 0.01 1.01  4.94 2.64 -0.36 0.73 0.03 -0.04 1.04  1.59 -11.32 -5.33 -2.05 966 165
0.08 -0.03 0.97  0.04 -1.02 -1.31 -1.76 -0.03 0.00 0.99  -3.22 0.83 -1.95 0.16 -0.05 -0.01 0.95  1.00 7.31 -1.91 -0.24 0.01 -0.03 1.05  -1.94 5.69 2.44 -1.87 966 0
0.08 -0.02 0.97  -0.12 -3.31 -1.80 -1.60 -0.03 0.01 0.99  -4.90 5.52 -3.03 0.66 -0.05 -0.01 0.95  -0.69 9.97 -2.45 -0.40 0.00 0.01 1.03  -10.37 -0.10 0.78 0.54 967 0
0.08 -0.02 0.97  0.05 1.63 -0.33 -1.46 -0.03 -0.00 1.05  0.72 -3.23 -0.87 -0.07 -0.03 0.00 1.01  -2.84 1.20 -0.92 0.05 0.02 -0.03 1.03  2.77 1.29 -1.72 -1.65 974 0
0.09 -0.02 0.97  1.82 4.21 0.30 -1.40 -0.05 -0.00 1.03  1.37 -5.10 -0.61 -0.13 -0.04 -0.00 1.01  0.39 0.95 -0.86 -0.16 0.02 -0.02 1.04  1.15 5.42 0.35 -1.41 978 0
0.06 -0.02 0.98  -1.08 -2.86 -0.72 -1.23 -0.03 0.00 1.01  -0.67 3.39 -0.44 0.08 -0.02 -0.00 0.99  3.57 8.38 0.46 -0.12 0.02 -0.01 1.04  -0.43 10.22 -1.07 -0.75 978 0
0.08 -0.02 0.98  -0.03 -0.21 0.16 -1.29 -0.03 0.00 1.02  0.42 3.54 0.97 0.08 -0.05 0.00 0.99  -0.22 9.22 0.61 0.02 0.01 -0.02 1.04  2.90 10.50 1.63 -1.32 978 0
0.07 -0.02 0.98  -0.30 0.98 0.44 -1.23 -0.01 -0.00 1.03  3.60 0.02 2.12 -0.10 -0.03 0.01 1.01  -2.23 -3.01 1.26 0.41 -0.01 -0.02 1.04  -0.49 -1.52 -2.99 -1.02 974 0
0.07 -0.02 0.97  -0.34 -1.09 -0.41 -1.46 -0.01 0.00 1.01  -0.82 1.74 -0.37 0.00 -0.00 0.00 0.99  -1.18 1.88 -0.66 0.19 0.00 -0.03 1.04  2.73 4.39 -0.01 -1.50 967 0
0.08 -0.02 0.97  0.65 2.46 0.02 -1.51 -0.01 -0.00 1.01  -0.73 -2.02 -1.12 -0.01 -0.01 -0.01 1.01  -2.76 -1.88 -1.66 -0.28 -0.02 -0.01 1.02  1.34 0.59 -0.75 -0.57 974 0
0.06 -0.02 0.98  -0.04 1.24 -0.46 -1.41 -0.01 0.00 1.02  -0.07 -1.99 -1.22 0.19 -0.01 -0.00 1.02  -0.08 -1.92 -1.38 -0.05 -0.00 -0.01 1.01  -0.08 -0.98 -1.38 -0.46 978 0
0.05 -0.02 0.98  -0.30 2.22 -0.15 -1.47 -0.01 0.00 1.01  0.96 0.54 -0.89 0.19 -0.01 -0.00 1.01  -0.35 2.76 -1.35 -0.07 0.00 0.00 1.01  2.21 6.76 1.41 -0.01 978 0
0.06 -0.02 0.98  0.73 -3.02 -0.10 -1.36 -0.01 0.01 1.00  2.45 0.75 -0.51 0.36 -0.01 -0.00 1.01  -1.08 2.86 -0.47 -0.20 -0.01 0.00 1.01  1.93 2.76 0.21 0.07 978 0
0.06 -0.02 0.98  0.18 -0.70 0.20 -1.29 -0.01 0.00 1.01  -1.08 2.23 0.23 0.05 -0.00 0.00 1.00  1.49 3.29 -0.16 0.08 0.01 -0.01 1.03  -1.39 1.12 -0.37 -0.49 974 0
0.06 -0.03 0.97  -1.10 0.80 -1.20 -1.68 0.00 -0.00 1.03  -2.57 -0.32 -0.80 -0.19 -0.01 0.00 1.01  1.34 -3.43 -0.74 0.16 -0.01 -0.01 1.04  -2.72 -3.30 -3.78 -0.46 977 0
0.06 -0.02 0.98  0.41 -0.10 -0.46 -1.53 -0.00 0.00 1.02  -0.89 1.32 -0.51 0.12 -0.01 0.00 1.02  -2.57 -0.27 -0.91 0.14 0.01 -0.02 1.02  -1.92 1.52 -0.88 -0.95 978 0
0.08 -0.03 0.98  0.65 8.49 1.67 -1.63 -0.03 -0.01 1.03  0.27 -3.54 0.08 -0.49 -0.02 -0.01 1.02  -1.13 -1.29 -0.62 -0.45 -0.01 -0.01 1.02  1.06 -0.10 -1.72 -0.57 978 0
0.03 -0.01 0.99  0.69 2.97 -0.40 -0.96 0.01 0.01 0.98  3.54 -0.81 1.81 0.64 0.00 -0.00 1.02  -1.63 -0.03 1.54 -0.08 -0.01 0.00 1.00  6.05 1.30 -2.01 0.12 978 0
0.04 -0.02 0.98  -2.11 -1.41 0.12 -1.02 0.02 -0.00 1.03  -0.05 4.18 -0.64 -0.15 0.01 -0.00 1.03  2.64 4.05 -0.07 -0.21 -0.04 -0.00 1.01  -1.02 5.10 0.18 -0.14 974 0
0.04 -0.02 0.98  -1.43 4.70 1.53 -1.51 0.02 0.00 1.02  2.79 0.41 -0.16 0.12 0.01 0.00 1.02  0.72 -6.30 -1.62 0.24 -0.02 -0.02 1.02  0.71 -5.73 -1.57 -1.05 973 0
0.03 -0.02 0.99  1.55 0.43 0.54 -1.53 0.02 -0.00 1.01  2.29 -1.42 -0.77 -0.04 0.02 0.00 0.99  0.28 -5.01 -1.62 0.12 -0.01 -0.00 1.03  -1.56 -3.93 -1.21 -0.31 966 340
0.03 -0.02 0.99  1.55 -0.13 0.26 -1.23 0.02 -0.00 1.00  1.37 -0.87 -1.07 -0.01 0.02 0.00 0.99  0.52 -2.38 -1.41 0.04 -0.01 -0.01 1.03  -1.61 -2.19 -1.14 -0.63 967 526
0.03 -0.02 0.99  0.45 0.10 0.05 -1.04 0.02 -0.00 1.00  0.90 -0.99 -0.78 -0.06 0.02 -0.00 0.99  1.34 -2.34 -1.45 -0.09 -0.01 -0.02 1.03  -1.69 -2.14 -1.23 -0.94 966 623
0.03 -0.02 0.99  0.10 0.24 -0.11 -0.98 0.03 0.00 0.99  1.40 -0.82 -0.70 0.09 0.02 0.00 0.98  0.41 -0.98 -0.85 0.04 -0.01 -0.00 1.04  -0.92 -1.55 -2.10 -0.29 966 684
0.04 -0.02 0.98  -1.61 -5.18 -1.74 -1.11 0.02 -0.00 0.99  0.27 4.48 -0.71 -0.12 0.02 -0.00 0.98  0.10 5.35 -0.16 -0.01 -0.00 -0.01 1.04  -1.94 4.33 0.44 -0.48 966 493
0.04 -0.02 0.99  0.08 1.02 0.22 -1.13 0.03 -0.00 1.00  0.95 -1.25 -0.57 -0.09 0.02 0.00 0.99  0.04 -0.86 -0.75 0.11 -0.01 -0.02 1.04  0.33 -1.23 -1.89 -1.00 962 566
0.05 -0.02 0.99  0.12 0.19 -0.04 -1.17 0.03 -0.00 0.99  -0.16 -0.52 -0.33 -0.05 0.02 0.00 0.98  0.14 -1.04 -0.82 0.14 -0.01 -0.02 1.05  -1.62 -1.59 -1.15 -1.18 962 646
0.04 -0.02 0.99  0.02 0.25 -0.16 -1.13 0.03 -0.00 0.99  0.24 0.82 -0.38 -0.11 0.03 0.00 0.99  -0.06 -1.17 -0.84 0.10 -0.00 -0.02 1.05  0.38 -1.25 -1.93 -1.12 961 690
0.03 -0.02 0.99  -0.01 0.68 -0.17 -1.16 0.04 0.00 0.98  -0.84 -0.36 -0.25 0.04 0.02 -0.00 0.97  -0.22 -2.37 -1.13 -0.05 -0.01 -0.01 1.05  -1.00 -4.07 -0.09 -0.84 962 706
0.04 -0.02 0.99  -0.60 -0.93 -0.07 -1.17 0.04 0.00 0.99  -1.21 1.36 -0.85 0.03 0.02 -0.00 0.99  -1.26 4.86 -0.17 -0.06 0.00 -0.02 1.03  2.33 0.82 0.97 -0.99 959 703
0.04 -0.02 0.98  -0.64 -1.39 -0.38 -1.37 0.04 -0.00 1.01  -1.50 0.01 -0.96 -0.23 0.04 0.00 0.99  1.85 -0.66 -0.86 0.09 0.00 -0.01 1.04  -2.28 -1.61 -1.59 -0.70 949 726
0.05 -0.02 0.98  -0.56 -1.43 -0.62 -1.46 0.03 -0.00 1.01  -0.35 0.23 -1.10 -0.14 0.02 0.00 0.99  1.28 -0.49 -1.05 0.02 -0.00 -0.02 1.04  -1.92 -1.81 -1.63 -1.37 946 705
0.04 -0.02 0.98  -0.18 -0.54 -0.30 -1.53 0.04 -0.00 1.01  0.15 -0.22 -0.99 -0.03 0.03 0.00 0.98  0.65 -1.85 -1.24 0.05 0.01 -0.02 1.05  -0.95 -1.39 -1.37 -1.16 942 733
0.05 -0.03 0.98  -0.54 -0.43 -0.05 -1.65 0.04 0.00 1.00  0.66 -0.44 -0.78 0.03 0.02 0.00 0.97  0.83 -2.59 -0.98 0.12 0.00 -0.02 1.05  0.28 -0.64 -1.53 -1.47 934 750
0.04 -0.03 0.98  -0.24 -0.12 -0.26 -1.68 0.04 0.00 0.99  1.52 -1.79 -0.75 0.01 0.03 -0.00 0.96  -1.46 -2.92 -1.05 -0.12 0.01 -0.02 1.04  0.88 -0.32 -1.58 -1.03 930 773
0.04 -0.02 0.98  0.37 0.47 -0.28 -1.57 0.04 -0.00 1.00  -0.08 0.21 -0.98 -0.09 0.03 -0.00 0.98  -0.50 -0.72 -1.37 -0.08 -0.00 -0.01 1.04  -0.28 0.79 -0.70 -0.56 934 770
0.04 -0.03 0.98  -0.12 0.03 -0.06 -1.65 0.04 -0.00 0.99  0.56 -0.15 -0.48 -0.03 0.03 -0.00 0.97  0.08 0.21 -0.82 -0.04 0.00 -0.02 1.04  -0.60 0.48 -1.02 -0.90 934 784
0.04 -0.02 0.98  -0.33 -0.02 0.01 -1.62 0.05 -0.00 1.00  1.17 -0.54 -0.67 -0.09 0.03 0.00 0.97  -0.24 -0.62 -0.87 0.04 0.00 -0.02 1.05  -0.05 -0.31 -1.30 -0.95 929 802
0.04 -0.03 0.98  -0.15 -0.52 -0.30 -1.69 0.04 -0.00 0.99  -0.03 0.35 -1.38 -0.15 0.03 0.00 0.98  -0.33 0.91 -1.43 0.05 0.01 -0.02 1.04  1.08 0.28 -0.84 -1.20 918 807
0.04 -0.03 0.98  0.34 0.56 -0.43 -1.71 0.04 -0.00 1.00  0.29 -2.41 -1.54 -0.15 0.02 0.00 0.98  0.77 -7.17 -1.76 0.01 -0.01 -0.02 1.04  -1.78 -8.41 -3.84 -1.20 925 814
0.04 -0.03 0.98  0.43 -0.21 -0.51 -1.70 0.04 0.00 0.98  -0.52 -0.08 -2.03 -0.01 0.03 0.00 0.97  0.06 0.10 -2.04 0.19 0.02 -0.02 1.05  -3.06 0.36 -1.09 -0.99 929 817
0.04 -0.02 0.98  0.89 0.37 -0.43 -1.51 0.03 -0.00 1.00  -0.34 -0.21 -1.63 -0.07 0.01 -0.00 0.98  0.57 0.03 -1.86 -0.06 -0.00 -0.02 1.05  -0.02 -0.79 0.07 -1.46 935 817
0.03 -0.02 0.99  0.40 -0.44 -0.48 -1.28 0.06 0.00 0.97  -0.00 0.65 -2.18 0.27 0.09 0.00 0.93  -4.04 -4.00 -2.03 0.03 0.05 0.04 1.05  -2.40 -8.94 -2.30 1.88 946 822
0.05 -0.02 0.98  0.79 -0.53 -1.19 -1.23 0.01 -0.00 1.02  -4.30 2.42 -5.27 -0.11 -0.01 -0.00 1.02  -1.46 16.04 -4.99 -0.09 -0.00 -0.03 1.03  -1.29 17.39 7.04 -1.27 959 638
0.05 -0.02 0.98  -0.41 0.18 -0.62 -1.33 0.01 0.00 1.00  1.30 -6.89 -3.01 0.07 -0.02 -0.00 0.98  0.57 -6.17 -2.61 -0.29 0.02 -0.01 1.04  -0.82 -2.61 -2.96 -0.46 961 646
0.05 -0.02 0.99  0.25 0.80 -0.01 -1.24 0.00 0.00 1.01  1.12 -0.74 -1.08 0.06 -0.02 -0.00 0.98  -0.95 0.47 -1.25 -0.06 0.00 -0.01 1.05  2.17 -0.59 -0.62 -0.79 961 688
0.04 -0.02 0.99  1.26 1.29 -0.18 -1.05 0.00 0.00 1.02  1.79 -0.94 -0.16 0.04 0.01 0.00 0.99  -1.24 -7.43 -1.03 0.25 0.03 -0.02 1.05  -3.69 -8.24 -3.37 -1.31 962 694
0.04 -0.01 0.99  0.27 0.77 0.39 -0.86 0.01 -0.00 1.01  1.92 1.29 0.55 -0.01 0.01 0.00 1.01  -0.30 -3.74 0.14 0.23 0.03 -0.03 1.04  2.04 -1.90 -2.37 -1.58 962 706
0.03 -0.02 0.99  0.05 -0.27 0.24 -1.17 0.02 0.00 0.98  1.45 3.67 -0.98 0.07 0.01 -0.00 0.97  -1.98 12.99 -0.99 -0.09 0.02 -0.00 1.04  7.15 15.12 3.54 -0.25 961 781
0.04 -0.02 0.99  -0.51 -0.59 -0.17 -1.07 0.02 0.00 0.99  -0.33 -0.04 -1.73 0.02 -0.01 -0.00 0.99  -0.11 2.99 -1.64 -0.13 -0.02 0.00 1.02  -0.77 0.52 -2.47 0.25 961 801
0.03 -0.02 0.99  0.43 1.00 0.11 -1.02 0.02 0.00 0.99  1.83 -0.53 -0.37 0.03 0.01 0.00 0.99  -1.11 -0.22 -0.60 0.17 0.03 -0.00 1.03  2.76 -0.23 -1.65 -0.01 961 814
0.03 -0.02 0.99  -0.15 0.14 -0.04 -1.00 0.02 -0.00 1.00  0.60 -0.45 -0.32 -0.18 0.00 -0.00 1.00  0.12 -0.30 -0.79 -0.05 -0.01 -0.01 1.02  1.68 -1.03 -0.85 -0.30 959 822
0.03 -0.02 0.99  0.13 -0.35 -0.40 -1.02 0.02 -0.00 0.99  -0.22 -0.32 -1.01 -0.11 0.01 0.00 0.99  0.54 -1.91 -1.03 0.22 0.02 -0.01 1.02  -1.42 -1.16 -2.25 -0.60 957 838
0.05 -0.02 0.98  1.25 3.14 0.64 -1.22 0.00 -0.01 1.00  0.01 -1.01 -0.61 -0.41 -0.01 -0.01 0.99  0.43 -0.75 -1.02 -0.34 0.02 -0.01 1.02  -3.11 1.89 -0.05 -0.77 959 845
0.03 -0.02 0.99  -2.33 -5.14 -1.64 -1.20 0.02 -0.00 0.99  0.18 2.68 0.38 -0.30 0.00 -0.00 0.98  1.78 -1.31 0.84 -0.27 0.01 -0.00 1.03  -1.31 -5.78 -3.71 -0.28 957 823
0.03 -0.02 0.99  1.36 3.40 0.80 -1.14 0.03 -0.00 0.98  1.34 -2.13 0.17 -0.09 0.01 0.00 0.98  -0.25 -1.53 -0.49 0.10 0.02 -0.01 1.03  -0.65 -2.06 -0.79 -0.61 951 839
0.02 -0.02 0.99  -0.21 0.16 0.08 -1.11 0.03 -0.00 0.98  1.79 -0.35 -0.01 -0.17 0.02 0.00 0.97  -1.59 -1.43 -0.41 0.04 0.02 -0.01 1.03  5.25 -2.04 -2.39 -0.52 950 854
0.02 -0.01 1.00  1.33 2.14 -0.65 -0.85 0.04 -0.00 0.97  1.01 -4.09 -1.01 -0.04 0.05 0.01 0.99  -4.41 -3.22 -2.67 0.43 0.06 -0.02 1.02  -0.34 8.19 1.08 -1.12 960 833
0.01 -0.01 0.99  -2.31 -2.93 -0.56 -0.79 0.05 0.01 0.96  -1.43 5.75 -1.41 0.33 0.04 -0.00 0.98  0.16 -0.59 0.66 -0.24 -0.03 -0.00 1.02  -0.62 4.79 -1.33 -0.15 961 806
0.02 -0.02 0.99  0.78 -0.05 -0.23 -1.14 0.04 -0.00 0.98  -0.95 -1.37 -1.84 -0.01 0.03 -0.00 0.99  0.62 -1.82 -2.43 -0.20 -0.02 0.00 1.03  -2.17 -1.42 -0.44 0.10 959 801
0.03 -0.02 0.99  -0.25 -1.63 -0.94 -0.99 0.03 -0.00 1.00  -0.05 -2.89 -2.41 -0.20 0.03 0.01 1.00  1.49 -4.77 -2.13 0.29 0.02 -0.02 1.04  -1.26 -6.36 -3.66 -1.01 961 802
0.03 -0.02 0.99  0.58 1.47 0.32 -1.14 0.02 -0.00 0.99  1.92 -0.82 -1.26 -0.30 -0.00 -0.00 0.99  -1.31 -4.30 -1.61 -0.03 -0.00 -0.02 1.04  6.24 -7.07 -1.70 -1.20 961 822
0.02 -0.01 0.99  0.12 -0.85 -0.66 -0.87 0.03 -0.00 0.98  -0.71 0.21 -2.67 -0.09 0.04 -0.00 0.98  0.08 -1.86 -2.73 -0.02 0.03 -0.00 1.02  -4.63 -1.38 -0.73 -0.23 962 831
0.02 -0.01 0.99  -0.10 -0.79 -0.54 -0.90 0.01 -0.00 0.99  0.08 -0.50 -2.53 -0.13 0.00 -0.00 0.99  0.27 -0.33 -2.56 -0.11 0.02 -0.00 1.02  -0.66 0.93 -1.01 -0.17 962 818
0.03 -0.01 0.99  -0.24 -0.31 -0.37 -0.85 0.01 -0.00 0.99  0.85 -0.90 -2.50 -0.06 -0.00 0.00 0.99  0.12 -2.51 -2.31 0.23 0.02 -0.02 1.03  3.15 1.12 -2.90 -1.09 965 818
0.03 -0.01 0.99  0.30 0.24 -0.35 -0.81 0.00 -0.00 0.99  1.11 -0.24 -0.78 -0.22 -0.02 0.00 0.99  -1.65 -1.69 -1.84 0.07 -0.01 -0.02 1.03  5.02 1.47 2.32 -0.95 965 821
0.03 -0.01 0.99  -0.08 -0.12 -0.40 -0.88 0.01 -0.00 0.98  0.52 -1.64 -1.67 -0.08 0.01 -0.00 0.99  0.05 -4.76 -1.93 -0.01 0.01 -0.01 1.01  -0.58 -2.92 -2.59 -0.39 965 822
0.03 -0.01 0.99  0.19 -0.11 -0.48 -0.85 0.01 -0.00 0.99  0.42 -0.83 -1.24 -0.11 -0.02 -0.00 0.99  0.32 -4.07 -0.54 -0.01 0.01 -0.01 1.01  0.60 -3.10 -5.17 -0.40 966 822
0.03 -0.01 0.99  0.01 0.44 -0.23 -0.86 0.01 -0.00 0.98  0.56 -0.99 -0.77 -0.10 0.00 0.00 0.98  -0.59 -4.20 -0.72 0.05 0.01 -0.00 1.01  0.82 -2.57 -2.27 -0.19 966 830
0.03 -0.01 0.99  0.23 0.50 -0.23 -0.84 0.01 -0.00 0.98  -0.26 0.20 -0.96 -0.12 -0.00 0.00 1.00  -1.19 0.49 -1.13 0.03 0.01 -0.00 1.00  0.30 1.26 -0.87 -0.19 966 831
0.02 -0.01 0.99  -0.35 -0.53 -0.28 -0.86 0.01 -0.00 0.98  -0.17 -0.64 -1.54 -0.16 0.01 0.00 0.99  -1.66 -1.79 -1.40 0.06 0.00 0.01 1.01  2.85 -1.25 -2.86 0.27 965 833
0.03 -0.01 0.99  1.04 0.56 -0.56 -0.86 -0.00 -0.01 0.99  -1.29 0.49 -2.26 -0.34 -0.01 -0.00 1.01  -1.18 2.05 -2.04 -0.21 -0.00 0.00 1.00  -1.92 1.69 -0.33 0.06 966 726
0.02 -0.01 0.99  0.79 1.94 -0.17 -0.68 -0.01 -0.01 1.00  0.79 -1.44 -1.70 -0.34 -0.01 -0.00 1.01  -0.21 -3.83 -2.87 -0.03 -0.01 -0.00 1.01  -2.96 -4.05 -2.38 -0.15 974 714
0.01 -0.01 1.00  0.63 1.65 0.06 -0.45 0.00 -0.00 0.99  0.66 -0.77 -0.22 -0.15 -0.01 0.00 1.01  -0.13 -4.02 -0.75 0.14 0.02 -0.01 1.00  -0.71 -2.48 -1.29 -0.32 976 750
0.01 -0.00 1.00  0.76 1.11 0.22 -0.33 0.00 -0.00 0.99  -0.05 0.39 -1.01 -0.23 -0.00 0.00 1.01  1.06 3.66 -1.13 0.16 0.02 0.00 1.01  1.01 4.81 0.50 0.14 977 775
0.01 -0.00 1.00  -0.15 -0.34 -0.16 -0.26 0.00 -0.00 0.98  1.08 0.72 -0.64 -0.13 -0.01 0.00 1.01  -0.89 3.75 -0.63 0.05 0.01 -0.01 1.01  0.21 6.20 0.42 -0.47 976 789
0.01 -0.01 1.00  -0.06 -0.32