0.01 0.01 1.01  0.03 -0.95 -0.38 0.47 0.05 -0.01 0.78  1.02 2.40 -1.41 -0.64 0.01 0.05 0.79  0.49 4.29 -0.46 4.05 -0.07 0.03 0.95  -0.55 5.24 -0.78 2.10 962 482
0.02 0.01 1.01  -0.02 -0.82 -0.48 0.42 0.04 -0.01 0.77  0.65 -0.76 -1.95 -0.54 -0.01 0.05 0.80  0.27 0.45 -1.45 3.79 -0.07 0.03 0.95  -0.63 -0.21 -1.65 1.94 962 450
0.02 0.01 1.01  -0.66 -1.01 1.27 0.57 0.04 -0.01 0.78  -1.08 -2.57 -1.34 -0.60 -0.00 0.05 0.80  1.16 0.26 -2.16 4.28 -0.06 0.02 0.96  0.31 -1.08 -1.30 1.37 950 642
0.02 0.00 1.00  -0.05 -0.18 -0.50 0.18 0.04 -0.01 0.78  -1.82 0.31 -2.31 -0.82 -0.01 0.05 0.80  -0.84 -2.03 -2.38 3.79 -0.06 0.02 0.96  -0.97 -1.64 -0.75 1.13 946 679
0.02 0.01 1.00  0.51 1.02 -0.70 0.48 0.04 -0.01 0.79  1.37 -0.58 -2.06 -0.65 -0.00 0.04 0.82  -2.92 -3.41 -1.39 3.39 -0.05 0.02 0.94  0.30 -1.91 -0.87 1.24 959 512
0.02 0.01 1.00  -0.10 0.44 -0.05 0.36 0.04 -0.01 0.78  0.89 -0.47 -1.21 -0.81 -0.01 0.05 0.81  -0.67 -0.63 -1.24 3.57 -0.05 0.02 0.95  2.41 -0.45 -1.48 1.30 959 562
0.02 0.01 1.01  0.12 0.15 -0.41 0.46 0.04 -0.01 0.78  -0.94 0.08 -1.44 -0.72 -0.01 0.04 0.81  0.29 -1.33 -1.64 3.37 -0.06 0.03 0.94  -2.05 -2.14 -2.09 2.10 960 551
0.01 0.01 1.01  -0.21 -1.64 -0.53 0.65 0.05 -0.00 0.78  -5.15 0.91 -0.69 -0.18 0.00 0.05 0.79  2.82 4.17 -0.90 4.15 -0.04 0.03 0.96  -3.79 -2.03 -2.78 1.73 962 598
0.01 0.00 1.01  -0.86 -7.69 -2.79 0.23 0.05 -0.00 0.82  -12.78 -1.15 -1.31 -0.06 -0.03 0.05 0.78  5.88 8.40 -1.06 4.20 -0.04 0.04 0.98  -17.83 -0.68 -3.22 2.21 966 51
0.34 0.08 1.01  -20.73 8.64 -16.37 4.53 -0.07 0.07 0.94  30.53 -15.35 1.69 4.20 0.11 0.09 0.91  -41.25 -31.88 5.96 5.79 -0.10 0.05 0.94  7.84 -12.21 -0.93 3.31 97 0
0.19 0.04 0.98  25.93 -5.18 -54.10 2.81 -0.06 -0.00 0.93  -61.29 -35.01 -11.55 0.28 0.10 -0.01 1.01  -21.25 -31.08 -14.10 0.16 -0.08 0.00 0.92  2.30 -13.87 -5.79 0.36 0 0
-0.08 -0.18 0.83  -20.46 -7.30 2.88 -11.83 0.08 -0.09 0.90  -16.45 3.53 -11.28 -5.85 0.07 -0.05 1.00  -0.95 -14.54 -11.45 -2.94 -0.09 0.06 0.87  2.92 -19.68 -5.44 4.16 0 0
0.03 -0.04 1.01  1.63 18.18 10.21 -3.69 -0.00 0.01 0.91  45.67 4.01 -1.85 -0.17 0.16 -0.07 0.88  19.46 -9.43 -13.89 -4.90 -0.14 0.01 0.94  -0.19 8.26 -12.06 0.76 961 445
0.03 0.00 1.00  6.29 2.18 1.17 -0.14 -0.02 -0.02 0.86  17.50 -8.63 -5.61 -1.12 -0.07 0.05 0.71  41.49 21.05 -6.56 3.70 0.02 -0.07 1.08  -13.50 -2.59 -8.81 -3.89 982 966
0.05 0.02 0.99  -0.59 1.40 -3.21 1.01 -0.04 -0.02 0.84  17.19 9.20 2.38 -1.34 -0.12 0.04 0.70  27.17 29.44 1.64 3.79 0.01 -0.04 0.97  -10.08 16.98 15.45 -2.99 982 855
0.08 0.02 1.01  -20.45 -21.23 2.06 1.11 -0.04 0.00 0.83  46.25 25.20 16.83 0.11 -0.17 0.09 0.71  23.11 36.18 15.54 7.53 -0.03 0.02 0.92  -1.24 18.50 2.10 0.85 602 941
0.08 -0.24 1.08  -244.87 46.14 86.03 -12.55 -0.04 0.24 0.81  137.37 -7.46 33.70 16.80 -0.13 0.21 0.92  -83.41 -36.04 -0.63 13.50 -0.08 -0.06 1.12  19.02 -9.87 9.64 -2.97 0 950
0.06 0.10 0.91  123.05 -44.92 -51.08 4.77 0.04 -0.20 0.42  -109.69 -7.62 -33.44 -23.88 0.06 0.02 0.65  -74.12 -26.19 -17.31 3.21 -0.01 -0.08 1.00  8.74 -5.27 -6.53 -5.07 0 0
-0.06 -0.35 0.83  40.30 -21.77 -47.86 -22.72 0.11 -0.09 0.48  -155.16 12.30 -11.16 -13.12 0.05 -0.18 0.94  -14.17 -20.54 -17.84 -10.52 -0.11 0.04 0.85  7.05 -13.66 -1.81 1.96 0 0
0.56 -0.24 1.14  -40.40 -6.85 62.00 -14.14 -0.22 0.30 1.25  49.48 15.93 -0.31 12.34 0.08 0.28 1.19  21.51 -26.64 -5.26 12.28 -0.02 0.16 0.97  -6.88 -3.82 -13.67 9.38 967 0
0.09 -0.01 0.99  -7.50 -31.90 -9.66 -1.86 -0.05 0.03 0.79  30.39 11.11 -4.70 3.25 -0.13 0.05 0.68  61.26 31.47 0.00 5.83 0.06 -0.11 1.06  -22.36 -11.11 -24.81 -5.00 983 201
0.16 -0.04 0.94  -7.70 1.59 7.19 -2.84 -0.06 -0.02 0.83  23.02 22.14 2.55 -1.13 -0.10 0.06 0.64  34.75 35.36 2.05 5.62 -0.02 -0.05 0.99  -2.05 24.76 9.53 -3.27 838 829
0.15 -0.07 0.94  -33.60 -13.95 1.57 -4.73 -0.01 -0.00 0.73  43.40 12.04 13.79 -0.14 -0.08 0.07 0.59  22.88 19.90 16.03 7.63 -0.05 0.05 0.94  -7.78 11.08 -11.59 2.54 0 854
0.32 -0.11 0.91  -200.53 31.07 78.95 -7.55 -0.01 0.19 0.99  125.58 3.53 30.85 11.10 -0.14 0.15 1.03  -62.38 -31.61 7.98 9.15 -0.16 -0.06 1.07  1.87 -4.81 17.86 -2.97 0 934
0.25 0.11 0.82  146.58 -0.63 -69.12 6.85 -0.02 -0.18 0.40  -100.40 -46.28 -32.21 -22.71 0.12 0.09 0.62  -90.15 -66.11 -13.33 9.14 -0.07 -0.11 0.98  12.06 -12.02 -13.94 -6.75 0 0
-0.09 -0.79 0.77  19.10 11.87 -101.18 -44.96 0.05 -0.14 0.36  -165.74 -39.20 -4.90 -23.77 -0.08 -0.18 0.99  -3.86 -20.95 -20.46 -9.45 -0.09 -0.03 0.84  21.01 -18.70 -2.13 -2.74 0 0
0.46 -0.33 1.04  -5.51 63.92 68.59 -22.04 -0.38 0.31 1.19  45.86 34.94 -6.03 12.14 -0.12 0.34 1.18  41.57 23.35 -13.33 15.01 -0.00 0.16 0.96  -17.56 -1.29 -7.19 9.20 967 0
0.16 -0.02 0.96  -2.95 -11.34 -4.42 -3.27 -0.14 0.00 0.80  33.69 9.61 -5.04 1.53 -0.25 0.04 0.64  59.93 21.23 -4.07 5.22 0.03 -0.06 1.04  -28.17 -3.66 -12.62 -2.28 983 290
0.15 -0.01 0.97  -8.80 -0.98 6.84 -0.95 -0.04 -0.01 0.86  36.61 20.61 3.85 -0.32 -0.06 0.08 0.69  28.91 46.70 4.69 7.11 0.01 -0.05 0.97  5.17 25.73 12.23 -3.31 877 661
0.14 -0.11 0.92  -70.68 -10.40 26.18 -6.81 -0.04 -0.01 0.72  67.17 26.75 14.42 -1.05 -0.12 0.07 0.68  8.90 32.69 16.72 6.77 -0.12 0.03 0.84  8.79 24.76 -12.37 1.97 0 918
0.74 -0.21 1.41  -19.92 -26.76 89.96 -9.33 -0.28 0.10 0.41  83.54 -5.28 17.53 14.02 -0.22 0.38 0.38  -91.02 -29.01 -13.47 45.72 -0.03 0.09 1.08  19.21 -18.48 31.06 4.94 0 0
0.23 -0.31 0.98  169.67 -15.48 -100.35 -18.18 0.02 -0.02 0.37  -197.49 -24.09 -33.10 -1.24 0.07 -0.07 0.71  -56.35 -21.18 -24.19 -1.10 -0.05 0.02 0.94  -5.38 -16.72 -2.18 1.95 0 0
-0.14 -0.66 0.54  30.31 -22.79 0.50 -52.50 0.09 -0.19 0.74  -60.25 23.60 -13.32 -14.77 0.15 -0.05 1.12  -14.96 -26.11 -10.20 -2.80 -0.08 0.03 0.89  6.40 -22.98 -0.55 2.05 0 0
-0.17 -0.19 1.15  -26.53 92.51 43.61 -14.55 0.38 0.05 0.89  66.73 -76.32 -3.18 1.76 0.05 0.19 1.06  35.07 -46.49 -26.47 9.89 0.02 0.11 0.96  -1.07 17.72 -16.75 6.66 981 0
0.15 -0.03 0.96  -3.78 -16.63 -3.85 -2.99 -0.11 0.02 0.79  35.06 7.89 -0.79 1.56 -0.14 0.06 0.64  44.46 19.54 -3.55 6.10 0.01 -0.01 1.05  0.31 9.92 9.14 0.30 982 386
0.22 -0.03 0.92  -2.89 -1.29 3.42 -1.97 -0.09 -0.03 0.88  29.58 17.18 3.04 -1.65 -0.06 0.06 0.69  32.62 45.17 4.53 5.19 -0.00 -0.04 0.97  -1.34 28.94 8.05 -2.22 942 673
0.24 -0.07 0.90  -48.01 -3.77 11.41 -4.69 -0.02 -0.02 0.76  66.37 30.62 14.25 -1.36 -0.08 0.06 0.69  2.19 42.42 15.09 5.64 -0.10 0.03 0.86  14.89 37.71 2.16 1.85 0 877
0.63 -0.37 1.33  -117.15 -17.92 34.33 -16.04 -0.17 0.04 0.38  108.89 -15.49 39.29 5.38 -0.05 0.24 0.46  -86.57 -12.94 2.32 28.15 -0.08 0.03 1.07  23.95 -5.10 33.77 1.60 0 0
0.16 -0.25 0.86  149.52 -2.64 -61.16 -17.88 -0.02 -0.09 0.38  -157.79 -2.61 -12.95 -12.21 0.15 -0.02 0.80  -51.84 -33.57 -2.69 1.22 -0.11 -0.01 0.96  2.65 -16.93 -11.81 -0.16 0 0
0.15 -0.17 0.80  57.63 10.95 -29.73 -13.85 0.10 -0.06 0.72  -115.45 -6.47 -6.94 -6.11 0.16 -0.11 0.88  -8.59 -45.06 -16.76 -7.20 -0.12 0.03 0.91  3.29 -22.35 -10.39 1.74 0 0
-0.10 -0.05 0.82  -80.47 18.08 -42.83 -4.60 0.28 -0.05 0.96  28.84 -46.96 -6.43 -3.70 0.09 -0.12 0.83  44.67 -33.07 -19.88 -8.77 -0.15 0.03 0.83  -7.47 -28.66 -1.04 2.09 962 0
0.13 -0.03 0.97  1.96 20.95 7.00 -2.30 -0.13 0.01 0.95  35.06 -20.21 -14.76 0.25 -0.28 0.06 0.66  47.49 -14.74 -11.66 4.07 -0.05 0.03 1.05  -15.07 -38.73 -28.41 1.78 981 0
0.03 -0.00 0.99  0.84 -5.75 -0.46 -0.32 -0.02 0.02 0.84  13.22 9.33 -6.34 1.23 -0.08 0.07 0.65  25.03 23.36 -3.32 6.21 0.05 0.04 1.03  1.83 -2.10 2.12 2.13 982 358
0.08 -0.01 0.98  -4.37 -10.94 -5.11 -0.91 -0.01 0.00 0.86  12.06 15.01 4.59 0.27 -0.01 0.06 0.67  19.42 13.92 2.42 5.48 0.04 0.01 0.98  -17.05 8.28 1.48 0.77 982 398
0.15 -0.01 0.97  -6.04 -8.34 -0.31 -0.71 -0.01 -0.04 0.87  44.87 12.14 18.50 -2.49 -0.10 0.08 0.71  -0.34 11.08 4.53 7.05 -0.08 0.06 1.00  12.84 -1.24 8.00 3.53 951 273
0.03 0.24 1.17  -17.27 29.11 5.67 11.39 0.15 0.03 0.60  54.21 -20.69 17.24 2.82 0.02 0.08 0.47  -51.89 -54.65 12.92 10.03 -0.18 0.02 1.05  9.48 -17.01 -12.10 1.71 0 0
0.23 -0.10 0.87  8.44 31.32 -73.79 -5.06 0.01 -0.04 0.58  -62.98 -56.82 30.66 -3.59 0.07 0.09 0.83  -22.54 -52.94 4.16 7.11 -0.14 -0.02 1.03  1.70 -34.75 -19.39 -0.96 0 0
0.29 -0.06 0.90  1.49 36.83 -82.25 -4.11 -0.00 -0.00 0.74  -43.75 -79.81 15.91 -0.62 -0.00 0.08 0.81  -9.14 -57.96 -11.91 6.59 -0.13 0.03 0.98  -0.51 -48.50 -18.84 1.71 0 0
0.19 -0.07 0.90  -35.92 45.04 -110.73 -4.88 0.08 -0.04 0.76  -15.44 -120.42 5.65 -2.79 0.02 0.03 0.77  -2.24 -96.76 -21.80 2.83 -0.14 0.03 0.94  -2.29 -88.18 -29.58 2.02 0 0
0.03 -0.17 0.88  -47.09 42.17 -133.35 -11.50 0.16 -0.10 0.61  6.75 -142.89 6.34 -9.43 0.07 -0.01 0.65  15.65 -133.11 -25.38 -0.40 -0.16 -0.02 0.95  -12.33 -113.08 -35.72 -1.01 0 0
0.10 0.06 1.00  -5.51 -2.16 18.86 2.54 0.19 0.04 0.76  -2.82 16.84 -22.55 1.94 0.16 0.18 0.78  -2.67 -56.56 -22.71 12.58 0.03 0.00 1.09  0.86 -72.53 -22.55 0.02 973 0
0.19 -0.03 0.95  -5.84 28.39 10.54 -1.82 -0.03 -0.02 0.88  -11.37 -18.71 -14.74 -1.23 -0.16 0.04 0.77  21.12 -56.89 -7.71 4.29 0.00 -0.06 0.96  -10.40 -93.11 -35.65 -3.44 991 450
0.16 -0.02 0.95  -1.51 0.63 -1.77 -1.60 -0.04 -0.01 0.78  2.09 -13.70 2.75 -0.56 -0.15 0.06 0.60  9.26 -60.97 -1.42 6.20 0.10 0.05 0.99  -3.24 -85.91 -37.81 2.42 982 786
0.15 -0.03 0.95  2.89 3.83 0.27 -1.87 0.03 -0.01 0.79  -3.42 -13.31 8.91 -0.90 -0.04 0.06 0.61  -1.17 -38.50 7.43 6.26 0.14 -0.03 1.02  -9.56 -38.18 -26.49 -1.53 982 674
0.42 -0.00 0.95  12.42 70.73 3.25 -0.26 -0.06 -0.04 1.03  40.51 -45.39 21.88 -2.48 -0.14 0.10 0.94  -26.92 -75.57 22.43 6.63 -0.08 -0.08 1.02  5.47 -26.91 -14.43 -4.37 910 0
0.59 0.24 0.94  -15.45 34.87 -126.73 13.97 -0.32 0.03 0.70  -19.45 -115.57 12.95 2.35 0.06 0.07 0.71  -76.03 -124.84 -23.30 6.33 -0.16 -0.01 0.95  14.34 -67.64 -30.40 -1.02 0 0
0.19 -0.01 0.74  -52.73 11.71 -102.90 0.85 0.03 -0.16 0.58  -95.46 -70.66 -2.12 -15.47 0.12 -0.20 0.86  -10.73 -66.70 -35.29 -12.25 -0.06 0.02 0.84  14.93 -54.76 -12.61 1.12 0 0
-0.07 -0.28 0.81  -58.19 27.85 6.24 -19.27 0.13 -0.08 0.94  13.33 -26.34 -2.75 -6.67 0.13 -0.05 1.01  36.20 -17.49 -18.90 -3.93 -0.06 0.08 0.82  -3.37 -24.56 -14.44 6.02 0 0
0.16 -0.06 0.95  -2.76 11.39 -2.09 -5.31 0.06 0.00 0.71  42.90 3.32 -4.23 -0.41 -0.25 0.08 0.56  58.20 48.47 -3.91 7.92 -0.21 0.04 1.06  -11.77 -7.76 -10.39 2.81 989 0
0.06 -0.03 0.98  3.95 -2.97 0.08 -2.37 0.01 0.01 0.74  21.19 19.69 1.92 0.94 -0.05 0.04 0.60  41.56 68.85 2.74 4.79 0.04 0.03 0.98  -3.40 17.23 20.22 1.90 983 0
0.12 -0.00 0.98  -13.95 -6.86 5.57 -0.35 -0.03 0.01 0.73  42.57 23.89 8.85 1.05 -0.11 0.07 0.63  30.21 43.84 13.18 6.65 -0.01 0.03 0.90  -3.66 31.08 1.10 2.02 765 0
0.21 -0.06 1.01  -149.52 18.17 57.88 -3.68 0.03 0.12 0.91  115.40 21.24 28.85 7.85 -0.16 0.16 0.99  -33.18 25.87 16.20 10.09 -0.05 0.06 1.03  11.88 0.50 15.40 3.45 0 630
0.41 0.35 0.71  89.83 27.26 -41.48 26.05 -0.11 -0.22 0.48  -27.22 11.23 12.63 -24.11 0.09 0.11 0.60  -71.18 -70.81 -12.13 11.67 -0.16 0.00 1.06  0.04 -8.25 -17.32 0.47 0 0
0.20 -0.31 0.88  126.47 -13.18 -96.07 -16.71 0.04 -0.08 0.32  -187.96 -23.52 -12.97 -16.94 -0.08 -0.11 0.76  -35.29 -0.78 -18.84 -7.17 -0.10 -0.03 0.93  -0.75 -21.41 -7.43 -1.68 0 0
-0.19 -0.63 0.32  6.80 -9.15 52.46 -64.98 0.12 -0.21 0.78  -18.97 65.89 -23.70 -16.50 0.14 -0.00 1.08  11.85 -15.71 -20.47 -0.75 -0.02 0.05 0.86  -5.94 -21.23 -0.04 2.83 0 0
0.15 -0.04 0.95  9.16 24.11 5.69 -9.05 -0.10 -0.00 0.83  41.32 -0.08 -5.82 -1.73 -0.32 0.08 0.61  69.65 63.76 -10.87 7.57 -0.10 -0.13 1.13  -28.85 -10.47 -24.35 -6.28 990 0
0.05 -0.01 0.98  2.28 -6.80 0.07 -1.78 -0.04 -0.01 0.79  27.85 26.86 5.30 -0.82 -0.14 0.03 0.58  45.68 68.41 7.51 3.96 0.02 -0.04 0.97  -7.28 25.35 16.77 -3.20 982 0
0.08 -0.00 1.01  -32.34 -14.80 5.11 -0.45 -0.01 0.02 0.76  56.51 18.36 14.44 1.34 -0.09 0.08 0.62  29.30 36.26 18.00 7.66 -0.00 0.02 0.90  -9.14 26.93 -10.91 0.65 134 0
0.17 -0.11 1.09  -248.41 23.87 91.93 -5.80 0.07 0.43 1.04  158.48 19.70 29.90 22.81 -0.11 0.28 1.10  -81.81 -9.95 9.62 15.16 -0.09 0.03 1.15  23.74 -12.75 29.47 1.65 0 758
0.19 0.05 0.61  125.31 -21.76 -48.09 4.39 0.05 -0.37 0.29  -83.79 -11.53 -26.54 -49.52 0.11 0.09 0.58  -102.18 -37.81 -13.50 10.25 -0.07 -0.08 0.98  14.70 -17.50 -16.86 -4.20 0 0
0.05 -0.26 0.71  98.50 2.57 -87.79 -19.28 0.09 -0.18 0.28  -179.91 -25.88 -8.83 -37.36 0.01 -0.26 0.85  6.29 -30.94 -22.04 -16.08 -0.15 0.04 0.85  3.48 -18.65 -5.61 2.46 0 0
0.92 -0.49 0.88  -49.66 39.68 82.79 -30.99 -0.31 0.43 1.21  39.86 47.15 -3.16 15.83 0.07 0.36 1.31  42.10 -4.83 -15.94 13.87 0.02 0.17 1.02  -8.29 -12.77 -11.98 9.44 978 0
0.05 -0.02 0.99  6.34 16.53 4.34 -3.97 -0.08 0.02 0.74  34.70 -9.88 -3.12 2.90 -0.13 0.05 0.65  63.55 1.06 -7.74 6.05 0.03 -0.05 1.07  -18.41 -8.01 -6.31 -1.81 982 735
0.05 0.01 1.01  -8.46 -5.73 5.68 0.28 -0.05 -0.02 0.87  39.80 8.33 3.76 -0.94 -0.04 0.11 0.78  31.74 41.64 7.84 8.59 0.05 -0.07 0.98  0.26 25.23 8.16 -4.10 778 925
0.05 -0.10 0.96  -79.82 9.97 24.53 -5.85 -0.04 -0.01 0.75  61.57 26.43 12.08 -0.78 -0.12 0.08 0.74  18.85 37.33 21.48 7.03 -0.09 0.06 0.87  -10.95 31.28 -3.38 3.62 0 978
0.26 -0.32 1.34  -32.39 -22.72 109.57 -14.12 -0.25 -0.01 0.35  97.70 -32.71 18.99 -2.07 -0.19 0.38 0.25  -77.75 1.51 -6.25 57.11 -0.10 0.08 1.16  29.09 -23.08 22.91 4.21 0 0
-0.03 -0.40 0.86  167.95 -59.85 -69.84 -26.03 -0.01 -0.11 0.29  -161.74 1.24 -27.53 -20.97 0.24 -0.01 0.79  -77.99 -10.24 -11.07 5.06 -0.10 -0.04 1.03  -1.44 -17.78 -10.79 -1.59 0 0
-0.05 -0.61 0.84  70.14 -11.82 -67.44 -38.84 0.08 -0.12 0.49  -105.53 -20.55 -1.70 -16.38 0.06 -0.07 0.90  17.34 -25.03 -17.95 -4.03 -0.09 0.06 0.91  -7.04 -19.92 -4.34 3.75 0 0
0.30 -0.22 1.06  -26.77 77.86 55.92 -15.81 -0.07 0.04 0.82  56.83 -23.34 -8.34 1.24 -0.07 -0.16 0.73  40.69 16.64 -25.36 -12.64 -0.18 -0.02 0.99  6.61 7.16 -13.51 -1.01 982 0
0.02 -0.01 1.00  -0.42 -1.47 0.54 -2.11 -0.03 -0.01 0.85  26.80 10.75 -0.48 -0.42 0.01 0.06 0.73  46.73 41.69 -0.54 3.77 0.09 0.03 1.03  1.16 1.63 16.16 1.83 974 330
0.03 -0.01 1.00  -8.48 -3.92 4.69 -1.06 -0.03 -0.01 0.78  36.77 14.04 4.26 -0.61 -0.07 0.08 0.68  33.71 39.17 12.15 7.32 0.02 0.03 0.92  -11.46 29.34 -0.17 2.32 397 829
0.08 -0.02 1.10  -141.53 4.02 42.60 -1.09 0.06 0.16 0.98  115.63 29.61 14.92 9.13 -0.12 0.21 1.00  -32.27 21.39 14.23 12.71 -0.09 0.10 1.09  6.16 8.62 14.59 5.21 0 935
0.26 0.19 0.72  98.57 14.34 -20.10 14.74 -0.11 -0.20 0.38  -43.66 17.14 2.71 -27.53 0.01 0.11 0.68  -83.44 -30.87 -3.74 10.31 -0.25 -0.03 1.06  0.15 -0.82 -14.77 -1.24 0 0
0.08 -0.24 0.85  84.13 36.86 -93.42 -14.36 0.04 -0.16 0.35  -124.62 -60.10 32.83 -27.89 -0.04 -0.06 0.77  -18.37 -48.91 -25.42 -3.68 -0.10 -0.03 0.95  5.10 -51.66 -19.29 -2.05 0 0
0.06 -0.53 0.77  -19.05 10.48 -67.84 -35.73 0.11 -0.09 0.67  -55.96 -45.12 4.76 -10.76 0.07 -0.01 0.97  4.36 -24.30 -17.91 -1.14 -0.11 0.03 0.93  -4.60 -37.00 -6.84 1.43 0 0
0.00 -0.11 1.02  -2.75 21.06 13.21 -9.70 0.21 0.00 0.98  28.19 -2.57 -19.61 -0.80 0.09 0.25 1.08  32.37 -9.03 -28.05 12.88 0.01 0.09 1.08  -10.08 -26.56 -19.86 5.16 950 0
0.11 -0.03 0.96  1.27 2.77 0.96 -3.05 -0.03 -0.00 0.94  18.18 -21.30 -19.79 -0.16 -0.10 0.07 0.75  28.92 -39.48 -16.82 7.03 -0.04 -0.04 1.05  -13.01 -57.82 -12.66 -1.87 966 464
0.11 -0.04 0.96  0.66 0.93 -1.44 -2.90 -0.06 -0.01 0.87  10.86 -9.56 -6.57 -0.63 -0.11 0.07 0.68  16.94 -58.14 -10.35 6.40 0.02 -0.04 1.02  -9.26 -79.43 -19.38 -2.36 973 249
0.10 -0.05 0.95  -5.85 2.92 -1.53 -3.58 -0.07 -0.01 0.81  14.68 -23.08 3.28 -0.58 -0.16 0.06 0.62  10.40 -76.30 -3.54 6.47 0.08 0.01 1.01  -0.63 -82.78 -39.80 0.17 930 0
0.08 -0.06 0.96  -4.22 2.56 -4.50 -4.09 0.05 -0.02 0.74  6.02 -16.63 3.48 -1.23 -0.03 0.08 0.57  -12.76 -50.88 4.24 9.03 0.15 0.02 1.07  -0.20 -45.62 -28.40 0.83 822 0
0.15 -0.08 0.93  -14.46 13.04 -1.14 -5.44 -0.11 -0.01 0.81  1.65 0.16 0.35 -0.93 -0.09 0.05 0.80  -33.60 -25.98 14.19 4.29 0.00 -0.05 1.02  -1.33 -9.18 -10.46 -2.56 0 55
0.44 -0.35 0.80  -6.40 75.29 -82.53 -24.31 -0.25 -0.14 0.54  13.06 -70.47 36.08 -14.92 -0.21 -0.04 0.83  -18.82 -69.17 -2.53 -2.60 -0.23 0.04 0.94  -1.55 -61.89 -31.63 2.19 0 0
0.12 -0.01 0.90  -40.11 135.76 -251.18 -2.78 -0.01 -0.02 0.66  -26.85 -249.83 59.81 -3.60 0.22 0.01 0.77  -10.52 -156.46 -47.98 0.41 -0.13 0.04 0.89  12.14 -103.16 -31.54 2.91 0 0
0.05 -0.28 0.80  -60.04 71.51 -181.84 -19.74 0.14 -0.07 0.66  -20.87 -172.26 28.84 -6.42 0.10 0.05 0.79  16.52 -112.44 -22.29 3.70 -0.09 0.05 0.93  -5.00 -85.69 -29.54 3.39 0 0
0.38 -0.04 0.90  21.26 -25.09 -9.74 -4.43 -0.04 0.03 0.83  -0.75 37.79 -15.51 1.37 0.01 0.13 0.76  30.33 -24.13 -12.32 9.83 -0.05 0.02 1.04  -6.90 -48.75 -13.13 1.70 909 0
0.13 -0.01 0.97  5.58 24.85 1.92 -0.78 0.09 0.02 0.84  -4.92 -39.75 -14.70 1.23 -0.08 0.08 0.69  16.15 -21.44 -14.23 7.59 0.03 0.01 1.02  -5.53 -37.88 -8.74 0.83 982 0
0.15 -0.01 0.96  0.72 7.90 0.44 -0.83 -0.01 -0.00 0.86  1.09 -18.64 -7.18 0.10 -0.08 0.07 0.67  2.14 -32.23 -5.66 6.80 0.06 -0.04 1.02  -7.92 -35.39 -15.84 -2.00 990 0
0.11 -0.01 0.98  1.25 5.28 3.27 -0.73 0.03 -0.00 0.84  1.13 4.54 0.01 -0.09 -0.02 0.05 0.66  -1.92 -4.69 -0.11 5.35 -0.01 0.02 1.00  5.44 -4.43 -6.79 0.97 983 0
0.11 -0.01 0.97  0.00 1.57 2.17 -0.83 0.03 -0.00 0.84  0.93 14.04 2.53 -0.14 -0.04 0.06 0.66  -0.65 7.09 1.59 5.60 -0.03 -0.03 1.02  2.84 9.62 -2.06 -1.47 982 0
0.09 -0.01 0.98  0.89 1.16 0.54 -0.85 0.05 -0.00 0.84  0.35 3.56 1.47 -0.13 -0.02 0.05 0.66  1.20 3.35 2.18 4.95 -0.08 -0.00 1.02  2.11 2.42 -3.64 -0.37 978 0
0.10 -0.01 0.98  2.57 0.71 0.21 -0.41 0.05 -0.00 0.84  -0.05 2.02 0.40 -0.08 -0.03 0.05 0.66  2.24 -0.89 -0.47 5.21 -0.08 0.01 1.01  -2.77 -2.56 -1.88 0.43 980 0
0.09 -0.00 0.99  -0.13 3.59 1.11 -0.23 0.07 -0.00 0.83  1.61 -2.60 0.42 -0.17 0.01 0.06 0.65  1.22 -2.18 0.92 5.41 -0.05 -0.00 1.01  1.94 -7.37 -4.36 -0.06 978 0
0.09 -0.00 0.98  -0.06 -0.99 -0.69 -0.18 0.06 -0.00 0.82  0.18 2.11 0.02 -0.23 -0.01 0.06 0.64  0.55 0.95 -0.25 5.57 -0.06 -0.00 1.03  -2.14 -0.09 -1.28 -0.13 977 0
0.10 -0.00 0.98  -0.54 -2.26 -0.85 -0.08 0.07 0.00 0.82  -0.52 2.40 -0.48 0.05 -0.01 0.06 0.65  -0.79 2.12 -0.83 5.62 -0.06 -0.00 1.02  -2.72 2.30 -0.75 -0.07 978 0
0.10 -0.01 0.98  -0.56 -0.78 -0.34 -0.33 0.07 -0.00 0.83  -2.10 -0.22 -0.35 -0.09 -0.00 0.06 0.65  -2.02 3.82 -0.07 5.95 -0.05 -0.01 1.05  0.53 4.41 0.79 -0.77 977 0
0.09 -0.01 0.98  0.81 0.52 -0.41 -0.35 0.09 0.01 0.83  -7.25 11.20 0.62 0.48 -0.01 0.05 0.63  -2.20 8.70 -3.65 5.19 -0.06 0.04 1.01  -9.14 -0.59 6.34 1.97 978 0
0.10 -0.01 0.98  -1.43 0.06 0.03 -0.44 0.09 -0.01 0.90  -3.52 1.56 -1.00 -0.29 0.03 0.05 0.72  -1.31 4.89 -1.06 4.87 -0.04 -0.01 1.01  -2.46 -0.33 0.38 -0.45 978 0
0.10 -0.01 0.98  -0.27 0.13 -0.21 -0.40 0.08 -0.00 0.90  -0.64 0.10 -0.80 -0.24 0.01 0.06 0.70  -0.26 1.52 -0.38 5.30 -0.03 -0.03 1.05  0.95 1.55 -1.36 -1.45 978 0
0.10 -0.00 0.98  0.01 0.31 -0.26 -0.29 0.09 0.00 0.88  -0.93 0.69 -0.89 0.14 0.00 0.06 0.67  -1.84 2.08 -1.09 5.30 -0.03 -0.00 1.04  -0.56 1.82 -0.27 -0.24 978 0
0.10 -0.01 0.98  -0.85 -0.07 -0.20 -0.49 0.09 -0.00 0.89  -0.75 1.25 -0.83 -0.06 0.01 0.06 0.70  -1.11 1.37 -0.91 5.06 -0.03 -0.01 1.03  0.44 1.06 -1.36 -0.31 977 0
0.10 -0.01 0.98  -1.02 0.05 -0.18 -0.52 0.09 0.00 0.89  -0.01 0.23 -0.69 0.03 0.01 0.05 0.69  -0.34 1.74 -0.65 5.02 -0.03 -0.01 1.03  0.81 0.43 -1.89 -0.32 977 0
0.10 -0.02 0.97  -2.14 -0.01 -0.14 -1.23 0.09 -0.00 0.89  -0.46 0.85 -0.83 -0.07 0.01 0.06 0.69  -0.92 1.98 -0.86 5.13 -0.03 -0.01 1.04  0.34 1.31 -1.59 -0.58 974 513
0.10 -0.02 0.98  2.55 0.61 -0.11 -1.11 0.10 -0.00 0.90  -0.56 0.79 -1.02 -0.10 0.02 0.06 0.70  -1.36 1.57 -1.13 5.27 -0.04 -0.01 1.04  0.95 1.50 -1.25 -0.81 974 153
0.10 -0.01 0.98  1.14 0.19 -0.51 -0.64 0.09 -0.00 0.90  -1.05 0.94 -1.50 -0.04 0.01 0.06 0.70  -0.60 0.97 -1.55 5.05 -0.04 -0.00 1.03  -1.00 1.19 -1.33 -0.13 974 0
